-28.93032411
39.77755356
18.63052956
-5.36800382
-37.51261276
8.48855417
-8.21547661
-9.48715919
-34.77741461
-16.07764460
53.60815422
-0.60844431
7.03628215
13.81668613
-8.73032696
9.04983346
-24.92976920
-19.66471520
37.23090582
77.28119410
16.99527220
38.38923919
-10.99419512
1.97571729
-55.35997823
-17.74349306
86.37322002
35.32841754
10.72104747
-2.33366874
6.41021726
-48.17355297
5.64682321
6.97216034
3.41346975
16.83500726
15.52214531
0.97745356
30.74535365
10.05070839
-0.86093226
0.00000000
53.80094426
0.27819931
32.27578980
1.73889653
-5.11822654
-5.38341480
-8.97464538
-6.90168462
17.14039242
41.38949759
-8.91493337
-6.62760588
-0.18684843
-87.19618089
2.28078680
45.03109185
36.05461797
27.20238302
16.86087821
13.93472866
-32.19172346
-5.89654792
-11.53509723
-1.53543840
-22.88928203
-11.13421227
-21.50962144
-13.14387323
11.82035324
-21.82655529
13.35904672
-6.61007509
9.59789986
-23.87377764
85.94972461
18.14434068
22.49857531
-18.34820557
5.69207621
8.81199703
-6.73871843
-42.51668229
-13.07978265
56.96308277
-9.65280983
-30.85826975
-16.53753689
-10.93416134
4.08765881
-13.61152647
-17.90776058
45.20423777
79.14336396
32.73292413
44.98233129
-6.15719130
-26.73203610
-53.46726152
1.50317858
12.40604194
19.78813372
26.63981926
-0.57297479
18.53433834
-18.13306702
7.95772467
-21.17424442
-5.61804920
3.57511005
8.62843873
-20.53809544
3.90956398
-25.85373926
-0.87089925
0.00000000
57.64125404
-2.00409103
16.28822881
9.15609761
7.41505416
-23.63236966
3.45247562
-1.36511205
10.99108583
55.71544567
-20.46058310
-1.35154667
-6.09589735
-24.02747233
3.29821697
40.29462640
56.57278580
23.25936920
23.64569319
20.37313513
-2.59952898
9.58783563
-23.10158757
6.61894338
-17.58506723
-0.48040667
-8.11341418
-4.04414854
-1.59078417
-21.67388594
-3.90278725
-11.97300351
7.06495683
