9.99824849
51.08152262
-59.80638684
-26.63437373
-29.44451409
8.26102509
-33.13928038
-32.81014043
13.37322930
32.77797322
29.44910285
14.04752637
4.02317386
29.50510928
-9.83871868
-38.86553432
11.00288035
26.42002095
48.39724578
-8.56984217
16.69738885
22.90982142
16.62672070
67.22607298
27.72509310
2.43779442
62.63838223
-50.44390979
-47.97526973
6.67182144
40.95642331
66.22041779
7.21475546
27.34404542
29.40198835
33.62417837
46.68262310
55.83402866
34.47585023
22.62096595
17.39102927
0.00000000
33.75625179
20.32537463
30.34878650
-20.30601315
-14.83853323
28.58115830
21.15436283
-1.69628704
26.58918575
41.14269570
8.76799991
2.32683984
-33.25986249
-6.45309194
3.38249268
36.69934160
22.89731856
61.19284150
41.85669490
12.69600203
46.08978541
59.79633347
42.50699299
15.87172854
20.76295583
-11.78503003
4.61355966
-29.09937120
62.00027293
14.16524523
47.49856712
36.25604976
-0.57051025
-3.80105237
31.61386334
-50.59481705
2.68812676
18.23912702
29.55375119
-23.78635544
-24.96839188
11.84280783
35.23960673
40.28104463
3.06099869
47.21603825
29.56543662
-15.81662188
-22.32908322
22.49956767
30.86259592
35.23932654
39.44711941
19.87756007
31.54301940
40.30111756
81.73901540
33.73016904
-12.98576028
41.97331787
-22.02309007
-31.55312105
20.20509748
37.92325278
65.04069613
53.02906345
36.59726378
37.03953710
49.90459745
48.47573093
72.23502126
0.02586827
-18.28566398
10.54175768
0.00000000
27.80000587
45.83207702
29.26294334
-24.18552588
-2.67018167
36.18071583
47.97158897
-7.68050089
33.40819431
15.95494393
-0.07246595
19.68239637
-7.97345371
27.02965423
0.09613521
26.94526773
10.42823486
31.54186722
26.53598698
28.94846430
3.59733119
41.29728521
66.77144000
15.22198738
3.31596546
-26.57375862
-8.80200530
-21.68814632
51.85954530
4.62416778
58.26382133
50.11374866
53.28970558
