-7.84304697
-26.07582683
21.87119511
-14.59121987
-36.59122207
-10.65241326
4.24014225
10.50452387
-1.00798417
22.35074946
1.00050315
20.82628347
24.00168449
14.73412692
18.90284466
14.71277331
9.06483543
11.83711315
-29.05293850
1.07110204
-20.91674071
-1.21054480
-3.72565648
-22.01873001
-46.43746619
-35.02427547
50.40802636
-17.85336652
-15.19299927
5.42553661
-25.81717712
23.69905339
-5.93392877
-37.16991388
-24.36018033
-56.12128477
-39.26495182
-50.43086768
0.69569745
27.31288076
-13.22456088
0.00000000
-23.41707588
-7.31052200
0.74078998
-13.82343725
0.00284871
17.00503039
-6.77501542
9.20658464
-18.81782059
-2.15971640
-4.04856571
3.50506499
3.87251273
-14.74880402
0.58892616
0.69836746
0.65386846
-11.85207400
-28.03861112
-7.48280612
3.28875947
-9.58732860
-13.98712621
5.58769213
9.69767687
-9.19109499
-0.03664102
-4.75526854
-38.15671747
6.26173910
-28.99294789
-31.86446107
-13.88921883
-7.65396819
-17.30462215
25.05820521
10.41347785
16.69923895
18.22612719
23.08027704
17.44010236
9.01280479
19.24761103
-8.36450443
48.18086416
42.19478075
50.89145467
43.95205807
28.65262529
37.64210157
33.74321492
38.13949428
11.63454514
7.08227057
4.74838297
14.36763807
-1.07293347
36.91686458
24.65709436
43.36016387
16.27278534
18.42298560
17.90433143
-30.78806197
-12.77693212
28.15613556
40.27317552
26.29628624
41.05512060
-4.31672937
28.86127415
33.23731666
42.94033265
25.05647964
0.00000000
7.65212323
9.15825994
9.12234818
4.97690373
18.36039766
5.38275003
25.73778458
20.31068744
-8.12525262
22.04842510
31.26098741
19.09289502
14.80055138
41.21107321
21.53897302
22.43950613
30.01865351
40.84199951
12.36643741
3.90922289
26.49950334
-2.83989446
11.16017739
16.36224803
16.77077416
20.00359114
39.30231957
18.91192091
-13.32559638
14.80716429
14.47289899
39.36903656
17.16556858
