-35.61165958
19.69258352
-7.08943834
41.42201864
-88.88240350
-16.04809310
8.33802440
1.23613887
-13.06763369
13.64901373
38.03846328
19.30959202
-23.72020619
-23.24336453
-55.43066249
-48.77797961
24.84489551
18.04598439
39.18235896
26.79756960
21.53585229
14.09064167
14.55541550
-21.47941648
-32.37331677
46.99278383
-2.11369719
20.90307859
20.62858191
-7.02228364
5.66948968
22.47553389
53.21402736
62.95751434
57.32015318
57.30023811
11.41708909
37.02239054
19.31076221
6.43182512
29.29039146
0.00000000
37.78696703
37.31010832
19.78952684
26.69521154
2.67699696
-4.20868016
40.30982867
28.73290966
8.96192158
6.70343042
-46.49802749
-46.20320838
-33.05071348
-41.29791171
-14.30892434
14.03163293
21.77858583
39.19431285
9.27741057
17.50887143
-3.46494415
-2.33114694
-5.09555763
8.11552256
2.17003900
6.04565730
-1.01996788
4.92173889
30.85135829
-24.43543433
11.08913098
5.51756225
29.03839306
-79.60123413
23.35485572
-29.89619309
-20.09265624
-109.07507156
-59.26221393
-23.68716642
-17.08988883
-11.87675804
0.28074871
34.35739510
-31.86390568
-67.42223511
-53.61114101
-90.52655286
-59.11701396
11.21138664
9.56977357
-27.01393544
36.97144919
-4.74727523
4.90019647
7.09598878
-27.04415926
-85.61744290
-28.78493776
-12.66494763
-46.45714737
-38.48751934
-13.10618935
-6.88172233
17.84285191
-30.26911166
-35.85048218
-5.16699083
-21.91379793
-27.34871590
-56.62465445
-43.92627136
-46.81007666
-9.97521329
0.00000000
-18.81990871
-1.44480116
4.36468753
-27.10405360
-2.79156102
-32.90807071
-3.14484355
-17.96354009
-2.35705710
-30.01948130
-47.79808035
-87.34101694
-48.70404724
-33.89037054
-24.59160687
-27.45016019
2.92439044
-7.21828298
-23.04909464
1.87846155
-61.38939530
0.48558715
-22.00192840
-6.19422219
-18.30732392
-25.47875512
-39.46987545
-31.78918227
-41.67557215
-15.93140833
-46.31509247
-33.47330639
-31.15422068
