29.39797864
-4.41036990
-11.19664991
-19.46787805
22.17705806
7.78745771
7.18351630
4.12389537
25.97289996
29.98601803
44.55472026
-12.64328306
-27.01410417
24.06342906
21.40493548
4.27784343
23.49740724
14.31474636
-1.20436303
27.60925300
-0.13056474
12.11538367
21.29857256
32.50482814
41.76006291
29.88363860
22.14166748
21.48108317
12.99681559
22.27065518
3.33979528
20.48096057
-5.27647456
42.05221528
23.32685360
31.08625587
12.90015616
27.09222434
21.36392315
-3.81112264
12.37149441
0.00000000
4.49846344
7.11575566
29.86445439
15.80973663
17.37492679
12.12018632
24.78123007
10.05852279
9.80446424
1.85524323
12.13803046
23.09996869
12.44341622
75.63121067
12.67806581
7.54437262
-9.01249671
-25.40851694
-0.67289364
5.61481473
23.58223484
17.65058121
23.55685132
12.08308544
36.20140117
17.20925420
0.30076204
3.04002976
26.64794704
20.14803686
14.42112315
21.24602202
-1.68166269
33.31367443
13.20061955
-13.57932948
39.14759450
46.97488121
25.21958323
6.22848082
13.36642366
34.29328599
36.80478096
47.79469588
-12.06583711
9.97894971
-2.88485772
22.79082330
6.28094765
17.42726577
16.28530711
-47.66789840
42.22179026
5.14709158
31.35601793
11.60450963
31.66591126
12.66456038
19.88948810
143.37254251
25.95386433
19.79197292
18.46159040
1.61447604
1.82100344
30.11699697
37.38316100
14.17667494
38.41461688
19.92611751
26.32537044
-17.32006419
-29.09643251
9.86292144
0.00000000
-1.85780615
11.98710421
22.85371432
17.62730489
12.69037723
10.16940356
29.94459165
6.87058489
11.80714060
7.60420302
-0.69692215
48.65159411
17.81232235
60.98982995
13.14238708
-10.36593898
-3.59795106
-29.10432148
-2.58668392
3.78151061
21.15036108
2.29368511
20.38287278
-3.90237187
23.79021652
12.52037380
-1.36062445
0.48383694
9.41249313
11.77269952
24.46565000
10.57939674
30.75283535
