-33.73396745
-21.13185043
-51.84326135
-25.04856985
15.33071328
-29.78838388
-16.43448519
-9.07666743
-56.56720619
-32.73016467
-31.28519156
-48.88425696
-63.22443679
-61.72291339
-72.53806645
-51.01649371
-16.25444832
-20.53895981
-100.53081559
-88.97038402
-27.08603917
-27.26053397
-22.36680370
-19.97371029
-110.54557825
-30.13773853
-135.10160854
-51.29784893
-29.50724344
-103.23886563
-17.34172994
10.04633761
-37.23555714
-44.29063954
-19.79363534
-4.11980691
-7.86706232
-47.05742236
-50.19849074
-71.60994204
-31.10050173
0.00000000
-16.92186975
-18.10001929
-27.91108378
-22.34232235
-29.10061508
-39.52492469
-21.06354163
-13.51972213
-13.59734346
-29.87650952
-40.65756408
-17.73022600
-37.35110203
-108.33517422
-55.04047277
-64.16708486
-67.03994003
-61.41808850
-23.56439552
-10.55943926
-7.10464528
-7.99866071
-27.63689305
-48.38961394
-26.67769279
-18.85776128
-23.08587388
-8.80586938
-38.59949612
-75.72927489
-23.51211503
-56.98965657
-49.97229218
-42.96112053
-16.03024505
-41.82073464
-41.67098625
-62.89064620
-43.62974387
-6.60637113
-6.96339897
-29.48657217
-38.43428619
-31.28153246
-43.07444382
-56.40855652
-73.71079174
-53.88925250
-52.09750572
-16.45928614
-8.50696819
-79.13634272
-102.99014111
-36.86050276
-16.65783501
-14.27787112
-35.09284479
-102.69678855
-22.17887330
-79.00945681
-32.65648387
-28.31214151
-73.81090108
-18.95629113
13.61414102
-31.19782196
-36.64384406
-15.95222589
-44.41290487
-32.57673159
-52.02039078
-62.24884714
-67.72663155
-32.12839438
0.00000000
-51.08707767
-22.16269665
-32.38582269
-10.33783461
-26.14900723
-14.58641157
-26.39193962
-13.64137557
0.88054652
-32.98102513
-55.45713178
-38.16851476
-37.45960144
-35.57302383
-62.21994901
-31.92028406
-69.03668982
-76.98380774
-20.33268050
-19.17032862
-32.67596328
-14.48795521
-22.49976356
-39.30330805
-18.61479621
-12.22014049
-28.81107292
-16.18103979
-52.08933449
-30.15471147
-42.98202658
-70.92139645
-22.35946965
