46.62488028
-2.72295899
-65.78418430
-26.15786356
97.61893513
-21.47443165
-29.89792257
-32.93294364
-9.54768202
-8.70951254
-36.74260943
-24.02208105
11.03358383
-25.16736120
-46.78009409
-30.02019448
-13.86583796
-7.54832661
-47.78857291
-67.33948724
-9.13432951
-2.22841024
3.15981683
42.50176837
-20.67943492
-43.86683085
-83.26327358
-75.35945148
-75.37170543
-45.10201731
38.51910718
4.66858694
-11.88667812
-3.74447028
15.66780294
-13.98234431
-4.17371022
1.37399065
-36.75858378
-15.88201898
-31.38148441
0.00000000
-15.50034824
6.51563856
-21.24374045
-41.95279306
-31.68977943
4.87009046
2.20088097
-19.98312343
17.11428284
0.45663716
-42.00915842
-10.41687723
-24.47976244
32.87018467
-61.26642942
-60.69635427
-54.83067312
-32.91549578
-27.00452198
-13.91911314
14.73782925
8.82459864
-5.92789274
-54.71966777
-21.76885317
-38.03318962
-42.81411858
-47.24071327
13.54132795
-5.99513880
-5.27069580
2.30640497
-18.09538892
9.35115672
22.82256978
-50.93365069
-44.17154431
-6.67498878
-11.30941605
-36.07663980
-23.99429093
-19.75048140
-13.34264087
-25.50473882
-12.30429399
22.93772283
14.95911329
-34.05063377
-15.61233153
15.71351199
11.09066117
-43.36394089
-58.58481132
-13.05850931
0.95623561
13.16809586
26.46357154
-12.43126227
-47.14162518
-90.51035528
-24.40507314
-38.31777509
-49.28776303
32.53699510
2.03819595
19.61778279
-27.91933141
31.96009043
-27.92693360
-5.46264803
4.24739415
-20.28441702
-2.16053491
-9.64945257
0.00000000
4.06381827
27.96888595
-16.66250701
-29.52301618
-28.22271082
-6.73464160
16.65392167
-16.55384650
9.86299380
-3.35966596
-35.40997176
-27.51088190
-15.02143078
-24.67704434
-55.31447405
-38.62470011
-52.46143027
-33.06219853
-27.43523746
-2.64331656
-26.06696690
23.71982694
8.66386718
-34.19109811
-16.03117041
-37.76759979
-25.21534647
-23.23266740
30.98438875
-20.84318941
18.04514755
-3.01415701
7.48566775
