41.51070923
61.50164841
-13.93251861
14.85270164
85.52026251
-10.11517952
-10.39105711
0.92821551
18.74125840
-7.57729778
28.59722137
1.01379353
-13.42949755
3.96587524
-14.96695753
-4.72407134
1.43677932
11.78685675
-10.29562828
4.56906711
23.46070074
53.47319944
5.19510145
6.91090700
25.33358677
-3.46948556
8.13621521
-43.82454003
-21.49931984
16.28344357
8.50527527
-12.03390416
26.93471576
-6.45606797
4.02783705
-22.68422090
36.34236392
20.71754127
-14.14514126
1.81283965
-5.80417406
0.00000000
47.14690339
-21.08834496
8.56125419
-4.91421186
-0.74016403
3.58773288
13.31882232
6.35488595
18.98839217
60.31013373
-5.49843473
0.75951493
-2.37080952
8.65934938
13.82117352
-24.81017952
-23.98796135
-0.52645507
-1.56687311
3.23057879
15.14501336
-23.84684167
-20.11103417
-2.74688169
-5.94934797
14.89405572
-5.12275535
-5.25512230
-13.65793468
23.95162783
17.21375859
-1.39414942
3.37140255
21.21235536
86.74675473
-14.62796431
5.54720918
10.78882935
-14.87202496
-15.69964226
-0.89198741
15.27734936
2.21802147
37.73568071
15.39392710
3.28629659
5.20791117
-18.33527976
3.65312898
26.70693484
18.28714336
10.92823282
14.95073121
0.96323300
48.85794465
14.96508862
-16.56903058
40.01152302
1.99577844
66.08454787
13.99562139
5.39628312
28.48849499
7.61553605
-55.11539904
28.93672481
-22.66163781
36.22500743
18.39370141
23.67620104
18.04689726
-4.39437305
20.32128734
11.73254573
0.00000000
62.85422896
15.50083792
4.30351344
0.56410932
16.85192944
-14.25839384
26.74633360
6.89705197
13.88207696
16.51766401
-7.46060216
-9.00732106
2.30984252
16.62207498
15.54353693
1.83476699
-13.04383374
3.44812925
-12.65231401
3.33908023
5.92182322
-1.75187014
-29.70358425
-5.83818893
5.32380235
-1.75495946
4.66346418
3.49348649
-3.66787106
22.86336780
20.92035650
22.26482604
21.75146069
