-34.26239800
29.06026238
-44.20064867
-33.49909810
-48.33658573
-25.62757944
-18.25415431
-10.65743005
-55.46760967
-33.98051989
22.15638949
-6.30639864
-52.73620839
-32.36799629
-26.86311763
-31.08413425
-24.76754685
-20.65627504
34.79296470
37.96725713
2.13186195
-0.88880745
-5.62018657
-31.24087343
-99.40309598
-22.20054017
42.46764594
2.71003398
-18.63738954
-10.33581207
-29.35475066
-42.49545379
-11.86921840
-52.51222040
-37.95375600
-39.69097443
-19.92356206
-30.56756052
-30.66627691
-11.74664955
-31.07783272
0.00000000
16.70307813
-57.17014418
-0.78682841
-30.99237038
-13.18987836
-22.69697412
-18.96113696
-21.12632899
2.72326807
17.89982240
-29.53266807
8.55087679
-33.82414984
-71.36358301
8.09409457
37.29801941
36.22481508
29.06914968
-7.64655685
11.05886450
-34.91347887
-33.08553907
-44.52378549
18.50384042
-41.94457838
-1.62428588
-23.41549502
-14.56171878
-45.45721579
-47.44273014
-11.23367643
-57.00666325
-16.69856731
-33.85776143
-13.32791956
-19.37822395
-7.56111588
-20.90849431
-14.04566375
-23.25948795
-10.88584907
-32.90023012
-24.19745188
-3.60597397
28.37534797
-2.91613415
31.33563949
2.74045237
-16.94135183
1.67143098
9.88203363
70.66303432
-10.99906371
-9.29563277
-14.20938527
-6.02346175
-25.16505876
-26.66902006
-2.88896879
169.54385694
-3.82644289
6.23567208
13.75940202
-29.54212602
-75.96192745
-3.00274860
-2.21456104
-18.37554730
8.92746784
-3.31882685
7.78752263
0.54171356
28.32449332
-15.31929189
0.00000000
-0.38005241
-27.94563522
-8.62907929
-20.67263150
6.36560671
-22.61057491
1.69494719
-1.81874276
-2.35243854
-2.87570400
-5.73864330
18.67822563
-6.07350409
-15.51281264
37.65619780
41.16564856
48.17475902
49.01096749
19.52555778
6.36391462
6.40071837
-22.87375386
-47.26216120
12.53732935
-23.46229500
-14.31750451
4.76899008
-1.87381612
-56.45382813
-16.27611501
-5.38337479
13.29509973
-5.15630688
