19.86191786
-42.34171991
-0.57456306
-0.15727043
66.53732253
11.45953844
21.66128446
22.13863550
30.31700483
26.60581777
11.68308621
-6.21037343
7.62886114
20.21449656
10.32358125
20.43337291
3.70491064
10.57536974
5.01419641
38.50399969
5.31208216
5.96305981
-10.72505403
-8.86130684
27.87404150
14.62990122
12.09525288
20.12230254
9.18890456
26.78910027
-7.58766636
-9.98557619
-12.87541973
1.97404061
-29.41148435
11.48333826
-32.78609943
-13.25830427
18.64510659
-3.69414968
14.26996862
0.00000000
-28.53246986
-37.36884964
16.34534630
3.98501607
19.06957041
15.64941391
-6.94374839
4.85142271
-13.09637375
-3.36679805
2.09627105
10.33017159
20.02811203
28.32672416
-6.15203570
6.11899322
-0.77260005
-12.61278967
-5.53296151
2.35215441
29.65927739
-24.28637070
-8.33266307
11.92551300
31.34196713
12.95127902
7.09360412
18.49313743
-13.25285054
38.05915611
-17.38593799
13.08888352
14.12813418
12.02903249
-83.86724548
14.34984335
20.81740964
12.57443407
-1.63847099
15.58804284
20.34980434
32.19626760
34.35664881
30.37636309
-0.73151825
-17.19711448
-3.96373336
0.10518273
11.64061836
-5.27118678
7.53269884
-1.94178023
39.65709875
-14.88046536
10.91915121
-22.85786515
-29.74237519
34.10234553
25.49419553
33.77788288
20.32022831
6.97100452
11.84699281
-8.19230550
-25.22076632
-26.63366667
9.53284101
-25.57244453
5.41350380
-29.01068667
-11.59558723
-15.62085576
13.97960634
10.29340240
0.00000000
-23.14710088
-30.11212629
29.17132920
11.76840876
16.24479294
-5.37455692
-15.30105185
15.65631988
-7.86994039
-0.65323595
17.35472722
-4.55441951
8.25234535
12.97043297
1.82099465
-10.76275371
6.10498178
1.27751674
-7.13221969
-7.30423383
2.03087184
-16.92422607
-34.25595838
12.96651369
26.68947265
25.66299687
2.13089349
5.76265972
-5.95417112
29.26014446
-29.02514217
10.09972013
-19.91304142
