6.41578751
39.35393375
28.44076845
-28.42523522
95.32611458
-2.98007412
-7.81637616
-10.06148042
11.95538120
-4.16633771
-16.46023561
-32.15761282
-23.92623168
-41.64436889
-14.79422902
13.78645582
-0.75373078
11.44104370
44.48339347
12.75187478
24.40218841
13.72272999
8.99692923
-14.10266180
-38.43032799
-52.65034996
136.17184081
-3.92791465
-8.51622976
18.62680921
-1.77971552
15.46304695
-12.80122776
-19.02788408
19.77399052
-27.98573032
11.58230007
-9.43682160
-70.08722556
-35.23229290
-1.87283655
0.00000000
38.76267877
37.20446635
-10.71656434
-2.82258845
-8.95509568
10.83599838
3.84058949
-16.25423969
6.40197754
42.78005894
-2.70292910
-8.44353450
10.37948294
-45.44597939
1.77201463
38.59490295
16.27226017
70.09136317
15.97329591
-2.16119801
-11.38196812
1.49556772
-16.66191343
-5.99976766
-15.56173855
-11.64821842
-5.16015948
9.76197684
-7.98937551
18.10977441
9.80417570
-8.32714048
-44.68879775
-7.79712352
19.41228889
0.14454168
-43.08294816
27.51176306
-2.62005644
-3.32033131
-12.11142850
-12.14616514
-14.52112938
-15.95950388
-3.12946274
14.32103808
2.93476347
-14.68547657
19.45861594
9.86297796
-7.03266932
77.52973912
-3.87663956
12.26454696
1.08322520
10.53512662
-7.26820128
2.93093336
-6.10660493
0.29308804
4.02975897
17.31876143
19.20547274
-7.15839002
-33.59689195
-5.78382187
-9.83074163
15.31875728
12.19120542
21.87929051
32.20201250
-1.97774272
-11.17387632
10.53213634
0.00000000
50.12003694
26.65402380
-12.27033557
3.97639214
6.70711064
-8.02145205
18.81269383
-22.80805478
-1.67091578
11.10822771
0.71904393
-14.94929079
12.17808286
-45.97362665
27.03990651
57.92562092
29.01023253
73.03970629
16.28491078
6.77343135
-20.34717178
-10.00241705
-11.12627874
-2.74845623
-15.57869253
5.72031822
16.19336432
22.75232268
-8.54279638
-4.02191520
26.16270180
8.06342275
0.83372223
