21.93078111
15.10522202
5.30222263
13.18124174
6.76981341
3.43484919
3.93841728
-7.98242734
-24.21632615
-29.31760076
-7.17608091
19.03083327
26.93378404
3.76892445
27.63191932
0.46744583
19.31390263
13.72977364
-19.88938762
-7.21171009
-4.95111831
-4.76160161
3.22340617
31.83443669
9.70733846
34.15915396
29.63909717
-1.38205867
-1.33533877
-27.03110615
7.88276569
22.59902211
23.95276016
6.14942198
4.10285792
12.23187197
54.11496167
29.16138854
2.90271544
-20.26879512
2.86685073
0.00000000
15.14528805
11.83478707
-17.36284699
0.04294726
-10.30603074
2.96349427
13.91592464
14.52803139
14.13296536
-5.70799761
10.90213573
30.71013529
8.63404887
1.11419045
6.89749278
-1.63221316
3.84037943
-15.40865803
2.11111803
0.48619781
58.85510291
20.64333765
32.65298620
-1.66893523
-17.50919894
15.46603593
11.86661588
11.55528327
13.31138957
-28.38818390
37.42754618
-1.98233712
5.98689221
28.11120297
31.73081904
-11.06854347
-24.83786963
21.05806358
16.83666325
-2.81607542
-14.34444527
-17.09853953
-26.86216040
-21.46847479
-0.07743396
39.73591132
-4.48472372
5.29676904
-0.34827612
3.62132125
7.21123836
-20.64096696
-29.69176523
-11.65079026
-33.03641388
2.84207705
30.84668229
-20.56121979
0.43742291
27.78102584
-13.26032849
-13.46836132
-16.17345113
0.04415072
17.62821506
27.18531520
15.56340782
6.37495573
29.29220501
30.17919470
12.15171286
4.38218388
-9.36431614
-14.24741866
0.00000000
2.63531176
1.58309701
-16.67720029
-10.94180719
-2.37190706
13.02351134
6.79659941
-6.93329087
-3.58647702
-29.48493488
-13.70634754
36.54954844
2.69664141
-13.39724628
-9.00913653
-15.05307539
-14.90966339
-10.12757051
-12.16290722
-5.64855109
27.62957662
3.87300558
34.67166356
-9.94513175
-17.55977196
-4.38007409
-10.65778707
1.05838356
10.45601266
-21.35285297
17.81548283
-12.96067934
33.19144952
