-3.99398617
9.12046156
-12.61787131
-17.02287266
-61.98893897
9.73172010
-6.93592721
-18.12851723
-46.92830372
-34.08299068
8.84177314
-23.22058576
-31.58327702
-49.77531555
-18.35486267
-17.81951989
1.63347425
-15.76444321
20.05776666
-12.54652729
-7.46984865
8.96323529
7.84818505
12.36053429
-73.10024142
9.23307193
19.46731716
14.88107051
3.93096774
-16.96081823
21.13290959
27.15966813
18.45431750
2.29026502
19.00397074
16.68534613
26.23820783
11.94588683
-37.78326121
-37.86698480
0.98923392
0.00000000
14.93008573
11.62737571
-0.09141936
-10.19493257
-15.07987519
-31.98917943
19.31791290
-13.70849682
20.59094637
4.72119402
-22.46530658
1.93874726
-18.00808152
-78.07324575
-2.17110109
13.74587171
-2.99187200
34.25747291
13.04586094
4.25801114
-6.74003495
29.09598447
1.24043877
-14.73282992
-31.48393414
6.67666593
-14.17406565
0.97004725
36.11107716
-34.72308548
15.59178283
-23.21433516
-8.48326905
3.98724700
24.54383040
-13.45349372
-37.25540412
-15.85239268
13.19007820
-9.00521546
-28.95849149
-38.84578453
-34.83274655
-0.47291987
-18.72615378
-12.80219077
-22.28455870
-29.68598134
-22.31169748
-1.29991164
-5.59037287
54.53255586
-22.01479842
13.86543976
-5.12451500
15.58830489
10.22700905
-63.40234067
-37.58927035
12.35753010
-23.56929449
-27.14426774
-5.37160952
9.37025208
26.51883117
2.88400133
1.71969030
-4.92314191
1.75751314
16.30224296
5.95128751
20.94889138
-12.79082559
-20.87096004
0.00000000
18.50725926
-1.96138627
-2.44600595
-43.20700949
-7.80465610
5.14478735
0.77753906
-17.43402562
8.11550366
1.53577963
-31.58462137
14.44434316
-17.06097904
-53.29306832
-3.57476575
36.88524911
-3.71712424
46.77273177
19.32712145
7.97857227
-5.81985241
20.46728132
22.83094086
-3.38059448
-27.40809898
-32.99208134
-26.78582743
-18.92648832
20.76525153
-31.88495834
0.13851157
-3.62360784
19.68481822
