9.79446640
6.21893406
-9.96041213
2.43474501
-2.09832536
-10.65870898
-1.90917097
4.37369505
7.85992670
-4.66061476
-12.36581754
-12.02137047
30.60577107
-5.63917876
15.92313257
20.48356297
-6.97354353
-9.31433345
44.88855841
4.28378325
16.29394701
-2.14846107
-12.89142740
7.91704732
78.75996999
36.66756472
-159.44582858
29.12425237
37.11118923
2.21939152
0.89627959
-4.64770480
-4.48105122
34.82560711
-11.60190290
35.88820186
8.08209326
50.54288633
-7.19029175
-26.03527783
2.85726768
0.00000000
1.83525931
-24.91972785
-0.26507634
17.69993421
-5.38141374
-3.90410462
-7.77864054
-8.78490730
-6.35713620
21.07287325
-10.73351317
-17.72627696
6.71103180
88.30149782
-0.45816639
42.00640040
24.05436954
13.89803815
18.97153713
7.52893945
19.82864880
-7.49652700
-0.19072793
-0.82480004
-3.48058638
-4.14451609
-10.46218470
8.65712608
-7.47318650
15.10506720
22.59789918
62.24339789
-6.81676732
11.52646209
-38.11199127
10.98129773
-31.25736685
23.28769125
-12.09265191
-12.46825243
-7.68386346
17.02296664
2.15927880
-15.35459891
-32.51578094
-3.15162608
-41.49663658
-2.26064597
4.20818114
-16.74218964
-27.43624279
-13.36023025
-16.18298229
10.90272213
-6.72875522
-21.48411696
-2.43373844
7.39883722
-21.33198602
-30.96729188
-0.02263070
9.57487349
-1.81551430
1.14806898
9.36944560
-25.12377178
-5.40831319
-21.45171095
-45.10121613
-11.38898089
-16.08579931
-11.16402556
-44.05922855
-12.62394501
0.00000000
-12.52348488
-28.51220746
-6.71288284
2.33651809
-13.33193070
4.21029955
-18.03374739
-22.79963066
-14.06692176
13.11369575
-1.99644609
-17.00158988
-2.89574855
5.18106470
-16.61114728
4.08326343
2.78486863
-24.61348501
8.33193022
4.14696900
-14.50448174
-7.23709350
-2.21782583
-2.91158105
-6.94131900
-10.70358115
-17.42839718
3.05618714
14.70582991
15.44143609
-19.49144630
2.98432184
-20.19619799
