-31.25751463
24.13505333
-34.52549617
28.11361735
-72.03841042
-17.53070760
-29.89938729
-32.16792143
6.33447516
39.42890582
41.22407822
7.08564388
-33.12840729
-1.72292312
-100.48963915
-74.79529871
20.80415393
20.59275727
32.82404346
9.45587709
16.58738766
18.02837240
27.28962883
28.89382724
-2.57098207
15.63616596
36.00386638
-21.39663360
-37.51166286
28.54566184
44.85160938
25.72258268
58.79898925
59.56313057
66.31933787
46.59533069
17.39150153
41.50566001
32.77898085
24.94529072
28.81310337
0.00000000
48.81254753
81.97243519
28.80140056
-2.00250159
-9.24734999
3.59834570
38.19783977
14.88244042
29.70300585
-8.31661312
-57.10106250
-80.78075168
-53.31750787
-46.73107402
-18.06404755
-14.72284225
4.67194927
34.84917095
11.51293966
11.77948921
1.57088836
46.64097502
38.27628939
16.04608546
6.14878012
-19.00201511
-24.04436940
-32.11468837
91.27315978
3.47710208
21.08435679
17.86536070
52.24123571
-68.70885558
11.68976838
-37.33243789
15.20259497
-135.37696391
-48.28967847
-47.45697211
-32.40581696
-4.42748870
27.94896575
41.59612291
-26.79507174
-37.36874491
-36.70566405
-118.58430118
-80.93651887
2.07715778
-1.58905994
-29.63942077
23.30744540
-10.76368272
19.52026109
16.14675702
19.53864246
-27.28923990
-45.18689344
-24.91473216
-65.31061980
-63.60299736
5.27835467
41.53286616
69.21009438
-5.60136048
-18.33224666
0.78766969
-10.76251812
-21.51383686
-26.81057958
-41.88386475
-29.66407344
3.10234684
0.00000000
0.31084907
22.87736568
25.41370099
-39.64921027
-15.39396604
-9.30943656
-1.16445984
-19.89209712
8.38600448
-21.24529644
-56.84309528
-109.17998140
-59.32343263
-26.88194630
-13.58449817
-43.33560849
-16.72738564
-10.65654465
-39.08679337
5.01594729
-59.21921931
38.68804549
21.17000175
13.01943245
-22.75245745
-38.59660375
-48.05131073
-61.86385931
21.00995071
-7.86666097
-18.67295959
-9.94152989
-6.01082770
