-28.84385025
50.63347804
-60.52112022
-33.21831689
-48.76344947
0.85561282
-33.40076431
-25.32935016
-3.66237816
5.05488503
15.10015851
-3.10533509
-11.93221762
11.10483363
-36.20965547
-44.52363572
-0.39657143
3.91959035
40.27766984
-2.47290336
8.52287026
9.44137403
1.35602355
40.82758193
-3.72552333
-20.26638551
44.07548629
-55.34726339
-45.41102703
-10.80722153
27.73885815
62.21253715
-12.93449516
-10.09440372
-0.36052432
7.44700967
27.94018191
30.18634795
30.04766343
12.50787678
-2.37328881
0.00000000
30.05281778
-17.90228566
13.46774014
-26.66932377
-14.00531956
4.55752855
13.92440241
-15.27641013
14.81059108
34.48520241
-4.70822227
-20.08720333
-45.60077265
-48.43755296
-8.44157874
34.65845167
20.69776677
42.45420955
28.34049249
3.11568105
15.71812817
47.66902039
23.42868314
9.92149876
6.20595062
-20.36211340
-12.38016314
-32.60956692
47.28275672
1.97715074
29.69160980
9.25829740
-30.14492918
-29.62641596
23.57502752
-41.60277511
-10.81915766
-19.76126270
13.99575965
-17.59030298
-20.27380340
-4.03821613
9.06819026
32.49492545
-8.27337477
28.92527227
12.56276229
-23.23656368
-30.85398607
9.71968624
21.53917509
31.92590095
37.74872765
8.44020089
8.61224503
27.84265339
56.96953481
1.25177070
-6.65677706
-11.92702682
-14.06955785
-19.92516022
2.44210440
28.52809628
76.67538290
41.60997278
29.98014140
16.36508322
40.05444543
34.91503523
53.86942442
-1.77626290
-24.24328987
2.33386602
0.00000000
31.80580696
17.26589606
17.35988660
-19.11067015
-2.28614490
30.65845014
30.89033068
-8.87649880
21.87648816
15.42322318
-9.12874083
-3.73925873
-22.24814357
5.46984418
-12.15282059
29.64665285
18.89603171
24.68792159
17.31473720
17.68287091
-9.69846738
41.46387311
56.04454032
13.46791926
-4.58783926
-18.20630937
-9.32192041
-15.74475921
46.21601043
-5.57648687
38.20429083
31.06575546
46.80069128
