24.26011911
11.43939524
-2.80678695
5.85472487
3.38944083
1.15493689
-13.99723292
15.12446052
39.90669206
19.24011322
9.47873193
28.89922187
69.89999085
39.56188373
23.58178073
20.99951784
-8.23574100
-11.34999205
7.43639222
28.13111033
14.33357508
32.16110567
1.40289919
3.26840401
82.24098740
4.03806117
3.48841709
-9.25949015
4.46380997
22.06556260
-6.21024179
3.27574748
0.90936220
22.58902590
2.91790030
-13.92869966
6.33492493
36.53554645
38.84081333
42.23287764
-7.66119241
0.00000000
26.39264401
-4.19298834
13.51041267
-10.34589180
5.34496291
16.45948791
-5.22125529
3.36556660
-13.47418595
47.39345617
11.85900438
-8.72848395
1.77828165
83.20698632
0.55368489
18.68752209
14.96093221
-2.25349622
-6.53906842
8.56857705
7.38775616
-6.57895275
20.18821560
19.62655333
11.54685929
-8.93805370
12.24631000
-4.19051113
-18.20559499
40.01476580
12.27567263
46.95165802
18.22806495
23.38682820
32.56937057
-16.12190705
-2.27776778
25.77535400
4.15764826
0.14489865
6.94772374
32.24041575
12.93336771
8.29697558
23.58815359
37.01839443
45.95436366
11.73756825
12.92064776
2.70216406
6.73622756
-4.53673515
56.85136025
12.27217844
23.97996651
3.31861077
9.92271248
48.12998895
-19.17339306
-181.81106172
-27.31782816
-18.29326241
10.84952147
-5.39680691
4.29643682
4.20483301
27.11773097
-0.71729586
-10.19002751
-4.20316941
10.33753619
30.13137805
46.24231463
0.62817797
0.00000000
33.08175605
-1.13917873
7.51926510
-14.30492208
-7.24378406
17.26840216
-3.77523731
8.90434007
-32.68567914
43.06591888
24.63367543
-7.52080584
0.79869625
-1.28218204
-14.08394083
0.13065805
40.70702509
1.34904952
-5.99197162
2.87380335
25.03810493
-3.37749161
16.53708232
22.55049160
14.61424305
-21.37033347
7.23354329
-5.89291028
15.72178129
21.63421884
3.55789350
24.53999787
-7.32866301
