-52.18978621
-12.24965320
-43.58963916
-43.60148447
-42.12536551
-20.77981880
-5.86616959
-5.15256928
-11.18208541
1.81995109
-17.03523594
-27.35025734
-49.71392117
-5.17651186
-35.20299333
-22.72705374
-26.19881472
-35.25764524
-15.57617463
-8.08959079
-20.49026246
-23.08160853
-16.65906917
-16.17771402
-58.02682476
-40.11542183
-33.32450734
-10.52172475
-22.38822266
-46.65622061
-4.90036613
-23.13167243
-49.05851852
-31.65657607
-14.64552324
-19.52046260
-29.85810121
-9.14992452
-13.45220745
-7.84552852
-30.65785824
0.00000000
-18.81293485
-30.16365442
-17.30426458
-17.66620535
-24.56645938
-39.62412256
-12.70297690
-20.44417273
-26.52400742
4.63352625
-15.98530028
-36.06233368
-28.23945984
-38.05187109
-19.50088465
16.45027450
-3.37194841
-20.30653143
-7.64219985
-2.09502880
-9.98400845
-6.91633751
-10.51337196
-18.06099976
3.45469237
-19.77120163
-25.24356921
-25.82173775
-1.65016705
-18.71511871
-5.30781053
-9.28586783
-44.70795567
-57.99797947
-51.32364013
-22.67912654
-29.14853598
-57.50266516
-18.32572027
-4.80741904
-11.11353598
-6.90184197
-5.71661377
-36.80622448
-32.11963030
-29.33719542
-24.82270971
-16.80245872
-32.49275971
-13.27917565
-16.11631809
-28.20673619
-44.05389164
-3.40307697
-26.49861158
-18.29268936
-8.18315114
-68.70993681
-15.94904877
-146.48707841
-10.21270940
-8.79940130
-49.55125223
-16.70321727
31.86634567
-48.83851522
-18.47359754
-31.48641504
-25.78575051
-47.04267951
-24.10528693
-32.05675969
-35.28633133
-13.24005698
0.00000000
-30.04807334
-35.30045005
-26.96478116
-12.61831364
-21.06064996
-16.97484164
-34.63477618
-20.23313084
-21.19548349
2.31888208
-11.83746006
-31.44657734
-28.96975853
-18.94098175
-28.83754006
7.19900831
10.11921850
-15.44687471
0.95257646
-5.11006051
-30.55947313
10.81098604
3.77048334
-26.55391891
-4.07479940
-2.90424497
-19.43986971
-18.60470855
-10.91962601
-11.12877269
-34.01021918
-30.07546856
-25.73148277
