26.99149214
-15.64227715
53.84654129
8.16550771
65.75579155
19.29716605
-0.77272159
7.60363568
9.86761422
-10.97709555
-1.93747876
-29.38044802
-5.02257456
-97.19556418
-2.80239404
30.35739047
-5.75712715
-5.56907315
-24.06517479
3.97515635
-1.16577258
-0.43915353
3.16743161
-26.01357523
-29.77267188
-41.45281001
42.62905874
-17.02249500
-18.82095618
27.71475626
-7.46634312
-6.38285762
-13.54644811
-0.62390825
-20.44829818
-7.25171084
-12.12409523
-42.70057585
-67.27389919
-57.03351966
-14.38419914
0.00000000
-9.42507068
-1.47226302
-4.55397188
-7.93959080
19.07640257
0.25591544
-15.68549905
-8.64232042
4.04863370
2.71604694
-25.64495106
13.81537608
13.16718572
-69.17184838
-22.08127907
-40.80511217
-23.07346114
-42.35809403
-27.67352744
-4.27186155
-52.89108590
-20.52939876
-13.23805298
5.28240796
-4.41755286
-18.13672741
-29.10935438
2.79610202
-18.99425226
13.68481635
-17.32790645
-18.76157644
6.18609354
58.69118906
26.58383559
38.16199282
16.02777176
57.32922838
13.23712135
3.98077102
11.70244858
10.56816895
-4.99266356
19.79678709
18.76305357
6.60977910
10.16206569
25.88460518
45.03326563
-15.34681245
-21.88378597
35.69262122
44.14889699
8.26204010
10.00346289
-2.38554876
-14.94231565
46.19724304
-1.60179812
97.95678338
-3.16513162
3.27418081
34.70700234
7.54545202
-28.76954518
-10.57954113
4.95988458
-1.48172652
-9.37223158
7.02934428
7.40844601
50.64165170
24.38380892
4.40527890
0.00000000
20.67776895
9.39104273
2.03044094
5.18597752
15.83487329
-0.23484190
-1.00740951
5.71381000
2.61658143
12.78820697
20.50605195
15.07241615
17.77881305
12.64700587
15.49771019
11.73671889
3.18296472
-2.44324168
-7.01019601
-3.80276176
4.05386738
-23.15878338
-20.88223275
19.53618757
11.30928423
5.06895233
12.94563756
15.14295052
6.51698813
24.46605409
10.38988161
28.63540033
-16.20682468
