32.38912916
19.27081652
-36.04136801
-24.09809032
9.20182110
8.23543374
-14.17365790
-20.19312097
26.35298187
45.70449514
39.14016072
2.62572818
-12.88484982
34.24384823
14.28013379
-16.62087882
17.74486613
26.11220612
29.40192014
2.62440404
11.18199727
19.55998677
22.58778248
59.05730690
40.28530727
21.11857779
21.26456808
-10.80774390
-21.75608316
17.95985913
27.77670857
41.57431790
4.70585038
48.26433772
39.90404365
45.43494475
34.56442690
52.59282533
22.56055307
11.66234921
20.33842598
0.00000000
14.39175996
32.05095697
35.66442085
-0.38230448
-1.01549819
26.02059132
23.24200816
7.08042307
20.34404584
25.14654713
18.51233439
19.40331715
-7.26120262
44.97168541
12.33440682
25.88756470
8.44265521
30.54620525
29.17366998
13.99271179
46.73031378
43.32847795
40.32948719
14.02093235
34.03151759
5.57684120
8.35048738
-13.72156398
48.01077408
20.72348049
38.69427599
39.24824408
10.24447122
17.63037910
19.26984849
-33.49412666
22.41954088
42.97255289
30.36588210
-11.89426180
-10.87468709
29.35627087
46.56851281
39.51426775
-3.32369248
32.51016099
18.07178257
4.23641188
-6.72420056
24.62537815
24.55623403
-3.67257939
32.83675056
19.39612921
37.31632568
29.56556401
66.01788706
29.81535693
0.38453649
109.06744337
0.24555589
-11.00579794
23.69277893
23.07988743
26.40600260
35.30530260
32.95595003
33.03428909
43.23201721
35.24981737
54.25903925
-14.37626243
-26.69733136
12.20402365
0.00000000
5.16105410
40.87298429
26.73234131
-6.21791042
3.70074956
20.58596494
42.51342148
-3.19646047
26.34813997
10.52746264
4.17376527
38.01543661
7.38222765
49.55462870
10.77721687
7.34202151
-1.51719909
7.96713042
19.56962682
21.82469079
15.67386488
22.20560701
46.20677296
3.32679904
17.23402682
-9.55173899
-5.86159302
-15.59978259
29.30696713
12.71384018
47.60646211
36.70407849
36.11414884
