33.73647405
31.21084695
4.17883382
-19.48238455
26.29503860
14.21481294
-2.54671951
-10.58268549
14.04079334
-2.88841106
0.53622291
-0.83520951
36.64518123
46.58292567
27.69368653
15.75208831
3.95329807
-5.96452555
11.62096648
-22.87987035
19.50738812
14.29350841
5.69697503
26.02124751
41.44518702
14.72250475
-1.76314609
-42.94170606
-21.89876294
13.43696300
14.89262170
24.89478222
26.76540070
25.87289249
20.42520605
8.90817072
43.17381485
48.86545414
19.64071868
26.71849270
-15.48327320
0.00000000
31.41709910
1.93395773
1.88404976
-24.60469410
-2.39245958
15.37222662
14.76744111
-4.73930297
10.66484712
16.38129487
5.62640631
21.28647244
5.93873731
5.24146181
-0.89274813
9.95499850
27.33595051
13.16126889
23.09284454
22.37578388
50.01757425
13.17765021
22.40613467
17.92414210
-5.55614632
-16.71143509
-1.91032846
-4.62400807
11.51696381
10.22621399
37.99942253
23.13081537
3.63112022
36.97824278
52.78596506
-21.80053332
-45.65107497
31.02646866
20.35564389
-5.51212692
-12.79234209
5.92914786
-9.45193074
1.39949585
5.15390423
33.51084439
10.08019797
5.58412463
9.92636918
2.20055473
9.58306841
-0.99040446
14.62130688
17.89833020
0.13641375
5.19982349
23.69427207
-22.59827864
-37.93771643
151.78516203
-48.86661008
-40.12532991
4.97118549
15.19344832
35.02261023
4.16249651
11.93119894
-5.33290696
7.71586356
24.50341211
22.69828985
3.71775668
18.99956681
-11.39887958
0.00000000
24.65231150
-16.21294468
5.53840043
-37.24209880
-10.22698279
20.34528887
0.31717200
-0.77797787
-16.23032042
-0.84007017
4.41553930
21.16237842
2.36531442
-23.38021909
-14.21749724
-3.97629287
17.76861959
7.41984493
5.51627721
14.17957098
38.04215893
18.70325239
25.81276833
12.20230142
-3.59786126
-34.53662410
-7.28904586
-14.66594568
48.62400714
-5.42496842
14.55589336
8.50203237
4.00004906
