7.61236292
-2.91630671
-12.90894214
22.81026124
1.64720724
-17.86425348
-5.14805781
6.42929248
24.91977681
16.81416156
-16.53503326
19.22471716
45.01545372
37.92338345
21.60283252
19.54533930
-10.36171489
-1.94999769
23.58750165
9.69244367
6.20958724
-8.60739594
-8.07101826
3.96169975
111.06542158
30.04277012
-106.81591083
2.34062926
12.44878834
-2.47935689
-10.69473004
-26.93155529
-4.72522081
28.47649110
-15.82605240
18.19198576
-17.38931821
35.71643874
23.43183836
29.88141698
-1.32424612
0.00000000
-9.80660047
-0.33285443
-3.95797094
6.78484257
-4.12379842
10.87252121
-14.25010167
0.52560982
-15.22306342
13.29814883
-2.72546110
-26.95649983
1.59380367
129.55401018
1.30953351
24.62639043
23.50612892
-11.69055818
-2.30733871
2.28254925
36.36967233
-20.77118540
-1.87986661
6.93970156
8.12226624
-18.64055797
-4.93065352
-5.80151402
-23.28419469
27.02718480
2.92768636
58.42788081
4.77757371
6.19857854
-58.47010988
19.99385805
-8.92245188
10.12191116
-20.66394794
-21.62327067
-1.25867140
32.81048192
23.74265282
-19.18354276
-17.22891742
17.29491043
-10.05342456
17.40543647
8.82343101
-9.06001668
-15.90903977
-34.71105572
-2.31942831
2.52283474
-6.15528692
-16.83171384
-0.06412202
47.05693892
-18.29278131
-32.75893599
-10.55713731
0.30004206
-3.83499608
-3.00416853
-17.71363781
-23.37029168
-1.61989117
-7.71237874
-50.11954088
-24.44940798
-10.01139570
-8.78334418
-11.10964557
-3.47732830
0.00000000
-22.60849141
-7.65988625
0.82668569
4.52605956
-13.94990423
-9.31580115
-18.86360962
-13.78637592
-19.88918760
10.42726288
25.81821809
-32.59244231
-1.28251584
34.13177271
-2.98014826
-18.30947623
9.09723955
-48.62247215
-9.71875636
-4.43324936
4.64442141
-8.95357478
-11.01410996
-1.46031387
1.06475834
-15.34492527
-5.97460144
-4.56611617
1.10518283
27.31367490
-13.54428376
8.79813907
-31.87753463
