39.19201237
28.74146035
-24.92964009
9.94942314
122.73384716
0.71231601
-24.50562618
-11.69403139
31.36134310
31.94749098
5.82185903
-2.12115316
-20.90688355
56.99124536
9.87179824
-5.84558034
-10.29401657
-5.00855295
-10.33745533
4.07944584
15.50619577
12.44672355
-0.04629845
68.49675017
29.72676250
-26.15272673
-50.32221777
-20.22631371
-9.51977747
25.11128297
37.55119659
16.78613126
14.24944675
4.57330050
27.68068967
0.33434992
0.58941397
4.98307590
28.53701428
14.37846735
-14.92905962
0.00000000
10.56668157
20.30799871
26.10091620
-6.10488497
-0.53641337
8.10681476
2.09714776
-11.91079325
7.71564778
31.60821791
40.46924916
10.36343858
10.14755288
31.65659367
-2.10914518
16.75153064
-14.41588155
10.26492480
10.70588479
7.17526213
17.97165516
48.04660049
36.28927197
13.10298626
21.72703925
-2.50591435
-11.23444535
-17.46821032
49.58457194
45.72399107
12.95909416
20.54418959
13.02011604
-8.39980547
-33.37572699
-8.75036700
16.59025781
19.56755812
12.32723360
8.08128631
0.87340003
21.34394298
25.34206804
10.43702284
-29.60825899
-8.32741733
-10.13394005
-5.18743609
-4.03590384
10.55300737
9.02889025
-58.78473221
-21.63345164
-14.59988855
15.25391816
7.87820446
48.83058261
-4.84954125
-16.11255791
13.32432310
14.36619478
10.93604878
10.00037261
34.10103960
38.23753010
6.04538646
-3.15420900
9.06248965
-5.97495341
-9.82548642
-10.13801699
-46.88686400
-38.98684150
-1.26568955
0.00000000
-1.72807678
0.90178248
12.18094833
22.47706772
-10.89947158
7.46779596
6.44652542
-10.36368739
-0.85952913
2.36614316
-22.69793540
-0.29377972
17.28587435
-20.71874520
-28.01570703
-33.08728798
-20.81904667
-22.72694120
-15.75508472
-3.74859156
-34.99348232
38.11830063
22.87474149
3.15168286
16.09387888
17.76848981
-12.27619104
-10.91591615
51.00720886
18.33631795
5.23910291
-13.58533520
7.99457811
