54.06257514
12.15408758
72.84323598
55.52227987
55.45530423
22.37144459
18.48497724
8.48277170
2.77155990
-1.47389934
2.43528325
14.96712279
12.73827419
26.86033428
48.41819587
26.29385548
10.01207957
3.78820052
50.89791145
21.29927328
24.88056842
-14.33100421
9.62694730
10.72315907
-2.96388863
36.63219195
-187.92523068
57.16910121
45.73699534
31.93693952
12.88034296
-36.32064805
34.18780602
20.39815622
6.73859773
25.00688383
-8.81948525
-7.04320913
13.21389514
17.63397230
14.97160548
0.00000000
-11.25489254
-6.83312435
8.77360836
34.85908251
26.50078350
5.21061883
8.39142449
19.45861293
13.39131580
-8.99314328
54.23336735
45.67304410
26.91727191
15.28659465
37.02552273
22.29432308
30.42715404
43.88950649
30.54164859
12.11571735
-0.94199113
-1.98225131
19.43062699
16.85815992
-5.18375687
34.78588341
22.67977577
16.68284402
19.38445274
10.96560589
-11.36036650
-4.11698643
47.20822198
33.18453653
44.72626474
58.77296738
19.84524419
31.06472432
11.53569113
26.74104320
17.70258937
-15.18742303
0.84104907
-2.18032819
-1.27832003
13.27836596
6.99809410
31.12462344
31.57139481
1.29780440
-15.34446843
41.64058669
27.64688267
16.20796544
-3.07659869
6.70070349
21.76634185
4.92645368
26.69116504
81.87189636
35.28956671
35.41487565
31.03165966
21.85102490
-35.76189302
3.33461192
-5.41833725
11.42667309
7.18418766
24.96297699
-8.77112870
14.98030648
5.15561190
2.92041842
0.00000000
1.02898096
8.02920182
2.48920601
23.20536269
19.19546475
-7.73880401
12.17259291
7.35365452
14.01030535
-12.68839142
21.31997501
19.28232451
10.40390901
7.70305140
20.74321012
27.27166300
15.56576067
23.03065386
8.04173991
6.55924159
25.74666302
9.53851266
8.97502487
7.33778882
11.45129901
15.94219101
21.67958665
10.10596200
16.48147199
2.19458966
10.24295028
7.11447284
-11.50726798
