1.13123865
33.54191690
-12.44366928
49.88816897
-30.87171117
-1.43635024
29.40192761
19.20036014
-34.32190199
-20.22794361
18.23137302
27.61539748
2.98510877
-18.62644005
5.12564947
-16.43239910
12.85072037
3.74357987
43.31017358
41.03826848
29.78935825
10.32094954
2.88384752
-28.51797829
-53.40735325
66.15085076
-23.35921824
47.92992809
63.12213149
-40.58922945
-8.09073263
8.46749497
31.97615986
46.54542950
44.76046378
63.43085084
15.66636011
29.17735508
-1.32357625
-12.40748410
17.12663482
0.00000000
23.48016827
-0.59494794
2.23168974
39.05943393
2.02962393
-7.80629592
30.38463548
27.03925674
1.87862301
26.01520380
-3.57625382
12.91757046
-12.06394320
-23.46904577
2.33064078
46.52315355
38.05462048
49.45340254
22.48037834
21.55899688
10.74637008
-18.24937764
-23.58452514
2.84581236
-6.59663914
29.90542302
24.79355906
34.74118249
-6.22785912
-42.62513877
12.84181900
-5.64346616
-1.40744834
-42.15267230
21.73876649
-31.43132702
-49.28231650
-21.52957620
-40.09300583
-4.49374763
-6.84695911
-20.78570075
-27.61433134
10.66876317
-31.72052171
-62.22854918
-62.18074236
-45.19562798
-28.74761982
5.08983330
8.02156096
-11.18842384
32.63928045
-2.13931267
-10.23013514
-1.54399163
-33.91206459
-113.97478042
-20.86810907
24.87955037
-21.76221176
-10.75400940
-18.18523211
-29.54172371
-22.26632909
-51.36531884
-38.04387182
-16.86581509
-36.12772913
-12.87755564
-54.09339981
-36.03370934
-56.04676417
-26.41737890
0.00000000
-28.95074342
-19.25991251
-17.91473734
-12.04147613
-2.26959875
-23.42496413
-13.31253161
-16.11653715
-5.46378316
-29.29473537
-34.06705088
-27.79923433
-26.87129469
-41.19520120
-27.57356429
-19.02513383
19.11770226
3.89389489
-1.21957458
-3.86293675
-41.44364894
-16.06326548
-35.88313687
-19.07405781
-12.60021738
-14.32199809
-23.77907243
-3.88841290
-45.41010169
-18.06521668
-43.08257763
-44.40704638
-42.59414078
