33.68786697
-8.08406637
-8.48182317
-4.92208065
49.08300565
7.07326043
17.42615177
11.17076621
0.84362916
8.04589577
12.60764410
-21.99505434
3.82265398
7.26024525
4.95857545
11.96571481
2.17720243
5.25857691
16.07170560
32.63169671
15.13867783
2.30600886
-2.02640428
0.16819372
-38.34194614
14.89277541
120.57330456
16.06532804
4.26445510
12.76915627
-2.88281281
-31.15634991
-18.72480122
-6.80464381
-34.56806247
7.23735049
-18.83906745
-24.14508471
19.57854086
-26.38486899
12.61377256
0.00000000
-5.26000454
-58.69451170
10.10063988
2.65153934
4.69953937
13.07282510
-7.00308404
3.39943375
2.74761311
-1.05270688
5.88133134
15.10825520
13.24928363
-4.37949644
-6.19977654
17.34256030
14.27165987
4.21328239
15.41781102
10.37883749
35.37955746
-23.43076291
-1.65292934
5.97486695
9.69609609
9.51683557
4.79425379
14.55751791
-6.08562245
10.27029980
-18.74909247
-10.64318160
-5.93410645
16.07098228
-42.72843901
4.87293673
7.20912337
6.62641382
0.22864985
22.26407501
21.44027920
-1.55965383
23.34993698
29.44651914
-15.28915602
0.12089096
-18.83013213
2.35271013
13.05457052
-7.39013797
-3.11727041
16.46853010
34.02331302
-0.33977582
17.76903383
-20.55836218
-11.88785136
-1.41557834
21.63534039
18.30461632
17.97138889
18.69750286
7.47558005
4.02605343
-30.84126972
-16.61512308
14.54526313
-20.26025994
4.71465348
0.27778876
-11.79034889
-26.55390369
-7.65648798
6.40086404
0.00000000
-11.32167686
-35.34634847
29.12064487
13.95257747
3.16564484
-3.91053042
-6.45025813
9.19778378
2.29711933
-5.16542126
14.91961034
11.82048342
5.64027247
11.17140711
-3.73181919
27.50838984
20.08795791
5.10053593
17.87269176
3.13515411
15.39780798
-6.61987670
-16.28279232
11.02417300
13.20630032
14.60409141
11.78786477
12.16788084
6.28901608
5.26170349
-12.30814422
2.16223692
-17.37521474
