-43.68578807
-51.92053993
54.08328674
78.64842439
-37.71796953
-6.02236617
19.64431475
3.33967424
25.08685924
12.34118608
12.86803492
20.36161994
-18.99969308
-8.14343239
-31.25507609
-9.77544586
14.36812032
7.52583479
90.09316743
29.76847570
20.31049550
-6.98744861
14.93783376
-21.24240393
-17.72881537
48.42284370
113.35070347
19.07536436
13.77330196
59.06465032
0.42588001
-26.28558718
61.80914276
26.58607454
49.18640471
70.65677686
-8.84164656
-7.71974611
-5.63616458
8.56499757
26.80465907
0.00000000
-69.57507800
66.88414173
27.26937507
31.19397732
29.14006610
1.46462248
14.99668793
14.24988911
7.25499618
-32.53768357
6.16775773
-25.98793740
-1.61384410
-36.38275483
18.77981268
9.87512892
41.17300428
79.91604191
22.63730796
17.76330083
-96.83049343
12.87404214
5.31509216
33.35509387
2.34299179
32.69668721
15.24741347
29.69557417
-2.33415809
24.68041073
-24.34327398
-16.49166303
87.29145640
-23.58948626
27.94408612
45.07387625
63.83936486
-55.47532959
-17.11652440
12.22282001
16.24214966
-2.56013063
13.54731924
0.13361532
35.67157020
7.09977803
24.77654270
-9.97410198
6.10739135
22.29163947
-3.93635285
101.93411088
66.85925790
46.46664381
-3.04981408
21.65524736
-21.95956960
26.79961778
72.26162821
66.09149747
39.44776101
28.88546366
66.04597225
19.77093374
-9.69112502
-21.27096356
2.01657050
29.93072674
31.08534064
25.43509613
12.78908368
37.33879793
37.89763344
32.45488960
0.00000000
-13.17345480
47.47640086
11.85921231
33.08858543
30.19492689
-14.93217951
13.35806061
28.76682112
-3.07574679
-9.05636964
21.56157461
-17.68956451
7.84892998
38.09419898
39.82422374
-45.13565151
9.88272665
85.70795205
24.89077911
19.42996037
8.32451237
-4.18608312
-25.54475384
41.49589282
11.92485769
42.85385750
45.10577913
31.50315798
4.23383136
9.17123592
28.15085257
63.23278550
-27.61078225
