89.98858630
13.21984318
77.81418409
95.79426236
100.00834120
67.42084172
72.63892793
50.34586498
68.33866827
22.97531891
51.65035676
56.18295357
44.34420629
72.13170696
117.03407944
84.60949166
59.48004194
51.56851962
72.83150294
104.08842281
29.60010992
36.05233315
27.99540215
36.62244536
207.25212619
117.38814853
147.62302976
161.03245327
113.89307879
113.92965530
52.85884088
33.55497839
72.12252527
92.52107950
65.03320781
79.15771484
65.29616076
94.81792267
26.89236223
48.99850135
68.58980902
0.00000000
50.27058544
85.16840663
22.40207759
103.92409616
58.62584215
27.45025756
48.49413915
64.40006020
23.78641934
10.07846001
96.87024447
40.97600320
85.82084754
102.36846966
102.70319237
28.15336892
24.01296304
32.34870244
27.22453591
5.96730757
65.69045479
43.24987335
71.24103673
52.41172817
55.93962008
90.58617617
103.91370148
107.47698031
101.78622887
72.68097348
63.86680063
71.24837416
63.88660439
90.40130762
39.22346861
72.99085945
40.39404221
65.92218868
19.49217826
30.57920721
34.91810852
63.56676492
39.19440104
49.20163990
-9.14363865
-1.88820680
-42.15509848
19.30744666
59.72917609
-25.36781405
-27.39320999
40.60733973
119.22399606
14.72408836
23.50935992
4.16728204
25.95950247
94.20620151
45.45488233
180.90597018
37.64874761
42.77940587
109.19795087
35.41805547
31.73401210
-24.67209147
14.80577698
-22.09058850
25.76579906
56.31875624
19.55045404
42.42509021
-6.20299550
24.58241818
0.00000000
3.85319721
22.31493260
27.34334438
52.71558739
47.93429362
25.05381728
-19.48902193
8.80551696
10.11311946
-3.31506176
30.33890336
10.68048078
44.51721018
52.17869425
80.89034203
5.13678585
19.77153874
15.99092125
-1.80960578
-8.70742523
14.71404195
20.07350521
30.51766822
32.80085857
31.59264550
52.91716542
18.48923894
34.06503973
47.71072326
64.36520113
14.25787105
20.50603183
-4.69521997
