-50.29850617
18.79000307
-40.13312439
-34.08803514
-52.44897932
-1.42976485
0.51319008
-3.97631233
-29.64431863
-17.38389034
-13.70115631
-16.85987575
-65.85367008
-65.23193819
-25.92928046
-22.87715837
-0.31348438
-12.43029021
25.17395370
-5.66030490
-8.91374227
-32.71743022
-1.00453152
-52.09545039
-71.98348403
-22.91723547
58.86153070
57.79530371
6.87515106
-2.33922291
-45.53514030
-19.17279351
-21.74348079
-48.78597335
-23.17322463
-43.05913083
-18.94174055
-33.38548255
-49.78448582
-28.89662957
-18.70459643
0.00000000
-7.83328103
-39.91801960
-20.54290423
-2.02124918
-2.92265105
-32.72019376
-2.58157372
-8.87465032
0.06321991
-7.99709296
-35.63742752
8.02875954
-16.33042751
-81.53046510
12.45253455
29.87251660
17.78112162
32.85236744
-1.47096245
-6.78117706
-43.14900823
-34.23578640
-44.38734391
11.27134715
-16.87644770
10.41371873
-16.39162006
-3.00814021
-35.57707702
-26.19352145
-6.46386032
-55.13696630
-28.93288768
-37.91461913
-48.37143239
-15.34261440
-1.85570898
-4.28993761
-3.00419843
-18.78096470
-14.45163324
-20.99744535
-19.54778904
-36.77863141
6.40286224
-36.12359846
7.03462769
-1.17288929
-17.08054827
-12.13345242
-3.16914248
44.09551306
-54.05562894
-16.96611481
-41.76657201
-10.80820334
-41.16462256
-43.52124403
-10.26836828
99.86950340
-3.91859442
4.14711426
-0.72773865
-51.24579620
-38.41705156
-14.77293154
-4.65520795
-26.40873923
12.03902793
-10.99509510
-11.93552065
0.30662717
1.41883821
-15.26609918
0.00000000
-23.90121535
-28.48791206
-25.02287634
-16.04462233
3.58471551
-20.17813733
-14.21671294
-4.34295946
2.00480105
-25.76768715
-20.92660945
20.04595704
1.01844964
-36.23831645
22.52260880
37.13474347
18.77985943
41.48320815
-1.53178798
-7.30845411
-18.73433903
-34.49623188
-39.65495733
-6.43961030
-18.44634121
-14.02820659
-1.81693935
-0.71462581
-57.09305442
-10.84920548
-20.43206428
-14.92838427
-0.27991745
