34.34674501
29.47855916
7.14224258
-2.63299487
32.26743074
13.73867365
-2.78439691
-19.63522656
-15.91757160
-20.94574816
-2.79954385
5.22230048
25.98311677
23.59263416
29.45811884
8.48936447
9.82109118
1.18381962
-8.23711334
-22.86501975
2.09654523
1.01407988
0.91238583
30.76196666
10.54869805
26.18711058
22.55808465
-24.22710341
-17.66057002
-11.65591601
15.85727073
9.10176753
28.24688425
12.74014685
5.83218878
14.63420666
52.92424393
35.16534530
1.53440252
-8.17572346
-6.68893259
0.00000000
26.31649107
0.42809522
-12.76857632
-17.08698193
-14.03106483
3.22517857
14.29977655
1.08582181
16.55775925
-0.82284326
10.22983794
31.53445388
6.68040660
-22.80359119
-3.22912082
0.29093961
16.82405206
-1.57122535
11.09170018
10.06817656
65.48890095
15.11084988
27.33311601
7.58795305
-19.38833982
-3.56917178
-1.77943476
1.37763010
20.36322177
-19.57888486
40.64640427
1.47457355
2.38287746
43.84657444
53.02277067
-17.23100428
-47.95348090
27.24472110
21.89023692
-5.21984753
-22.95284444
-14.96398902
-20.67667022
-12.70482744
-11.14281180
35.18159076
-17.75267495
1.43722792
3.19727436
-7.15946849
-1.15248892
-13.78871641
-16.43643905
3.47472079
-19.23522116
-2.52541849
26.62785027
-41.58898494
-28.64905737
189.09186184
-40.24497442
-33.84913537
-10.69499068
12.29898304
14.98647516
12.00382999
6.80048315
-8.63588246
14.74038061
29.85801920
16.85841995
-2.39339152
-13.40991836
-17.55682120
0.00000000
13.30631198
-17.23849152
-6.74482426
-29.96924900
-11.46682413
14.10734755
-2.21226334
-8.12460265
-8.83442669
-22.87747471
-13.50065079
32.61796970
-0.09563990
-31.17727083
-13.58694737
-14.66050006
-3.57839187
-2.84422283
-0.85426036
4.32144048
36.54522131
8.24411469
27.98578144
1.44882240
-16.16750755
-25.76311101
-17.89478224
-12.97891054
37.18327754
-23.37824583
15.04938813
-9.88664868
17.19251923
