44.40115198
1.79919544
-26.16681661
-23.19199666
50.09451911
20.58380458
-10.02726134
-15.79871228
3.94106488
-6.42537279
-18.53603084
-16.67254274
42.31928578
39.56667193
12.81590814
7.34763430
-3.52603752
-16.38266422
14.09258834
-29.27157522
-6.87311342
-13.65646987
-3.60497332
15.58449169
21.81969249
8.35717849
-24.51439149
24.25939032
-38.55486557
-8.65338912
18.01246187
-16.80506810
-10.56495507
34.57883435
-15.02018020
45.66341041
3.26075191
40.13926674
43.40982907
18.17254951
-3.14946915
0.00000000
-0.92487155
-7.81725423
-7.48626914
-16.55276497
-18.31592726
13.88771289
-2.57787327
-12.72541707
1.74839636
-7.37042685
12.61526428
14.85274468
-0.63431401
49.84295259
-13.59929505
0.33370884
2.60798547
12.70571410
15.40429662
7.82130298
1.91743481
4.72925914
23.42610571
-1.15860125
-5.85327370
-16.16276639
-16.75163798
-20.23049256
22.73629963
3.77225414
26.82720175
46.12125721
15.39990195
55.18927330
5.28075996
-28.17446649
-29.64275808
31.18875766
9.01202023
-12.60053835
-14.41184945
-5.13000957
-4.38950379
-19.58450561
-45.91033134
-3.09316362
-46.74605878
-10.55152195
-2.35855630
-30.42812835
-36.17066377
-14.93447290
-16.01965883
5.90997778
-31.21503295
-19.61214039
14.76642355
-5.38326658
-23.85657016
-26.84680577
-18.87330202
-27.59401572
-13.86117523
38.89230767
52.43865701
-18.77124296
-7.05692829
-33.95158868
-26.06216203
-8.72486803
-3.77474575
10.80421800
-41.28044321
-19.89835030
0.00000000
3.80366482
-9.12304477
-6.60634392
-15.01558370
-13.72068387
8.16844715
-25.90710602
-22.13401288
-17.72917017
-25.50836342
-23.94749215
-0.45440535
-14.64425597
-17.91685256
-30.45793558
-0.79723192
-20.79558742
-22.00562711
4.27551081
2.74696984
-2.13972263
18.63527855
17.77736279
-14.69315218
-9.70233763
-13.63704052
-27.75595737
-16.05189749
37.12238596
-0.38851965
-7.18626522
-8.15027199
-22.97350948
