-10.77297947
27.14459420
50.53649683
34.74676787
-3.10457789
2.48573290
7.76597853
4.04831981
-0.61612258
1.10492094
-8.14716773
9.56758891
1.80813362
49.47939743
30.40719801
22.21772978
-3.15887589
0.03199626
22.95963480
-0.33678255
6.68957163
-0.62929393
7.69081255
-12.09912334
31.46738075
41.53349244
87.57522207
13.59589650
16.13102318
14.96919146
-21.07101267
15.35901021
20.35503630
-0.32587213
10.69280595
10.57353041
6.46697100
7.07905312
-11.67374297
30.64200780
2.24532658
0.00000000
32.98309107
25.36605367
-10.38497580
12.41905064
19.43461080
1.81768669
7.82453531
-0.76780448
12.93895123
5.16272123
27.24387787
5.65970275
21.50398782
44.00751769
7.94315070
6.41455383
8.56085883
-3.92119543
1.74522388
1.54528448
9.92563980
0.85389858
4.63583857
9.12330603
-0.77429752
6.93679092
17.54162923
15.18816514
-24.53728467
-1.98645861
-1.10825284
-7.11069590
20.92380902
7.21914750
8.30067206
30.44388138
1.02653218
29.95475526
-1.64618862
10.30434704
5.66196322
0.00744364
-12.00086072
9.64331113
27.83132136
1.43356646
27.77859589
38.33838427
24.29231659
-1.18332385
7.84536706
-5.45231391
30.71278275
3.62363492
-4.84738057
7.38175269
-0.04992845
41.23238308
23.50603481
6.67773827
21.56464228
19.08143203
4.30116716
-7.89669099
3.49728192
1.10084714
-17.66004157
3.84799155
-8.85852650
7.05663975
8.34257725
6.36379356
39.17307725
2.81017415
0.00000000
17.47288542
16.96346667
5.26867391
14.87720106
4.61585313
-4.50823171
-0.85593494
12.37919967
0.30614260
10.46537361
31.42322040
4.26916232
11.38299812
38.34216787
25.76553493
-11.47722599
11.17721991
-7.16036925
-7.14373375
-2.50891004
34.75478270
-0.37069262
-7.43201037
8.93589132
2.79403876
5.46491736
32.40299373
11.52038505
-24.93163926
-2.83608863
16.02168976
-1.92819071
-10.08673935
