51.78526517
10.04180527
27.47453031
24.22442869
49.83565860
17.44150909
16.98619040
4.63227189
-10.94156862
-7.62965728
6.96005302
-15.48856040
9.43375264
15.86793177
27.71683492
20.03794974
6.23503745
-1.18437863
31.64101983
26.67671936
22.26637016
-9.22451149
9.37085064
13.30604119
-40.11920782
24.50505656
17.14150431
35.71410857
24.75960995
13.91702350
11.63459696
-46.94695911
1.85797069
1.09041378
-18.46875506
11.68867073
-6.29274631
-18.00693533
24.08899360
-14.49473104
11.27052044
0.00000000
-2.88523811
-44.50346315
3.79882536
18.80771103
7.35822677
4.43143745
0.93442892
7.46270430
16.68980205
-12.16769258
32.18681557
33.17352658
20.82400157
-10.17122511
14.05733228
18.10090882
24.10040128
19.33163165
29.63666896
12.88704008
18.48980558
-13.64268890
12.38338213
6.55926638
-8.16796256
21.77692348
9.64603167
12.22896913
17.30251864
-2.88655663
-14.49389515
-17.03405404
11.99710293
35.22740644
19.51879200
26.17717184
13.23589378
21.73982142
11.05110708
26.58204995
21.20878747
-23.22280849
8.05411724
15.97332404
-19.97263865
13.43420278
-16.19890798
18.71111487
24.99734198
-5.41242201
-16.45798150
32.43196204
30.73655714
12.39338129
8.18753271
-6.21855640
14.41053501
-16.92265523
18.73636770
34.18727793
24.02504802
31.34706855
14.07024496
24.58369233
-35.60066040
-0.17079167
8.37820749
-2.02021158
0.43792858
28.85516665
-12.23918111
-6.25762585
-9.65016640
-1.25832975
0.00000000
-2.10306778
-17.14788885
17.35517431
19.55891282
2.71803245
-3.03002926
4.67026610
5.21360370
14.34026180
-13.08062106
14.20665638
26.05254497
8.55472248
0.02798514
2.36292483
38.40431874
22.12937606
9.52199068
22.59046141
6.26424504
26.23550971
7.47650287
5.85668261
6.96214564
6.58642261
9.41285733
16.35627116
11.71569119
27.23842086
-8.33103087
7.48870640
-1.15748097
-12.81034553
