33.10391737
48.76942196
21.93903279
27.25137881
-11.56393653
8.89239689
7.03271683
18.09852979
15.91485934
11.44903447
18.55066356
71.11323773
44.22042000
-5.90187495
18.90917528
-0.96798620
16.51264494
32.80587133
17.91901923
19.65065688
14.12054026
22.87230667
3.27952149
-0.95575433
27.34336286
27.68113830
-52.10513721
8.96859246
16.81675490
37.54187597
-4.40531355
27.70872991
44.61341118
37.79789707
13.81845909
4.23188288
-0.92265297
5.60462735
11.61043865
38.43721561
23.51216040
0.00000000
40.15293809
7.15430463
22.33585602
8.22326940
23.56247617
36.02166775
16.57721600
38.02834682
-3.24072057
42.59389460
0.43529474
24.32772288
-1.59549943
67.94506154
18.75570289
18.22547129
17.49490336
34.62197325
-2.54795385
3.41337941
19.70263625
8.96457864
8.63099901
29.82821962
18.66686831
4.46761305
24.21981063
12.86121140
0.12320933
30.45913886
2.21667586
25.82424027
22.52959404
11.26135902
16.17914109
9.56986625
-5.78167592
17.05886169
4.22604018
-0.44281882
3.80171842
14.22174890
4.74781797
10.61436958
34.52315449
15.46073523
34.66020633
7.21650625
6.27752907
5.85706741
21.09194744
5.59775718
19.88092322
-10.29517035
17.51171313
6.33498220
8.27469680
47.79011395
1.58365684
77.53707671
-7.08453255
-5.11512581
29.19443349
-17.52945514
9.10571765
32.25144113
13.59698979
-0.16807205
41.49872755
-11.79821953
15.89408997
19.98005590
19.51159522
21.68178848
0.00000000
26.25852927
5.74886152
4.45746330
-6.06186326
23.76999700
12.96922631
17.34078258
9.51287031
-5.04969020
8.46783312
6.78848100
5.54234114
5.60897075
35.44480125
19.55088306
15.40419256
11.54383752
6.66383074
-26.70462754
3.42759245
-0.00616520
-4.00093607
5.61452265
10.10765190
5.11287489
-7.11569237
6.35863040
6.26310992
-16.88533729
19.77611997
-10.59809304
16.17118835
34.17489988
