52.99845396
53.91945355
-1.83047483
-31.10122741
112.44341866
25.99902422
-12.28981369
-14.12710882
0.33501777
-16.27545454
-27.84349113
-10.67240054
40.48429337
-34.43577299
17.29757501
30.27623268
2.16396560
9.40161113
-30.86921709
-6.27028693
14.79329296
22.42902454
11.39954928
15.98614788
10.33522442
-66.08844032
64.90461824
-14.67918935
-11.37244435
-3.89010631
31.59806411
12.75132011
-20.49580698
-9.43317187
7.33974420
-65.28754312
28.88044943
19.89363482
-27.76551960
-17.52089983
-7.33858965
0.00000000
57.51718128
16.51714217
-28.58680730
-12.19313114
-31.97594553
10.09172216
5.05404528
-11.48463621
9.18548983
41.16482204
-12.03204283
14.52136108
16.03635570
-23.52917472
-12.56227962
-6.84095521
-22.84708136
-0.58787431
-5.38193259
-11.66844424
25.66403250
-2.52244803
-9.20792142
-16.18651630
-18.61840589
-26.14987930
-13.23692967
-11.10002792
35.90200245
4.40253176
34.06962980
19.61257909
-55.85978920
47.79766047
29.39740061
-30.36174495
-49.10346119
75.81952231
24.31188829
-26.64531330
-24.96850237
-10.74314899
-17.24866781
-21.84917304
-22.63946574
14.87216655
-7.84290236
-18.63156973
23.73840658
-4.47150771
-10.23810446
8.57367938
-46.81337621
-18.07550542
-1.05774078
2.76974231
17.49857951
-15.99902000
-73.72719080
-49.63034833
-51.06996395
-24.37857058
-14.32409386
18.54994513
-20.25125531
22.31650870
-10.78382403
9.11836693
-14.70319235
15.72262472
18.21122983
17.44649141
-16.59784309
-15.13902104
0.00000000
40.91173945
9.64730557
-18.67612598
-28.66069656
-15.28629557
16.34805168
6.68907937
-36.16293279
4.53824844
-2.74616679
-28.94306955
1.59648075
12.57457101
-102.16948007
-8.68375978
36.19533433
4.77294134
8.53023062
-7.28127491
-11.94299566
-33.65761517
-0.99314143
10.69430261
-27.64044861
-23.60660701
-39.58254736
-33.69897318
-8.75306580
40.43739622
-6.32916066
8.81648351
-20.48390794
24.61531407
