1.60459769
-10.60608633
0.35450622
-22.69536785
-20.73331218
2.35296484
-17.17519767
-17.23088021
16.16775040
10.03440406
25.81609643
-16.24978481
42.14645714
36.14893411
0.45304396
10.90006977
-26.31383483
-11.85784823
35.98812025
48.83108845
-14.23328975
6.44944331
-5.04246895
25.01926864
45.98709430
-18.61441289
-8.49607954
-28.89294059
-40.94933650
20.81873687
4.55927767
-22.71876752
-22.75476701
-11.99892302
-32.30722484
-8.86849994
-5.35679212
6.91107584
39.33615707
17.07636409
-12.42998839
0.00000000
5.65244159
-8.80778893
16.39158564
-27.70209297
1.68458985
24.94098963
-29.79747455
-18.66259766
-1.29696118
-6.65361920
9.83547233
-5.18009897
-5.29294379
54.90085594
7.79883838
15.04329694
29.75750260
-18.65932643
-14.80988546
-2.37480635
-0.73270227
8.20862728
30.14740352
6.59045680
1.23857255
-21.10235123
-16.09776362
-30.78275145
2.87609956
17.27632074
-13.12960495
30.47565758
16.34856823
34.02985625
51.68332325
4.85588416
33.75092603
22.02443428
32.65295455
14.97003110
16.43126193
6.42956188
22.50912306
31.36841996
42.19049321
56.46908179
56.44629998
48.11992883
18.13420994
0.16143292
4.88926345
43.64520253
70.54081259
28.02250760
23.85356498
8.42176661
44.32412852
95.94744400
68.28370300
-10.19854803
42.05337072
28.88543501
20.01727493
22.77669959
9.45166376
40.79111487
26.39867683
22.69932153
42.68532598
41.58551131
58.54464805
24.99521178
53.28164977
27.60767908
0.00000000
33.31576618
35.47984043
24.61756817
23.78434704
11.53711242
24.65235283
28.21419546
33.83309440
20.57789881
33.48952114
45.13541064
32.08198639
6.33809775
69.57063600
27.05655106
21.02825908
43.80430105
34.56881861
24.26332772
22.28222915
74.22340871
27.92534564
50.49351563
35.00051410
14.66700477
19.03371107
32.86624575
10.62641049
22.92579607
10.60034904
62.68425653
58.03217001
25.39765236
