4.76147527
14.96116432
-7.18526069
-9.57497316
-24.64532561
4.80724085
-3.90985439
-9.52145072
-24.85434160
-30.48902142
1.21972073
-36.34125563
-8.10225140
-38.77189189
-3.60204416
3.11099707
-3.88366662
-18.68496565
53.47167895
-2.50943347
11.82690167
6.08639738
-3.60437675
17.53366817
2.51308213
35.63498461
-107.50852583
38.30833322
35.61695802
-3.11805598
18.95811961
21.80332848
10.00810369
26.56926654
9.91897563
46.83708419
33.35091180
45.57954651
-35.00907198
-57.06938535
5.24509382
0.00000000
17.83118242
-12.58092052
2.72173433
11.72686448
-7.82235953
-25.32932666
9.28563737
-18.97348419
15.06068910
15.50939500
-15.42259420
-3.84661641
-1.27310366
-2.64446571
-1.09351077
39.16298400
13.61938343
37.67910460
29.86543638
8.84915956
0.46207137
21.33056207
6.90243503
-10.67368812
-23.34484751
10.66162526
-14.56802240
12.71292664
26.45193202
-13.78219743
30.00245718
27.83531448
-5.33151901
13.87244718
6.77603004
-3.98730103
-43.07988254
12.02199407
3.94417461
-6.93772650
-20.85538483
-18.30638447
-27.24517715
-0.75794250
-35.66882013
-19.53125999
-48.26263115
-24.80072890
-11.85991803
-16.31891954
-24.74786152
30.31546609
-16.83936873
17.24803604
-6.40590362
-4.11929849
6.80935032
-40.87084729
-25.81536690
-18.05662557
-1.65854281
-1.36995390
-2.96759222
12.94007901
36.13252937
-13.57741830
-7.86136410
-19.83246639
-23.80792887
12.68447776
-6.39470906
1.94456467
-43.64667851
-22.93640227
0.00000000
10.37431263
-20.37237206
-6.28443238
-17.49228183
-11.04182555
12.11906047
-9.21540156
-23.79740625
2.96117419
8.84076219
-28.87255405
4.85514692
-11.34312286
-35.09250917
-15.93581896
26.90021761
-3.80725826
19.69015815
19.79709099
10.46650272
-14.88828761
11.07658390
16.39788835
-2.09167176
-21.03620833
-18.60683992
-27.06517048
-4.94042592
26.55213857
-14.57453775
-8.17992200
-3.37806285
2.93419105
