21.76809351
-9.09216537
92.88819424
69.06901910
45.82408306
27.83650957
51.98257903
39.34014583
11.81814601
22.40864701
-7.85250207
55.59220297
42.16135582
73.57328387
66.96081012
62.35284598
30.91975941
25.18287336
108.68058411
28.18576204
28.21227829
-23.10509821
13.20631577
-1.03073464
62.53212239
94.30405065
-5.16005427
94.32531646
90.41130894
37.68380536
9.98835688
-7.25805398
29.45162437
27.48400518
-11.12197189
54.63526415
15.87384116
42.11612015
15.06545507
40.65063492
43.08869133
0.00000000
-35.39032338
-14.56545596
-10.45311951
60.94111233
47.83678014
11.48531687
6.44230120
35.04675656
6.25465549
-31.68630022
52.61838945
18.25849112
60.23683008
34.08825035
52.46232340
65.72610197
38.25527324
82.46320286
57.34980481
7.97991768
43.60233535
-10.42739300
7.81401407
11.89249509
19.46563867
68.41655452
68.54823759
78.04458405
8.27317504
21.37602219
20.33553493
25.25082726
39.46460464
50.65074968
-24.38333293
77.13236910
40.20938179
42.56179724
3.85210483
32.62543117
32.68688204
6.07904992
18.80069218
-16.89759027
53.11231927
35.47944668
51.15715531
49.28227992
59.21436184
-1.22552832
-15.66389151
95.14247621
29.38318363
22.20807696
-11.06865747
-7.35559528
-8.49670948
40.07163124
58.58310291
146.12389136
46.07869229
54.34450476
37.00653474
13.02950002
-29.91294727
1.22236388
8.42578161
-6.66305646
21.56157931
34.96393539
25.18331886
73.83835411
69.07945835
26.54212311
0.00000000
-16.35748173
-5.88688120
3.38850904
40.14830572
32.55186956
1.17365347
5.51967945
19.71014164
2.90825842
8.42872050
72.26959220
8.77224672
37.39091625
32.99013637
61.58469952
60.60159907
42.40304773
44.25511924
42.15339109
5.65450241
35.16346151
-27.01272074
-17.00584104
13.05266854
15.87888387
55.57226047
59.78659583
55.93930745
4.11412230
7.72076132
4.23640609
38.77105657
-11.94305697
