-27.31031975
-11.85847572
11.48516708
-25.38218152
-11.09729506
-4.04001334
7.16516361
8.99777009
19.23747813
26.96676913
12.45393235
-39.52843391
-38.52224148
6.51462419
-14.44030467
6.11281015
-9.11022477
-10.97955669
5.36148311
-13.54907349
0.92828648
2.58196775
-14.95744231
-15.37585119
-61.92665024
-39.47104455
-130.09171471
-11.79051591
15.66115428
-11.17343663
-7.87091622
15.80008461
-16.75127061
-8.23888365
-9.07432035
1.61573293
-32.11346821
-29.75609069
20.96242365
-3.97112583
17.33910592
0.00000000
-10.78054942
-10.83774211
15.29371509
7.37122596
5.49710413
-0.35731098
-5.08849019
-11.28766262
-14.93938681
-14.76642452
3.63849362
-8.87764002
-2.73763575
-93.62448192
-17.05196998
3.49085802
-9.20899076
5.48396665
6.78946852
-2.49114739
-30.10586045
-3.83640838
-27.47133917
-8.34919453
27.23027884
-4.14830737
-6.99857334
1.91304440
-11.05060229
10.75524027
-23.50712712
-2.50739677
-4.28538678
-49.48481895
-7.37704091
13.57770749
21.79108674
-14.68204205
-3.50135515
23.60618024
20.43023421
12.39138285
28.40694034
31.31354516
-8.62129983
-16.53726778
9.17406539
-2.03623343
0.48924773
12.59123286
9.20987018
9.31824326
27.46787357
18.36604371
13.66644893
10.81658923
-11.44490266
-25.61079274
27.63613355
-201.93499830
54.67922126
44.20168782
-3.22328235
-5.22619983
27.33911191
3.53438134
4.24828712
17.24103659
15.56130113
-8.54037463
-8.44570900
-3.81774655
-16.38139013
12.05083987
0.00000000
7.42836978
1.97109173
10.83396915
36.67412712
2.38283400
4.62344976
10.18906506
10.10430588
2.66756811
12.78118607
4.07865646
-13.68209673
-2.10367908
-20.33471831
-9.83991732
30.21010995
-11.26015718
6.78276961
13.25092820
11.91390696
-19.29666881
-12.03230776
-15.51232124
-2.91337020
25.60352464
37.10192607
12.96053675
17.86966751
-4.54357375
1.03063144
-8.76709117
2.46079092
3.85933178
