60.54449430
-25.40013220
-57.50994399
-28.80916951
98.18855940
1.34184955
-20.31193160
-34.77375983
-8.67144643
-4.29384135
-52.00070692
-20.31325428
51.51987588
13.92505819
-16.82476602
-11.84657849
-10.49278253
-16.04479047
-20.15352108
-65.43920732
-19.11031314
-29.14156093
2.84262861
54.88872558
3.86598679
-24.41770635
-81.12674724
-17.03726149
-66.91497143
-42.03990885
49.58945608
0.61270750
-21.03827441
29.80698627
12.88349955
32.84131109
-13.58897296
24.42923696
1.92761960
2.65346915
-17.88656378
0.00000000
-30.41071152
20.80947035
-25.56321264
-33.93800408
-34.07522657
15.82867212
-1.76530620
-19.34258341
13.11547554
-27.60746194
-13.90847126
4.49602092
-13.24176839
63.89439479
-59.83951940
-40.11107828
-33.96581120
-19.33685420
-17.22181156
-9.32225871
16.68306413
27.01122897
27.74328929
-44.31385776
-14.61349112
-41.07519953
-35.53565188
-40.38549575
43.10391916
-7.59708207
7.85643994
36.57438575
2.85582617
37.27621049
-6.91565124
-44.38727532
-53.54614912
17.87134405
4.96502024
-28.14284381
-23.65749960
-21.34270641
-7.26225895
-46.09460192
-43.76090912
23.91643763
-15.63280865
-24.84552836
-9.15763079
-16.35006129
-18.73518708
-46.57987116
-56.21439420
-6.27312519
-33.21505535
-2.67044442
48.27223302
-19.61119007
-51.09992179
-100.54179803
-28.93899512
-42.94059947
-53.13787120
54.69660885
52.19836504
-2.75989215
-15.50930750
-2.57552769
-43.76846669
-14.88181186
-2.51551840
-9.65207381
-36.65467210
-20.31043436
0.00000000
-19.65859317
19.74714484
-17.65986774
-26.22982901
-35.50710716
8.05663820
-10.03955731
-27.73243660
-4.21219397
-19.37738914
-37.87830694
-19.45602167
-16.89306770
-36.68724172
-64.02622715
-32.85949156
-48.22744556
-39.02841723
-17.67345311
-2.47531484
-25.56782180
36.03130871
38.07800034
-33.02594286
-17.12147153
-34.61994276
-36.90181850
-27.68446560
59.39338824
-21.96149496
7.63415947
-10.79093529
-14.56405069
