38.12534025
2.61820605
23.59034009
-4.24384845
36.27469011
20.17188044
2.33079937
13.09842728
9.26338874
-12.53773638
10.31000728
-15.74562699
5.50139883
-98.96418525
18.62877102
20.43556275
3.47496839
2.19430467
-31.01994955
13.13022004
5.16664957
18.22609445
4.87840252
-26.27427745
-17.79914940
-4.59364828
44.43204327
-12.23079257
-7.79591874
29.96566141
-10.78794239
-5.55307452
-0.29211308
10.05001304
-1.82756919
-1.59506918
5.67369146
-23.95381058
-41.75268810
-36.73997537
0.86320628
0.00000000
3.73885736
15.27035997
3.36788555
-4.27206707
7.76093072
-7.25260569
6.13991738
5.27834475
9.71000981
8.88189957
-8.03757162
34.13371929
11.59563199
-26.14130903
8.87301868
-43.18856135
-17.79032917
-28.45089727
-20.70515123
-2.04755173
-33.79741510
-17.38779218
-15.87684402
15.04718435
-5.20985287
-2.00476598
-2.99152824
16.85332950
-20.09900414
16.51896869
-2.67559245
-21.77959762
-2.17442004
47.40423356
28.27496449
12.41749241
3.87621487
44.27445660
3.68039130
-8.58153863
-1.17030966
12.11412702
-18.68558252
27.83271312
23.11964511
-1.29017064
-0.15449399
7.79310112
22.58539640
-7.12193120
-8.87317349
28.01017606
52.17020244
3.31891717
19.78457100
-4.64881467
-19.40594338
41.31842412
-17.83177329
101.82288522
-16.42577297
-16.02643139
40.95452994
-11.85848190
-48.95858621
-15.82778765
2.21634690
-10.50775847
-2.99128200
3.16424546
-1.13982874
48.89574329
32.87883398
3.63399142
0.00000000
18.40672522
2.14613095
2.45482373
-13.63725977
12.77887753
-1.22451737
-9.11504804
4.81276040
-10.13046515
14.13555383
10.60954369
17.22330028
6.91852789
37.14724579
34.37603422
-6.38544418
4.02355740
-2.20925339
-12.99815667
-5.03765722
3.82935875
-26.22617303
-27.08732728
16.01745736
7.69188903
-11.62769462
-1.07273369
1.96957034
-6.82450638
26.36719464
-1.13774825
17.91325525
-6.86492327
