23.40101178
-28.38780689
-34.02933284
22.92620824
51.84546427
-14.29391059
-10.37802492
-8.88426879
-27.60944097
-19.34314057
-36.94009222
19.32590445
-14.73995230
-32.52498983
-35.09746669
-43.99162041
-6.45390877
6.18784391
-52.40918836
-66.65634615
-13.96456708
-32.15276451
4.62581270
0.71313488
-65.29551119
17.49301153
-45.77686940
-119.50661615
-23.96914053
-50.81046000
8.95850458
18.45055577
9.45090118
-0.95492595
13.54354795
17.08127854
-1.65721266
-26.83334229
-47.99951156
-22.75425092
-3.27410876
0.00000000
-29.78597825
14.32122486
-14.81055762
-14.57323089
-13.31574203
-3.74136039
0.37374199
4.74155912
1.00086063
-38.91598836
-16.74961636
12.51927343
-34.09297202
-52.34541160
-33.31900330
-50.41532421
-42.94005985
-27.06979020
-8.24166755
-18.87291718
51.46123919
-11.91060411
-8.24807531
-36.41784050
-17.47827824
-10.63180774
9.37496252
-4.53423543
-3.53790676
-49.63063422
-18.31000656
-32.74251391
-5.12409687
3.35433236
-23.49090297
-29.53106455
-30.08903179
-18.74283008
-16.63699863
-6.96486910
-7.50288677
-36.92877917
-45.36751173
-23.06111420
12.89075008
4.19395062
17.54000846
-25.92592949
-40.61531707
22.15215807
41.21275221
-76.57847184
-69.48084979
-21.53189812
-34.17830940
2.57462357
8.28669827
-67.22324237
-12.16410034
-83.35221196
-37.94204586
-31.79814897
-61.49152314
-6.07423418
-9.28452524
28.45852559
-14.88268282
25.37406612
-6.58507379
-10.76857991
-40.10938698
-42.29320486
6.27205361
-2.10341305
0.00000000
-40.77815419
-3.54012833
-13.15826176
-18.17209182
-21.82258413
-6.07014423
10.31166350
7.59680396
1.24771326
-34.76895661
-11.99007677
0.39599662
-22.73173231
-19.99819306
-38.11430610
-67.91896833
-56.77043729
-36.67292877
-23.81169359
-16.97659331
9.25287611
11.50153195
-3.10389898
-20.58848719
-14.71702725
-15.79894208
-7.70290849
-9.19044971
-0.40796907
-53.75880680
-11.06405502
-43.00602883
21.44743868
