31.10532034
58.38755337
-35.34241463
43.77820286
10.60723807
15.29854247
18.68857662
9.68962637
-39.84195668
-31.10146353
-12.77526173
34.62612053
31.85385777
1.12350817
24.03002962
-5.34033922
1.11255653
-2.55153100
58.46676424
25.82016693
34.89428760
2.05415394
3.07185418
-6.87399064
-43.03996569
57.47215069
45.78595245
29.55296933
46.68579420
-33.25224262
4.47862289
-9.72447734
9.19640967
22.56445806
26.68178490
50.37394450
27.97229330
34.59500580
-15.93259825
-3.03774380
6.37880837
0.00000000
21.21019053
-2.74177336
-22.33705218
21.38946916
-6.43630064
-2.11012635
16.77317527
18.22084137
16.05798028
24.02753384
24.83378022
36.90338783
-12.47194104
-25.96110439
26.42313778
54.37476856
46.03967980
69.59108606
44.47709505
21.63778018
24.75433224
-3.37370265
-10.76878028
7.78183894
-14.95198232
23.45032048
39.05143323
32.90845376
-0.04168595
-37.54253440
28.30654301
-4.47918881
-19.89162402
4.78264415
16.08711109
-39.12296272
-46.03585461
39.36247218
-13.66147969
-14.82520397
-14.12742173
-24.28460981
-33.36685266
-25.31091515
-6.32919332
-14.81512247
-40.16529232
-23.34300862
-14.40068092
-17.86572440
-11.87139182
23.89627530
12.50258534
2.41857066
-17.63254207
-7.26532244
-10.22074727
-78.53342064
-32.84881078
55.74605368
-30.72590229
-18.54517007
4.43990119
-16.30568488
-37.01237540
-57.72978471
-25.59438562
-28.59226540
-40.46328475
11.90730769
-16.45317840
1.03896597
-25.69272303
-26.78178332
0.00000000
-24.43457544
-14.51043043
-28.14589367
-20.71981135
-10.31948131
6.53383578
-28.50946599
-14.74870839
0.50625587
-18.49644555
-11.83785440
7.62585925
-18.63005229
-36.99463257
-2.18488652
-13.16253568
24.64266848
26.66963573
15.50903963
-5.41810046
-10.05688942
-11.57331918
-18.06494664
-10.66250620
-14.99520606
-24.69329567
-6.83818651
-3.02801658
-1.26688960
-10.55579195
-11.44285200
-20.56170381
-40.05759930
