-13.94053284
-28.78208537
-34.77993296
-45.53939844
20.38367641
-2.65385719
-5.37490058
3.65179804
31.50304436
13.67607826
6.21218158
-26.73718804
-3.19708728
26.30043040
-13.45497177
-4.22680942
-1.71464847
-4.75048250
-58.76745993
-14.62691746
-16.02015459
6.05266364
-12.36450804
11.94144741
-1.35987196
-51.25522234
-62.50413516
5.69275038
-11.90802585
-0.71266698
1.75429096
19.01858502
-35.49499136
-27.42598352
-11.24341223
-35.05703212
-21.38783580
-32.99283027
36.32535535
7.51133406
-0.13735503
0.00000000
-20.81824960
-31.22917093
12.70086358
-4.30421410
-5.19639630
6.61001831
-10.07112519
-15.16821969
-21.13142748
-9.11727242
-8.37475466
2.97994706
-5.65473616
-3.25078514
-25.42101046
-29.12140735
-26.08518638
-52.98819753
-12.59435319
-15.97055468
-0.00456153
8.83517460
9.84425246
-8.17252953
21.60564699
-1.84496389
-18.19844606
-20.79027203
14.73259053
15.43647657
-16.51467982
0.57723869
-13.55589707
-20.37875877
-0.64152288
-11.14307916
22.27262177
-14.92090957
18.21510420
3.65902139
12.36397608
14.12925606
25.87866368
17.30223494
-22.64114432
6.65848756
6.67278508
-4.28154594
-10.09975398
10.18804995
18.02112140
-20.68621389
3.64790428
-10.12473838
9.37370916
1.55332764
6.38767729
7.42666869
19.58518874
-156.14517526
20.53883743
7.57197149
-26.44527662
3.45493891
51.77439862
27.31130034
36.05423853
14.51451053
29.07460947
-14.09484688
14.99718593
-21.91867281
-21.09161537
-1.08815933
0.00000000
27.39920535
-11.48673580
7.34055408
9.44768170
-1.25341121
19.02873020
14.78481188
1.96717055
4.12147602
7.63392107
-20.68206119
18.05358554
1.46225648
-13.53417500
-28.63399193
11.77132160
-9.97625373
-15.28966386
-18.88336214
2.90168010
-6.51062822
15.86489775
18.21501231
-9.52991261
12.95539978
17.28129928
-9.04297897
-6.48260140
23.22207610
2.93814203
-0.41034121
-1.08349090
30.77335063
