-22.92862285
-9.28296170
-43.96081026
16.89530596
-12.45257059
-16.73453224
-4.50152126
-10.96690463
-53.94680718
-24.84966963
-24.83174495
-17.62169912
-12.62612002
-68.83063879
-70.55557339
-44.96833553
-6.98284938
-12.29976457
-78.30768005
-84.95592679
-3.99104202
-8.95210374
-14.80284965
-11.17701662
-137.62594301
-2.73622261
4.98519535
-46.80644351
-29.83489374
-60.13297709
6.61994212
-5.33897222
-1.35386678
-16.64183429
-1.72892292
9.22575948
-0.61740860
-28.73165875
-21.71283159
-65.48972580
-11.01864826
0.00000000
-22.00854181
-16.78924634
-12.73149642
-9.10122701
-29.16757907
-26.85371603
-10.41377449
5.00397516
-5.34243227
-19.80726670
-49.47146074
-16.02377333
-40.37960282
-121.13052987
-66.04385739
-69.17030261
-55.01078734
-43.29037600
-13.13507567
9.99975755
-39.24065099
-0.69420154
-13.96788882
-23.31092101
-25.02124291
-18.63561703
-20.93671523
-3.02351633
-13.36932898
-67.11039082
-21.76614894
-47.33816867
-13.29925168
-26.08708095
26.13462057
-37.79496164
-11.60757959
-54.94691010
-31.15886133
-6.34700475
-4.00755762
-34.81141958
-25.40723895
-32.76906147
-24.19506040
-39.68549400
-59.27066894
-59.20914980
-35.04561694
-6.69803463
-5.11056399
-54.89999795
-88.54734996
-10.72759931
0.39462266
-10.56000783
-23.82864764
-103.57910727
-9.20069908
-58.33697562
-44.21644999
-29.05574339
-45.48430830
15.15648135
25.45671284
-16.53708636
-30.78938016
3.40685543
-20.53666657
-16.48963182
-46.27767543
-35.80624438
-59.13199775
-16.26444489
0.00000000
-55.71060547
-17.47211089
-22.71560204
-8.75387620
-19.37731738
0.12814601
-13.12715462
-1.62753300
0.20090020
-37.48762636
-57.33724190
-26.14253706
-28.46024342
-29.64456188
-62.78332640
-54.19680435
-62.83566930
-52.81795778
4.83705625
-3.14062262
-27.68311537
-4.39799056
-17.67082413
-23.63034906
-14.53170050
-17.58868950
-21.07372010
-6.28931713
-8.63636807
-23.24709053
-34.01145507
-37.33210126
-17.38246343
