71.23935122
83.10540702
56.60330957
75.97375879
100.12929727
35.41824896
38.37920564
40.79719411
58.63794573
6.67169476
75.41529248
43.11273669
12.83150973
68.89120387
69.04776090
53.68813617
35.09240414
37.56175196
59.34346588
91.69323948
45.53122538
76.22559374
17.72395440
6.52762703
140.29740599
76.96442182
118.30285895
77.49364536
68.93904751
95.72634562
14.09571428
-6.28220515
69.65166054
46.87424317
22.58934253
30.72596347
74.19444011
75.75182844
31.49286713
40.15570572
47.15952227
0.00000000
87.82172091
7.86632638
32.10912377
65.52225635
40.51077900
19.42707091
34.03572529
48.48605561
23.71861649
73.83878420
71.35027877
33.05116100
50.51288492
44.86913192
98.80225805
25.37541899
21.71456369
39.69687014
29.06671458
16.91410958
42.42289469
-12.29972608
21.44545490
56.19771798
31.43044376
79.14217788
65.05964737
68.87619258
26.54154159
63.40222924
58.13780303
40.62494090
53.73376899
70.42242197
108.44669171
45.44273630
48.01595688
60.20516945
3.80589030
17.36927629
28.90429044
57.12191391
30.96685037
78.64556271
13.26830577
-5.61987971
-26.05762406
10.98235955
42.13862281
5.03592528
-1.80867245
57.69016343
104.94628030
18.88438481
60.22691085
9.33488586
-14.59211251
96.89957597
48.70768963
211.28683004
50.76977097
50.05755520
110.81953296
14.44857304
-42.68951256
13.05851256
1.01184243
10.49897870
48.78083637
54.76229481
28.17627667
25.52711314
12.41636001
28.67016419
0.00000000
76.02308525
10.67486218
26.92426671
43.87821734
56.04502546
2.52868537
9.77786574
19.96646675
12.11258647
17.90883357
25.29794754
16.01423905
31.10112889
50.74316628
85.03012095
33.85437634
26.57181575
32.04684366
3.05717960
2.97292270
32.57922289
-2.52407068
-17.63846525
27.42302143
30.50188045
43.51516477
26.44377421
31.95445457
9.39948028
68.73867578
20.42445199
38.83207206
17.53001506
