-67.49277617
-28.10950067
-0.35732406
-44.55038835
-85.64185598
-30.23677736
-9.04081048
-20.51040322
-22.96407441
-23.11637594
5.75490949
-26.80559574
-70.72812108
-57.29367709
-31.62728196
-30.02135954
-3.99774826
-2.61302775
-66.61668981
-4.52289191
-20.99495748
1.63188813
-7.99513367
-49.78431045
-21.43077820
-64.28480442
0.81428326
-33.17833258
-23.01447004
-23.04959158
-47.14840351
15.54227567
-10.77400725
-41.56453877
-22.36303178
-64.65640632
-16.27567637
-51.82774668
-58.66032272
-31.57195848
-12.12279398
0.00000000
10.03105746
-11.52199091
2.24821267
-5.86697764
-18.81181487
-26.57362794
-4.15920021
-22.53916993
-1.86563779
-17.90865689
-33.66302928
-13.72131078
-4.35851247
-8.64189665
4.32151142
-49.12659746
-27.79260754
-46.55463063
-29.20751270
-17.76781966
-59.77724453
-19.24765632
-46.10565189
-7.05419109
-17.96710687
-19.49607811
-11.00137748
-27.14580197
-57.19344991
-25.43035982
-26.02573119
-47.34579531
-10.72376263
-50.01175681
-15.51778639
-3.54807339
-17.73038148
-28.63742238
-11.46054671
-13.52025100
-12.17832216
-18.81965406
-25.98654108
1.67244493
-10.15302458
-47.10278483
-8.37080523
-1.54426587
-20.05509203
6.27163559
1.48522874
-44.62384844
-32.44252642
-15.96192264
-2.56382828
-4.79452378
-39.66582286
2.24080268
-28.05408961
116.19535910
16.22082318
14.41199898
-19.01453811
-48.93878650
-23.19384241
32.09442179
-13.89792057
1.38153030
-4.18402557
-10.73837350
-17.44655584
-41.48430832
-19.09379583
-5.26581421
0.00000000
-2.27351097
0.77819279
5.00782106
3.87355333
-6.33838395
-34.38869300
4.71481492
-8.92308853
3.78503339
3.38675849
-27.67726222
0.24453277
0.48452608
-9.00852540
6.02370972
-33.96583766
-26.31814147
-22.86931197
-14.38891881
-5.76606944
-40.30566723
-19.79570194
-23.36162379
-6.33753995
-16.01721926
-22.38763130
-3.98867846
2.56131657
-67.95422006
-18.11131213
-4.40574940
-29.04312870
29.97586745
