49.11383952
-16.56313072
58.05027994
52.26928160
67.92023842
26.31085205
48.96448882
37.63549291
3.49300003
3.97306832
16.94642646
39.70740640
36.56796921
32.40537384
74.68606957
54.75146786
25.06249877
16.35092216
56.07686972
46.77912951
17.00945114
-0.38760550
12.74481905
1.03169726
33.28336004
104.04806950
-63.36733844
97.46615309
89.88020322
14.86735527
11.32180660
-14.20605025
33.23027454
35.21502020
9.49339995
64.35848525
16.07720628
21.11121925
19.62957955
12.80980788
45.59639254
0.00000000
-32.87973216
-4.10837443
7.81670562
56.77810234
29.99929435
0.59659504
17.08884090
33.25837602
1.92998563
-16.82471849
53.24854289
40.37359294
55.93437726
58.88045319
43.32482214
36.29869749
21.06431537
45.82659438
30.74811787
0.96347746
47.39440183
-9.62102986
-0.06834685
7.21270873
12.52449708
78.17623125
59.71163107
79.02760948
4.28414587
11.71067680
8.58112660
8.66808437
35.77451437
62.70347163
-19.49492160
54.30060337
22.59569300
44.30443122
3.44917358
32.41484740
26.26245506
3.87459489
3.80678903
14.70948538
24.49942285
8.75148029
15.00839193
36.38446399
43.90290292
8.85152593
-0.30643791
66.09887237
36.41089275
6.03663592
2.05795742
-4.85824145
-11.41331044
17.98003438
49.43049543
141.91089844
49.21561703
49.27347828
18.82904250
4.90048756
-38.88262043
4.60331435
7.06144349
-7.54684689
20.46596120
21.15399410
9.19322778
46.34307409
39.07691937
16.14736540
0.00000000
-10.27871348
-10.22380712
7.10583885
34.68037671
26.67833503
-0.07992935
5.42837164
17.92997642
-4.51823625
2.02706345
40.95177599
24.18477915
32.54782796
41.90533324
46.55232123
34.68494487
26.80029764
17.90410995
22.39814482
-0.66018921
32.25939981
-24.38953176
-24.72677726
0.46264363
16.46440273
45.69333214
30.39241840
44.73345470
-1.93934726
4.02827563
-12.00511074
12.77314898
2.09279560
