23.23575280
43.26418051
-10.36478508
2.27490948
-31.84402164
8.30199175
8.26005367
21.82617845
10.83905565
1.48378159
34.14732603
47.17372058
34.59678907
-11.14770178
6.88938817
-2.56497939
23.60448131
26.81981444
-14.48824614
34.34322781
2.42806020
28.39857151
10.42235629
4.37632143
30.89231816
24.49728934
106.68968428
-3.28580749
13.99725977
26.19279203
-9.06617481
33.34497676
20.93339235
30.06402115
0.86322893
-9.01526179
6.36321558
3.81185925
31.36427031
18.57988910
16.92510111
0.00000000
50.09431201
-17.53562147
20.86281254
2.30202218
17.47844826
29.96248723
22.45012933
29.39193028
0.33690094
29.92773246
-21.41671463
14.85172810
-2.31044771
77.21024780
4.24230008
2.64765310
-0.73153754
-18.54053073
-20.86907012
-2.76959882
20.03846692
5.87492869
5.08397249
23.82725153
23.07186857
-1.39754833
7.35252858
9.39704128
7.74685763
21.57170075
1.97075482
18.35286093
-9.99016918
26.33056603
16.20954328
-19.64596812
7.20711081
21.41833673
12.83037505
-0.67144823
13.55057819
17.83516100
8.90263542
40.59795445
18.69077542
13.72010796
15.44761224
8.56463326
1.83330954
4.69568373
25.23359580
-33.11442378
38.20790641
-19.39423232
27.25206387
2.28600127
6.33467344
32.10816682
-0.34789760
72.99876004
-8.81875073
-0.21437638
16.19868121
-18.92148792
22.05741994
52.82615187
39.30573921
-6.69288792
46.94487177
-2.57523827
18.44399448
14.39464308
6.83098162
17.20773547
0.00000000
31.29468080
-10.76201042
16.73679918
-1.29440382
15.57585133
24.19672277
19.34753681
12.63212700
-5.28759453
12.65841634
-8.15614205
26.52083041
10.91200556
43.81628458
7.46655275
5.86328367
11.69865548
-29.30280411
-32.48535334
-4.33290325
2.30473070
-5.82834849
10.61046027
6.71752203
4.35238872
-7.64807569
-2.02374152
9.51182806
-3.87735521
10.57361700
-6.95558014
5.10108394
55.03831526
