2.42599241
-23.34102156
25.69462228
-9.03626539
-6.20140500
-6.14379840
-3.03391452
4.69771611
22.48895452
28.35772129
11.46617504
5.84080686
54.75536339
50.28372269
25.11641942
28.66063351
-5.48176272
5.33515982
10.60207461
31.80912070
-14.72718748
-0.42470221
-6.79002578
0.78151106
28.55331659
-21.14702897
-17.86432000
-17.05591729
-15.97795461
27.05397773
-17.87912266
12.56769181
-14.50989958
-23.40612564
-32.05199234
-29.99871903
-28.86625735
-23.76733513
27.25737820
30.33908727
-12.64999407
0.00000000
-14.12126678
-10.54691787
10.51874536
-11.18694011
8.69632630
34.33153515
-21.39061747
-2.67411330
-14.52591356
-6.63994451
13.38580638
2.13104485
13.74697142
51.86557700
8.21702845
14.53073612
21.35721744
-16.60433282
-21.20680332
-8.29849201
7.37750563
-2.06945086
12.17236505
13.17719509
15.93437823
-10.05141346
-2.57784404
-10.98712051
-28.91986349
26.05425588
-24.53264033
12.68739322
9.46523589
17.89866988
8.54511364
26.57116744
30.73967192
40.29595612
28.94503204
30.02250879
30.68813029
20.98773704
33.25479656
15.05976340
56.89247847
61.27736315
62.56325848
62.97856521
39.04048170
26.35619805
24.99765384
42.83611897
57.73524734
17.14203038
14.46552567
11.72380208
22.72762678
95.34020845
66.38521995
6.82148909
50.92513510
45.85975884
29.21180794
-8.93103276
3.56882119
38.54824193
41.69890231
30.42425381
44.82016589
19.97898856
50.89417067
34.67004988
53.12257693
34.65411543
0.00000000
21.47382673
25.94453610
19.88177927
34.07495040
21.46716788
24.00552925
32.88641219
34.75749275
6.37108048
34.92441064
48.99025766
28.15401801
20.19144720
79.66672903
27.43212474
13.77198161
43.82106510
40.12546605
15.17317228
13.19221040
57.27429118
9.14536739
33.14393742
35.11580669
27.81110315
38.52901706
53.39546852
28.58363282
5.05339330
26.08744279
45.51669072
63.46618237
19.37017129
