5.00291001
-28.48774309
-0.50473161
34.15368256
27.27343664
-10.51286998
-2.42278670
-0.64937407
-32.64393828
-9.70873986
-46.37094055
45.28085371
8.96243055
19.23214008
-37.10350780
-35.62274291
-2.03455380
5.80983078
-37.74810518
-55.13273851
-12.81627526
-40.48705704
-4.57761143
-21.37491900
-87.47784488
5.32362353
-29.48141947
-101.42674753
-7.59250874
-51.10144826
-17.07408222
-24.05300321
-6.78724870
-11.06887754
-17.12516961
29.75639389
-32.86473843
-51.89992939
-17.01543878
0.70123307
10.06845136
0.00000000
-35.85648778
-10.97840402
-18.25128046
-13.11017808
-14.38169818
-5.79077104
-14.12001882
14.76721898
-6.24688527
-25.30320987
5.34952377
11.48212537
-32.74235358
-92.77433357
-30.46400735
-18.18720006
-15.92027457
-17.66066254
-16.33252848
-8.62384049
21.50746689
-35.26262852
-10.23356222
-24.56364287
-12.78685798
-11.53030156
2.71784579
-2.06254851
-28.40933594
-59.13025790
-38.29571372
-44.49934633
13.40130512
2.65777192
-32.59561846
-7.86913948
-16.64750379
-3.08033649
-10.91625379
18.04424810
12.95978805
-32.33388535
-27.28277643
-38.85371815
2.21120259
-4.69016842
-14.29745963
-17.82867746
-33.21509900
-1.92613884
19.55199030
-66.84981121
-66.39379299
-7.68382384
-35.83953054
-11.42956797
-8.73351812
-71.90336949
3.51453451
-45.09403576
-12.19300665
-8.94955076
-49.98168199
-15.46304086
-44.95722673
22.72385411
-3.88159515
4.62967199
0.24163313
-27.18166049
-55.29089692
-39.44198512
-26.00511770
-0.55047535
0.00000000
-43.42516298
-14.99139345
-9.42573501
-2.77279669
-8.56886921
-4.62324290
1.44971732
16.95342249
-7.03953160
-11.24271160
-15.03236537
4.16922957
-24.08384261
-25.76449936
-33.92036855
-46.75492451
-34.30497244
-34.81953251
-12.81711788
-10.71173141
9.35720323
-18.17905943
-4.26210548
-23.91204087
-5.35520254
-2.07555868
-4.12111681
-2.06686318
-7.34703015
-46.63026012
-24.28211482
-38.90592036
10.83843804
