17.79347825
64.92158278
36.06945182
30.56730477
-0.18329835
14.81455341
8.12230587
3.78748885
-1.41618555
6.60432991
67.78609680
33.30678409
51.57255440
74.06180869
43.78775035
30.24347831
-9.03989843
0.21571493
82.87875181
107.99345152
36.89824793
51.47132115
6.28230345
42.33047482
41.75210515
19.23703633
75.06894365
41.33441096
27.32273011
41.60353058
22.72966348
-16.26153073
42.25919139
48.77577644
19.70597461
47.13421601
37.56837889
53.44317387
68.90910730
51.14217492
15.59782735
0.00000000
68.73278061
10.32451668
48.31319351
20.46953100
12.92904558
27.43442730
1.95300817
8.86031119
18.54071197
59.43540932
30.19087878
21.63317095
18.98328232
36.87938641
35.79312636
66.81092293
68.63699071
46.14549365
39.42886804
28.64045806
16.87518450
8.95529429
28.10386987
32.30453120
-0.45671951
4.78160004
3.25989705
4.69954776
29.36384255
10.56759971
36.58428401
45.22462360
46.82846347
18.31429917
118.97865450
44.69822028
37.15606369
28.92515749
23.19494992
12.69102864
10.31336694
-9.09857719
14.25986995
80.48343789
21.23374755
16.73306669
33.70141528
32.49908393
30.59944264
14.31462940
9.15460855
71.51779642
131.04304273
51.76974912
63.12812783
9.50279858
22.43421485
22.95359464
11.71233002
127.75956454
27.51599280
30.88707812
50.47650518
40.05256413
-0.88325183
35.57894602
12.20868281
24.88753376
18.78673310
35.74384293
21.65890394
14.75894040
20.68901431
18.14210200
0.00000000
86.35741334
15.03091948
38.06027636
21.57110072
19.60584731
-5.49376678
33.44806716
11.19663246
22.48279146
69.63908682
32.56951774
27.01730380
19.51405304
15.16070043
30.56239439
52.17324830
87.03045740
44.52436061
36.40339817
28.40759611
29.21983261
36.90321689
13.97726054
37.15850237
4.48667500
10.44211192
22.83854559
3.92350987
29.79494209
18.96534098
29.90228284
44.10822963
23.06888359
