3.60739549
9.10459086
-7.16719387
-1.02848641
34.59280323
-14.32256063
4.09365338
12.20480339
39.19358685
35.79320597
17.56345295
-12.51427287
-4.77910122
59.95831234
-5.25282958
-0.36819636
-11.26855789
-6.52615211
18.93463542
-6.52020435
11.96799476
10.67623853
1.74588467
32.04200888
-14.78033970
-33.69388193
-186.54864121
-36.32866225
11.76612525
0.56075576
19.40248692
40.24362018
-7.46935272
16.21939601
-4.46106504
18.93487610
-9.18120138
5.74535169
68.75131949
16.78828958
30.82710779
0.00000000
-19.31748491
-21.52804718
19.48366829
8.71556987
10.07862697
21.72322393
-10.00963426
-4.79709023
-12.87184182
-8.37656136
35.51750555
0.87776507
-8.22879848
-32.33978238
10.20405846
8.98116576
2.22214766
6.39324925
24.33721706
7.99274008
18.29613865
20.83864784
12.29603814
10.34780467
43.24235350
7.29910458
15.08425249
3.53843565
11.07098333
30.27116593
-7.33155832
35.87509196
22.07736451
-32.76487243
-10.43671981
14.42849984
34.96997606
-0.98639151
1.64923767
16.97489143
29.15461436
33.67499001
51.38228233
38.03556047
-0.40308528
15.11386281
24.74953066
8.07874905
-1.81047031
35.08016627
28.16313101
9.16183860
13.59986263
16.31124468
25.48483793
23.49323327
32.39281024
20.16158327
32.28026226
-38.82927235
62.81461643
45.86714102
14.15371911
22.11377880
37.13444672
24.46669549
25.02090245
45.69582875
17.11951912
0.45988889
24.59489340
-24.47579872
-5.93433850
18.60083110
0.00000000
17.47650354
9.91258763
18.12966290
44.06140180
3.22473512
18.04355005
32.12866404
8.02731083
11.72001385
3.25139882
37.19048335
-5.34591596
3.47366387
-3.05396029
7.85995446
38.29803075
-4.25345585
10.45352212
22.45955501
16.01408135
-7.57355103
18.08008899
18.20653839
7.00425026
41.12197948
46.07539280
25.35995644
19.57618102
28.15581628
29.41138707
11.32352048
35.94206155
5.60011692
