-18.40463231
-45.10833569
6.23507746
-17.99672038
35.08924429
-8.19177821
-3.06306905
-15.31929043
-12.83783716
-12.94572879
-15.46928908
-34.00196806
-46.32982947
-58.33150559
-57.71811523
-9.97615285
-7.33655604
-7.51475908
-32.24982929
-18.58061232
-23.74741413
-17.73363833
4.70994000
-35.04616229
-92.47035371
-51.28279979
-20.37825229
-22.30198728
-39.10687753
-22.79928639
-10.23369617
-18.82437808
-17.79387373
-30.40623757
-16.90047515
-10.27056593
-44.65801961
-75.10290091
-63.90917525
-63.83316101
-9.14931237
0.00000000
-23.87836757
-8.06234585
-8.35060122
-16.80245620
-1.10618793
-0.14861338
-14.34006887
-17.70894251
-10.95399141
-12.60724848
-40.61145025
-29.85586953
-16.09472240
-72.50741149
-46.27394013
-42.62359056
-27.52699606
-36.93145978
-28.46669816
-12.61465098
-48.68149400
-18.21388438
-36.71464452
-16.92002956
-6.23970651
-17.94356402
-39.02371901
-20.35768541
-34.77310822
-19.13547245
-57.18065486
-36.97105122
-2.11556822
25.59993990
-35.04905386
14.68951480
15.18942563
4.70273313
2.83615448
13.86417580
6.99468795
-4.87269681
8.33897660
-11.12596883
-5.27834818
-11.34162136
-5.57906287
-1.71142721
6.71525718
-4.79455200
-9.07039738
9.65181034
-44.72868844
-17.24597506
-7.56222557
0.61106508
-28.64772024
-0.56614211
20.37393803
41.28631672
11.33215234
8.74756369
-18.89474178
3.00891956
-8.57016631
22.35214419
5.76488341
7.99694794
4.66670314
-13.03776091
15.85191144
-5.81961484
-14.77060270
7.83981892
0.00000000
-0.55753133
16.32857517
-0.50802134
14.07277493
4.47622838
1.46770511
9.59160900
7.49456024
13.56845389
-12.03265867
-5.39192471
-2.31414576
4.71600248
-10.38274138
-15.82984237
2.52287028
-32.71793552
-17.43048920
-5.25093543
-7.85959263
4.21281201
-19.00063968
-27.18779297
-12.39179810
4.96510997
9.94750230
8.02509817
9.40536364
-4.27927072
-0.85487718
-4.57282265
3.45006145
9.42588886
