-39.84490750
-47.72758251
-3.20320841
-62.71063645
3.91884674
-13.35921928
8.44700072
8.85711308
12.85233708
5.95126086
11.34691390
-44.33747498
-52.98912925
-19.33848653
-26.05540317
-6.95466195
-10.70560570
-12.70097377
-61.66531547
5.11275383
-8.33071733
7.62492863
-24.82309519
-11.83561266
-76.45354059
-66.72981893
-48.46534088
9.14753346
-9.37087804
-25.43447946
-13.99014054
-7.15614629
-51.17812492
-58.48885818
-39.79975896
-54.71246757
-44.55236807
-69.68859893
-6.40086573
-31.07567094
-10.82389097
0.00000000
-39.68220341
-67.74570941
18.86260709
-3.92566167
1.42804143
-12.84571675
-28.56223344
-18.33780932
-35.30898418
0.92178470
-17.14174370
-1.37412086
-12.93667630
-42.71208529
-37.93279309
-9.20265740
-20.17269327
-58.67501066
-15.08265700
1.67937630
-29.71453423
-2.84549038
-10.16500741
-20.24822754
17.06919148
-0.72540965
-27.77089313
-12.43137849
-18.50445175
2.16745113
-33.65804814
-44.31144615
-39.53391610
-25.98457878
-13.96585059
23.66452169
24.36320659
-4.87110500
10.37353123
24.75364628
21.65069807
6.73717124
13.66745188
14.15228345
-10.20128331
-13.32915212
10.41554469
18.01601160
-0.82270886
7.41030389
11.74835112
-12.86552264
4.55808595
5.30115541
16.29828904
-9.80699205
-5.28581303
2.40973260
57.44041864
-21.83825577
42.79243292
29.03113453
-31.55577401
-8.32401659
39.68038822
24.05245570
33.15740582
3.74973122
52.51291720
-15.84830584
6.38082349
-51.87053774
-12.60316321
9.85155541
0.00000000
20.07072566
-34.15978539
10.68075726
26.57003169
10.36770456
-0.39444195
19.11740998
13.42156903
-7.50095821
20.13238898
0.34347237
26.95202274
7.79254988
3.91229592
-19.36701054
48.11530752
12.41641666
-16.02078228
10.91585760
11.74530582
-3.71235720
11.46237625
6.06571053
-15.69780949
14.38733639
42.69309298
13.04842073
16.90592258
0.14992436
-3.27991685
-7.84361949
-14.32623600
32.88642177
