-36.33336213
-45.49489693
-37.72579295
-27.97277074
-76.90670513
-27.51995972
0.64702406
5.52248459
-5.63791858
-10.86217386
-57.56754370
-18.21313341
-18.73079543
-14.70216993
-34.75642722
-37.01311949
12.49885688
16.86027563
-48.87288926
-85.26141746
-25.41304666
-38.08461512
-1.56898723
-1.29860533
-3.60422741
16.32785164
-31.41554216
-30.51494982
-25.56658834
-40.03840125
-14.25099232
28.07994084
-26.84122332
-33.16973742
10.27044884
-21.81478805
-19.05760231
-10.30723726
4.15092490
1.64733514
-13.55889885
0.00000000
-48.33856100
28.02919973
-27.39063619
-15.21023735
-9.93103021
1.10248344
2.20386663
7.78629949
-16.15766836
-31.38081049
-22.09137229
-25.93663175
-22.04352699
55.70391329
-16.86961808
-33.40985885
-43.35304913
-26.99770879
-18.26257525
-12.88183391
-3.10289200
14.04097880
1.87712645
-39.59690221
-1.14248116
-4.54204072
-5.36592474
-10.41231855
-16.83077739
-17.71512888
-17.73334956
-11.66876357
-43.91233611
-47.64651314
-87.20059947
-31.54332523
-2.49483523
-45.89021587
-15.93249876
-3.06967170
4.00643783
3.59085775
-17.98637651
-57.34006487
3.32976341
2.75568423
-3.39750697
-13.09013697
-31.51337214
17.80421454
26.76332946
-55.96431981
-108.82297655
-34.31284406
-50.10501937
11.18636223
10.06733618
6.36167002
40.66375824
-391.69558548
3.32929494
-13.41941321
-40.49429654
-15.59034209
57.07669460
-9.96400848
-1.18113208
15.97306645
16.59619785
-23.97127915
-13.50064254
-23.54103534
2.34039497
-0.03408948
0.00000000
-56.98624304
20.47250706
-28.36006935
-7.13903059
-1.96301440
15.32922905
-3.08710338
3.76945708
-0.99876080
-47.88676596
-17.79165660
-11.68544949
-17.39212668
44.52860665
-27.19767081
-24.48451454
-68.62752405
-29.26188205
-24.14908384
-15.36659863
0.23595792
16.43338637
22.46099564
-44.04895227
-9.18746111
13.20120954
-7.59764817
-3.25857902
-26.05393183
-10.21019404
-5.95805583
-26.60323955
5.66989542
