58.86988983
4.84272611
5.29970028
2.83996024
102.99822142
43.55859561
1.83561104
0.70531648
19.83651347
-3.12401275
-18.68650909
15.58879156
65.97080627
5.26827396
42.54085625
42.93514816
8.95050030
7.96481119
-49.04618449
7.80676755
3.03553491
16.31943774
7.72417565
24.03516122
86.98896709
-32.49878091
-76.76499242
4.36667222
8.33362179
8.42850675
39.60534162
4.34785377
-3.82337219
10.75609987
1.14634834
-44.21147138
13.33580861
32.95118284
19.91721364
19.31647916
0.27212051
0.00000000
13.99126669
10.40714044
-18.00080051
-0.78451114
-13.34655978
8.28428810
6.84029265
-0.63978258
1.59218062
8.68155226
-1.66946001
26.23485752
28.10968342
23.79236942
-5.72949812
-32.99442048
-35.46949075
-43.18800762
-21.34218301
-14.63499878
26.41867004
-6.83411203
-0.52704338
-4.48061554
3.31587298
-7.65558897
-5.96143854
-8.52065553
50.79504521
21.67186639
28.59161735
41.99745179
-5.96675558
70.75154624
-1.25312989
-12.61578140
-4.89461544
81.33807177
33.20904626
-24.75723031
-13.00619656
15.79017181
2.71403340
-6.46931908
-16.00768514
1.30775026
0.47935839
-6.93435029
25.58914025
-8.43706389
-5.63342887
-26.29328948
-22.65994932
-31.36270346
-6.90697264
-2.57537619
14.32794522
10.87815762
-65.17065851
-29.75150983
-45.62436280
-33.64085068
-11.35204355
28.43771117
-11.47355691
21.30729498
-5.30130229
0.76211557
-21.30300465
-2.92289279
2.02586566
37.97017301
10.88061630
-18.64227477
0.00000000
8.72039063
2.16253889
-5.53902090
-26.49170039
-6.73349041
21.03212797
-7.39154307
-17.95754180
3.56754733
-10.66049466
-23.95704013
5.97081495
15.23321766
-88.56705773
-14.48564911
-17.03683900
-12.77833048
-23.05565341
-30.59091409
-23.77537327
-27.60969561
-0.40193409
5.42086868
-20.88912170
-3.26477385
-31.45039135
-47.04692782
-22.08237189
56.58426659
12.88423890
-9.88402969
-14.02418717
20.57716850
