39.89878417
30.13625404
-17.33122561
-10.48972538
115.86667055
5.82985215
-8.61143065
12.79195272
40.37676788
21.55379898
-12.70770698
10.06623306
1.50800286
56.65440996
61.22445153
24.06086285
-14.16951156
-7.04383460
-34.37582022
-17.42477529
0.63129356
5.00208249
-16.10588623
32.37299225
50.62797861
-40.50656595
-46.17789181
-21.79773666
1.87244358
18.53660229
-0.10597708
6.22851251
-10.82015127
-6.50987309
-0.42874191
-34.44201939
-7.89246374
6.05197197
45.76986591
27.29847486
-26.38340108
0.00000000
4.54513949
-24.45639610
11.53765272
-9.25458788
5.05824786
11.53534507
-5.63434784
-7.81716773
-15.73907199
45.84514023
57.55604652
44.80929109
33.47558184
58.90874629
5.57230097
15.67897255
-21.28565981
-9.31658965
-9.37183103
-0.91514897
13.66879271
-5.86980597
-0.74715886
9.53858657
24.34758163
-8.45238875
2.23090389
-11.99335545
-6.87401547
47.50357277
3.18444923
31.57801601
-19.38521706
-18.33068582
-19.04903239
-16.00535764
-3.69063123
37.57727644
19.49750202
22.48987709
10.23612029
30.64024507
13.84501152
-11.46245838
-29.05655985
-6.63139649
3.18724634
34.79110984
23.98704372
18.58049806
23.47170055
-77.03690530
-41.34789682
-12.78471326
5.76235664
-1.82782504
13.33952458
-28.20771941
-19.58397466
-55.73309131
17.08941965
16.99440961
-2.16922370
-7.07032286
-27.48307669
0.34787482
-13.09536571
15.20198012
-11.03507213
-19.95930262
-23.54243809
-26.13514965
-38.93811548
-7.93512312
0.00000000
-11.01427596
-13.44702720
-9.24335920
23.29671711
-3.33200633
-12.86668483
6.37489983
-9.96673427
-11.49286191
-0.39427845
-4.64522338
29.24901795
37.24940519
-25.95152651
-35.40673371
-18.97725920
-21.67773734
-26.82854565
-6.98448507
-8.78642777
-26.57493274
0.75793815
-12.59309910
-12.58516534
26.59966744
16.27038881
-11.42987051
3.92675384
0.53274168
24.15351146
-9.08333894
-20.17830693
-5.86676456
