-79.56724924
-14.18529027
-44.94304716
-37.94477818
-66.13774682
1.14246102
-5.21710588
-8.65575351
-14.15322281
-0.65500726
-53.47945300
-26.82386195
-66.07541415
-86.30403467
-55.98533983
-35.01477539
5.12585451
-11.45454395
-23.03269258
-62.70602746
-27.47806250
-58.21350945
-3.48089023
-52.34580682
-70.84215191
-44.64687860
37.76007213
45.00480607
-1.21197374
-17.50059958
-39.27602127
-4.35165380
-46.71475155
-55.42406982
-15.17870786
-50.69997398
-26.39591838
-50.91238939
-51.21385590
-48.12928383
-18.23702582
0.00000000
-54.06195030
-22.41477621
-40.46790177
-0.13843035
-3.65260953
-43.93400470
-2.29070217
-9.42249203
-5.82557735
-40.45983120
-47.79766587
-23.56165318
-18.65105217
-93.89507565
-8.10675807
-0.94804143
-19.97870592
3.71585178
-6.49140472
-22.87266863
-50.74965554
-16.42878227
-35.77398942
-17.11321316
-0.08449246
-1.95433849
-19.78935403
-16.30137364
-15.95830146
-11.94123662
-20.05866286
-53.42948048
-53.80281491
-63.33279502
-95.18065735
-23.62903980
0.73721519
-39.16982975
-8.51532321
-17.49410150
-24.51429044
-17.85431484
-14.54990300
-73.45579287
-23.46428953
-65.89653116
-38.71388390
-31.00604376
-37.11942590
-23.53815955
-21.22805615
-17.24749284
-116.86182184
-31.02006873
-48.41400327
-18.28462454
-51.13988184
-67.88411888
-21.61492850
53.88898358
-22.37406442
-21.50138517
-42.90496038
-53.39534181
-7.78701037
-34.85964703
-21.67360623
-29.27510659
-13.12629960
-35.90609647
-34.78283002
-20.04051502
-37.34136208
-17.97019347
0.00000000
-58.71128060
-25.27528339
-40.08590085
-22.37604177
-12.65400708
-23.05426987
-28.68363727
-16.27595818
4.07001237
-41.76693263
-39.56207519
-13.42890730
-12.83945564
-42.31725915
-13.35439981
3.25661481
-24.11806049
3.92561203
-18.89309349
-18.07485765
-55.58588883
-30.90016760
-27.18418645
-30.51914379
-17.49071139
-15.82931577
-21.08396802
-15.04535219
-47.24307479
-14.61269335
-37.36371896
-47.81406194
-16.82099506
