-52.85459419
19.13511795
-49.64341313
-42.77569061
-43.11885055
-12.37764379
-18.82294693
-10.94687012
-13.14278516
-7.56831962
-2.07292228
-26.70632355
-42.41664160
-6.88296686
-46.04068117
-34.66425727
-15.41981953
-24.00922311
10.25350679
1.85595293
-7.77534550
-10.77212447
-13.30040107
1.83077172
-41.80363349
-36.60353046
-17.10046714
-29.95515716
-29.62628750
-31.47017287
4.31317148
22.63830725
-40.68998058
-32.60484989
-19.10632566
-12.76583146
-7.19090592
1.47876586
5.21856816
-5.27211102
-23.92917599
0.00000000
4.70093956
-40.73828978
-5.49478593
-21.79342532
-13.52938959
-27.17279147
0.73398406
-22.52555315
-9.96547670
18.46403634
-13.92779330
-34.67069796
-40.49758905
-54.66422047
-17.43125814
25.36413232
6.62495722
2.77619478
5.37717837
-3.73522316
-10.08534412
16.16874022
-0.67219595
-4.18635328
0.78994618
-20.62857923
-26.52458087
-28.39812469
15.88086754
-10.96794620
5.43054879
-11.94308127
-51.87310456
-50.87586818
-13.82651217
-24.08888350
-22.62027314
-50.49295443
-8.12461287
-6.66804241
-11.53931277
-9.03992657
-8.70077229
1.39088795
-27.82089919
-8.37688844
-16.21619877
-21.33839944
-32.81471597
-5.62821991
0.38436145
-3.81746054
2.12610972
-2.61098401
-16.06984939
-0.04100565
14.28336937
-47.63981335
-3.32396575
-67.03498964
-0.71404305
-2.97593657
-26.03340973
1.79248524
55.42990117
-6.70097719
5.42882388
-15.19356444
8.00462015
-7.86323443
9.75803812
-22.44962654
-39.41558277
-7.72181144
0.00000000
4.01636882
-20.04596100
-7.56984889
-9.25160899
-6.51620836
4.53545495
-5.14239244
-14.21584994
-2.80069645
7.58675751
-15.27813907
-24.23330556
-30.35790102
-9.97486150
-22.63760302
18.06392645
16.52525580
0.52472981
5.37287979
0.85193206
-22.69951019
24.63350099
24.27439251
-7.00588749
-4.97209230
-3.20343738
-13.86295426
-12.32729613
13.81845562
-10.64473704
-3.59463580
-6.57556495
9.71949115
