-10.14677321
16.58992245
28.77217776
-12.32270034
-92.45281523
3.90569744
13.20015915
8.62137246
-25.88312087
-31.51928916
-14.09118313
29.22651102
7.39852456
-22.27864382
45.94786840
15.33414256
17.17092634
9.31679966
-32.99226412
-22.42764036
-11.08221956
-10.61493762
11.77265287
-37.46650198
42.87944535
20.22072322
99.16055286
18.50212106
26.66778380
-4.05631549
-24.22492854
0.09782483
5.45930323
2.53552781
1.15436219
-24.33176721
45.65348057
17.03617812
-25.35846234
7.24877833
4.27046616
0.00000000
29.05299932
0.17692822
-36.53606226
12.17521628
2.94999636
-9.28952475
12.08393914
15.47686640
14.03054125
-20.01831493
14.76147207
14.04059199
30.08583570
12.41895752
40.08454858
-28.85696411
-2.73479342
-14.69015362
1.90796959
-14.80691265
-1.83677607
-22.63007927
-15.59990888
-3.82445777
-12.19481546
17.48845015
37.57150754
20.29683020
-30.14668112
-31.58916184
39.02448594
-11.38527627
-6.24066925
20.28584295
4.27811909
-3.59957690
-15.94425917
23.88613096
2.41171162
-3.13352777
-11.45870797
-9.20079847
-39.88700811
-14.47822468
30.74526805
-10.03949193
7.37106652
23.57389260
12.73699927
-20.01818244
-11.84313776
-36.46772488
-29.36086607
-18.53589850
-27.97571018
-12.30424208
-26.50048888
4.00195041
-43.10859281
28.23528732
-11.93121486
-7.41675480
-0.64099763
-34.71757759
-14.82982167
-0.79402913
-15.75339592
-34.59032052
-26.57392785
2.70948363
-21.72514392
23.56762797
33.07317057
-10.42501572
0.00000000
1.11397318
-19.18036088
-23.66922179
-13.67023786
-11.27373181
0.93650576
-28.07859067
-1.47766114
-5.78287858
-8.17498901
6.70429331
21.76550296
13.22627836
-0.28573497
18.88540498
-14.48772679
-14.32106831
-26.63072241
-8.70464932
-17.53602037
-5.22487342
-36.80236514
-15.27667278
-7.40703115
-13.89177855
-14.31946945
1.94498270
5.25024882
-33.82875037
-18.66523682
-10.24071398
-32.55563722
3.08534017
