17.90060259
0.83452098
-43.79617992
-8.42720132
19.23304969
-5.60555266
-15.29733524
-6.99705190
-11.39756118
-22.99848942
-6.86461914
-15.08581142
-38.23418455
-55.25615615
-22.45437614
-32.03268607
-5.27873672
0.32662780
-37.36527976
-49.02385566
-3.64213187
-7.01621234
0.46495623
-17.09801282
-37.68653627
18.19136213
-24.55277631
-85.32260990
-33.37956000
-27.34931208
-2.13147259
22.30043150
11.06778707
-3.42223955
0.01207604
-2.25899386
21.71475988
-2.95213421
-33.27538573
-26.17860621
-14.97874854
0.00000000
0.03978176
-7.68460601
-1.47929046
-16.86707721
-7.31513520
-6.16486410
6.20378011
-8.57564872
-4.72364870
-13.97267834
-31.03558361
6.39206383
-23.82797311
-19.96371456
-11.67345036
-35.22849073
-29.64792662
-9.07233590
18.47993899
-7.68497888
32.56696892
-15.95670056
-20.80266900
-15.75545333
-15.55951320
-5.26227724
1.43317490
-11.43941243
-12.44464925
-21.52074242
5.76192700
-15.32338324
-21.26858927
15.50484227
-1.09509510
-40.50188683
-23.87538228
-19.36075960
-15.14043745
-19.48905477
-18.22444549
-21.20728886
-44.41325156
2.03086920
10.00540422
-12.57290319
11.69821999
-20.64595270
-31.49108711
21.89606714
26.33771963
-42.60801971
-39.49770374
-16.31101538
-21.35813012
-2.01984734
-12.49177867
-39.59622154
-15.37059159
-66.58300479
-42.53246892
-36.61756779
-35.53236534
-9.19204100
15.17448974
11.64984107
-17.38406415
7.23393042
-2.43891187
2.17003059
-17.86075073
-15.32790722
20.31757524
-8.07196918
0.00000000
-6.16360829
-15.75922847
-7.96093140
-27.14375322
-14.50559366
-7.62560135
4.24916825
-2.67311578
-3.70125306
-41.42026467
-8.74874989
4.14467010
-17.79257182
-4.37613931
-24.11069122
-40.28049671
-43.59408410
-24.57152154
-10.99661794
-10.02982627
13.75654056
9.29779768
-19.84558973
-11.72649565
-16.94066767
-18.85180554
-8.72926858
-7.55201215
-12.03496580
-30.46365076
-9.44353411
-32.16690219
17.44262241
