8.06486884
27.99662654
57.20355642
54.14068283
9.57574247
26.94741213
27.57584586
20.05328943
4.69231673
19.12476056
-34.32737510
54.36711576
44.34368659
62.59574283
34.44746231
35.41747562
22.23423833
23.14728451
117.29186046
-1.69495191
35.02550265
-27.99240864
12.25979261
-1.48621106
49.65816542
57.08221764
103.57016956
40.35013775
44.02422653
44.49728184
10.28676496
-9.14998332
12.12121955
11.20041343
-18.21556498
28.73062850
22.83425878
52.25156414
-4.13873221
49.81622230
24.91062832
0.00000000
-10.20168187
-4.64892596
-32.86840866
30.59678550
33.63444325
15.13840653
1.18150110
26.46777799
20.74799784
-26.12412957
36.50545591
5.28486596
26.88772575
-14.14082019
55.53742778
61.75412939
45.06446034
98.75498098
68.33071137
14.99857114
27.20977619
-2.61696036
11.26926317
19.12837828
8.83551706
28.54543733
59.28397124
47.49797210
12.93679638
16.53721461
34.91949029
23.70992150
14.11963017
34.10123237
-11.09859759
42.26757852
29.06264297
38.51151289
2.31380933
0.55527961
9.96720486
0.48673913
11.57486749
-48.56837241
65.84834500
53.61812153
54.42609372
24.97480245
37.41745119
-22.48276855
-31.75450240
96.52235633
11.73323926
26.22342729
-17.15354498
-10.55895384
-0.93550749
42.52965928
17.01787641
117.71418384
-3.73789156
9.79492704
53.05670745
13.02924156
-31.63028774
-20.40328743
2.97754467
-17.19948949
3.44499271
38.50751626
35.29545538
84.52332967
76.34063566
19.99479345
0.00000000
-15.50097793
1.10609729
-9.00597318
5.46065311
17.50671386
12.47283621
-12.82161019
8.77793518
6.63633982
9.89459474
67.48320185
-3.92006453
14.66044666
14.11158349
65.68242702
47.20956745
40.56627637
59.62000655
42.63401821
6.03446741
28.52641354
-21.51294137
-5.71778867
21.30596478
1.42526549
17.72807215
54.46894541
29.33189008
19.97811286
11.83943425
20.51347015
49.51192250
-26.03629893
