-2.02899656
4.30773512
11.31395746
39.76538637
5.33527669
-10.11205619
-3.67512115
2.30906537
18.90608587
17.42659109
-11.08656714
22.28318264
24.37480399
64.66924550
21.03097517
15.73347677
-10.95065894
-1.68538333
20.98630277
10.43474911
0.67203904
-7.53881032
2.60161606
2.19008164
84.30435621
34.05979146
-8.52183295
-4.55342390
1.04982682
0.35056924
-15.14823439
-14.96547061
9.34217445
13.09651520
-1.01421262
15.80740969
-17.58457969
16.58120586
21.04085804
53.44881193
-1.93639418
0.00000000
2.92751320
29.33547125
-5.20968100
2.24326679
6.71163897
9.81370581
-5.68249577
-0.43378472
-3.40944413
4.10851337
13.79073817
-17.24504448
4.00088155
101.83786935
3.28735516
11.15080898
16.36417892
-15.35987480
-8.41309117
-0.04264925
31.56947901
-9.11152756
4.47838260
9.60928973
6.59345151
-12.20048655
3.61967528
-4.93370191
-21.37915679
17.62206698
-9.88673569
25.45035728
21.75562564
4.11606032
-33.06155048
27.55732048
5.59676134
7.11006149
-14.73988393
-12.40686762
2.99073683
20.84118507
16.28467482
-3.24035596
4.67368604
17.89141665
18.98591343
30.52167858
12.27614024
-1.67225366
-0.10461768
-21.28290269
24.20674419
1.30918217
-4.61226936
1.09132215
6.48704830
57.66721124
3.92515610
-21.38476752
0.13544310
2.45381226
-2.42465037
-0.84451781
-14.05743558
-11.18514548
-6.80074929
6.70510717
-32.73020665
-12.07641294
4.94523154
-0.21174220
25.22640856
0.84958521
0.00000000
-5.95866286
18.96914417
9.05706042
7.86203993
-5.99375477
-12.86410797
-9.03333033
1.47421472
-9.37608200
9.05790118
37.23521881
-23.54196745
1.29290725
43.67721430
15.27970934
-22.98331959
12.59847648
-34.05767387
-16.93287427
-5.95796466
29.35735103
1.68941309
-7.98748125
4.98999378
3.58822951
-9.54338659
13.50683147
-4.83252232
-11.57834489
15.48858996
6.56799418
8.21352617
-25.67861614
