-68.50802092
-11.09780431
-48.02788986
-23.49233135
-38.41000826
-13.78872607
-20.02733110
-11.12832850
-0.78899769
10.31401049
-43.82847454
-15.09391872
-34.49460805
-35.38045535
-67.88475539
-43.21953866
-9.61337714
-14.96954444
-37.77900831
-63.38537193
-22.42640594
-39.68679118
-1.83628240
-12.14350567
-61.33341885
-57.16708384
-34.34675185
-9.76540600
-17.42553514
-25.20436597
-8.28957720
1.87519383
-49.40015215
-39.68205535
-15.76161026
-34.20536030
-16.43234975
-37.76443132
2.61395987
-34.12422321
-7.76766945
0.00000000
-63.63824117
-26.70641042
-30.09971115
-10.28278153
-6.85599465
-28.09551526
-14.86778211
-11.66505281
-7.43568365
-34.99386102
-24.94468185
-38.39097402
-30.02052729
-78.45300573
-8.86085718
-11.40710281
-27.05115019
-14.48711950
0.79229166
-15.02359048
-24.73538510
8.22304403
-7.57178955
-20.69401177
11.20973007
-10.06658336
-12.98516405
-28.70082700
4.66230682
1.32384441
-20.50927839
-23.25896096
-39.53233309
-67.99016833
-84.91346545
-23.79582113
14.61411634
-59.42588358
-13.51696499
-13.55114165
-18.22681546
-7.60395916
6.31307195
-54.97216720
-31.17873840
-50.19469487
-50.78769361
-42.78898765
-46.87847736
-9.44943479
-15.57268183
-41.29416732
-118.81157919
-27.01344610
-17.02379436
-11.26084973
-25.57768978
-49.55197479
-13.47338164
101.35621033
-13.39291361
-21.79765884
-49.73565717
-19.62766137
1.48951806
-23.16045196
-19.61162729
-4.60386617
-24.33116935
-40.57209108
-22.26096279
-44.70905969
-50.84685987
-10.88134618
0.00000000
-44.56992805
-15.81934360
-29.27650699
-12.45007982
-18.20565939
-16.76428751
-13.60591950
-19.86506253
7.80592653
-33.07772134
-23.59022997
-33.31250278
-23.37631148
-27.28374340
-20.04562910
-3.65438164
-30.70640745
-15.00937722
-8.86851361
-10.13340253
-55.18899659
-4.26727566
-5.48734913
-29.21665018
-4.11556180
-2.53600926
-20.92799902
-19.42374800
-14.91800289
-2.48428411
-28.32542064
-33.53587893
-25.01193183
