-34.66818514
-40.10390631
-38.27388705
-33.71320667
-23.18269374
-26.36453246
-15.60490772
-3.70499053
-39.48290025
-34.69710800
-23.47532206
-28.73491010
-67.46793875
-36.83108406
-37.74127367
-39.27669384
-8.14073169
-15.85070786
-85.62640371
-56.03682126
-43.18484008
-39.53510222
-9.71041986
-24.90601568
-11.92353828
-25.46478670
-167.87729162
-33.04730989
-13.39161672
-96.85341337
-27.54234619
-1.02348936
-36.68499203
-35.23652994
-16.92420500
-6.36595782
2.55291997
-32.61831670
-39.96633880
-29.66380431
-28.44186679
0.00000000
-24.31673762
6.20395306
-35.86625646
-19.76506806
-18.28807144
-37.13734987
-15.52470457
-12.14443485
-9.94117272
-51.58751501
-16.27957211
-16.07160827
-18.11895362
-46.29754984
-4.37595648
-54.91673970
-45.70730505
-53.73019933
-23.29848802
-28.02483850
7.93979336
-15.85632241
-27.79152710
-45.10066282
-20.97894247
-2.29459899
-2.64793912
-8.18752506
-39.15528752
-59.57673715
-5.82586642
-40.32514349
-36.50123707
-29.20745703
-41.88931933
-30.19333913
-33.49107446
-59.74838443
-37.11822543
-15.09780860
-10.99768797
-14.96947524
-37.35466807
-24.45030061
-31.43255044
-43.49448185
-50.25842976
-28.14963468
-49.19111891
-22.57870055
-16.04772663
-69.26030650
-74.77572284
-45.42032722
-36.21287054
-10.82114556
-35.87716572
-55.72649310
-42.12570616
-54.88488407
-23.52024093
-29.79686396
-59.54879379
-37.86123352
-9.44362314
-32.41720134
-25.03596041
-30.86955768
-57.91299413
-28.77859612
-43.54148346
-35.45128998
-27.10976767
-34.48032612
0.00000000
-40.06500476
-11.56304711
-31.67356054
-16.42336501
-26.49395329
-21.72376757
-38.70876625
-15.20560384
-0.21200292
-27.74903283
-30.03441260
-31.21120309
-29.00068216
-26.67402702
-29.53348043
-27.12682608
-55.68035404
-72.27656754
-37.84263364
-30.76757498
-26.06223888
-26.07910792
-20.71300654
-33.14294532
-19.30206971
-12.54761453
-29.58841271
-23.35153269
-62.39790971
-27.89378615
-33.28844807
-67.81641056
-20.12217229
