-38.33010221
-28.16332571
-44.39800757
-36.67557776
-61.18244112
-37.49747390
-29.69027889
-19.68780766
-66.16868636
-30.87238998
7.67151550
-9.97264567
-39.99845319
-40.64168942
-41.10526829
-39.45272379
-31.93689409
-19.26053077
-8.70065662
23.49415984
-11.87156170
-7.65533269
-11.57164550
-7.65631708
-105.45901410
-28.27638372
19.13597716
-46.66801763
-42.09363235
-29.83032399
3.75014290
-33.07073771
-22.42249878
-54.08376168
-25.55462556
-36.73469956
-36.85624049
-46.50789447
-40.18387772
-15.75055487
-45.63234502
0.00000000
-15.71449139
-21.58689295
-5.44144715
-48.80777739
-18.12870595
-24.33245097
-24.67307851
-31.56859577
0.01371470
-11.47708884
-41.70371501
-21.18084173
-38.42870067
-46.51156764
-27.80692072
3.91034248
8.53740802
-12.93598324
-27.70478024
5.69104349
-33.07153905
0.73134224
-31.78976254
-12.95086843
-47.86780485
-26.79668618
-27.11659309
-26.89353936
-16.64948686
-54.54987980
-33.76797114
-57.35148937
-35.77519174
-46.89363187
-45.03490389
-25.61548890
-23.86621412
-73.05431267
-28.75408334
-24.53397652
-16.96431126
-42.15492247
-29.59251410
-17.85633407
20.87425927
4.13765512
16.95417765
-19.70015842
-26.20803757
-3.22547989
-0.35614138
29.58845227
-17.07348824
-18.09931614
-6.86537574
-8.12216845
-9.79011634
-36.17701054
-12.67133289
128.19433012
-34.07475411
-26.01332591
-15.92321740
-8.97982418
-59.46944265
-26.05678758
-17.00582122
-24.67812300
-28.42280212
-16.06675589
0.27682957
-3.64742909
25.56538995
-20.18533045
0.00000000
-40.30874927
-15.47180192
-7.29203278
-34.98883854
-10.49740022
-22.06018814
-5.68982147
-13.12894762
-5.52630458
0.00609298
-12.30598286
-20.17983880
-20.22750892
2.99681278
8.70271500
-10.44541376
26.34610851
9.82017189
15.73366906
3.83494914
-12.57350776
-5.09585161
-33.44717543
8.26678053
-31.47746292
-19.31088425
-10.55509940
-16.21099061
-40.60304727
-33.98976202
-6.65882547
0.87395042
-30.73543579
