31.78908231
25.66514379
-1.80045364
-13.18156611
13.92043665
8.12322251
-5.33299017
6.29642061
35.80204553
8.73982424
9.68197504
13.75951740
61.43154509
55.09254658
27.36569665
21.54244317
-3.11234315
-10.75144642
20.71214390
8.99964104
28.74832223
31.32256838
9.41957665
21.11444289
76.96237476
6.72590073
-8.06309723
-32.56688240
-8.51527074
25.83695719
8.87977534
30.55701195
17.66517142
35.23429565
24.35581623
-0.77306251
32.23987496
56.30304620
40.42360153
49.89161400
-15.13317249
0.00000000
34.73903878
3.45130784
15.22187818
-18.56810221
7.84260456
23.79288890
7.17113032
-1.42982690
1.13723950
40.22734239
6.75242182
7.46515302
6.00102843
54.42960480
6.89449617
21.66672701
28.86852515
12.91034640
19.19935762
23.52465253
28.57202784
9.39841273
24.40003216
23.47632145
6.56155804
-14.51182830
9.08129369
-4.40206418
-2.09119878
34.39777673
32.13742020
46.00561575
15.65351420
28.83500421
47.21141352
-21.58714883
-23.67740520
34.11897022
14.60829712
-4.53461436
1.83977109
23.68563368
0.69128811
13.70713097
23.65568848
37.08927475
43.84055222
11.57799816
15.70894015
10.08337451
16.13730331
6.06660300
49.27002562
20.70626514
17.71493989
11.24844937
21.40618546
17.40530206
-32.22566564
-13.66512183
-38.57503941
-28.30726064
14.40619883
10.04055781
36.72696574
6.87357187
23.65424914
2.26313171
0.73809084
15.40567425
21.66985698
19.21772714
48.16735305
-5.24952956
0.00000000
35.98906280
-5.25320381
11.32677670
-28.40432869
-6.30407539
22.78281388
3.53278220
5.45048209
-25.03975655
27.61843071
21.13520343
8.56681292
5.20056468
-11.80276863
-12.55465951
5.84461918
40.92925279
10.13161819
2.57254324
14.04884789
33.23300279
18.45930048
25.69509692
19.96925131
7.73426428
-31.60570482
4.81261932
-7.75484014
40.43374641
13.20379899
13.05303151
23.60855491
-1.74162361
