-38.06170793
-20.22338166
65.30191681
27.23300047
33.71005752
-13.90439013
9.64982512
1.82723791
34.19267381
13.48684318
5.27249604
-15.64631257
-52.81809498
-16.23619402
-28.00398617
2.27038159
6.59624375
11.05128079
109.24462865
41.50871392
25.40883453
-1.82950669
11.64377562
-30.80469032
-23.77733111
4.27581117
122.04908726
20.79864284
11.11764838
55.76725536
-17.11090400
-1.73685969
28.27265892
0.51474367
40.42192515
39.41177110
-9.71212473
-19.69948912
-55.44924104
-11.99842747
15.34671347
0.00000000
-27.89046059
66.56909458
17.89391358
21.25322161
27.30173308
7.76351853
9.88795903
-5.14928488
4.49946136
3.51408577
14.07215334
-24.74687187
9.58127258
-34.63852723
25.31682255
50.55029179
49.58055316
108.51567988
27.88444867
8.84123492
-68.05026507
8.70062281
-8.47121175
20.19550752
-0.24014574
22.43017209
11.08853246
30.99824329
-23.63311042
38.60683273
-17.61791588
-18.57510740
31.77586517
-36.78309502
10.61186939
45.12518438
17.59215318
-27.86319950
-18.87943980
16.72451161
10.04098139
-0.30596628
4.28794276
-0.34751391
26.87395275
10.69831127
25.05021010
-3.23641364
15.18134234
23.23053186
-3.54505829
126.08079092
63.91731684
41.26475248
-2.96541095
21.21135743
-25.84010772
38.80820118
67.40358141
64.15415104
55.52583940
46.27564647
62.67675766
-7.79566710
-31.63359444
-26.70149172
-1.43844456
24.57876252
34.19018694
25.73820410
32.74099162
14.28257524
25.08659346
33.74737247
0.00000000
26.78252198
48.49180355
5.36124518
36.46279192
33.01899169
-23.90076784
21.52536744
10.25221635
-5.14284288
10.78522824
31.16447238
-23.27255488
13.52784846
22.61636086
57.28639483
17.37003973
34.86259262
113.41089210
25.51163435
19.07571642
1.75722294
-11.82491131
-29.08084365
33.05341414
5.93384591
50.97065702
54.61611802
41.44265007
-24.91774969
8.66950848
37.07282936
51.87804861
-24.03754637
