53.78459162
-1.73289011
14.71727865
13.56929639
48.92105238
22.33490894
22.52349384
22.70757891
1.35459454
-11.02562925
21.16117968
10.82785212
21.87310616
-44.77249890
48.79039000
28.12492637
13.52599204
8.01742007
-4.44738519
33.93059854
8.61636790
19.43682956
9.51415250
-10.79103779
-2.67558656
59.76184872
-18.40467869
39.87009784
37.73109877
14.00439627
1.65554709
-14.50633127
19.14220998
25.44252256
14.98340580
34.74565040
15.21008050
-2.84492100
-3.76805148
-14.44594891
26.95642227
0.00000000
-8.85146477
14.54041955
10.57175920
21.98561984
7.38845291
-8.04757772
20.04238472
21.26983117
7.15645253
1.84858602
25.78887904
46.13118755
26.83165271
30.33055659
30.33388197
-13.67785265
-1.74191179
3.54069281
-0.08936710
-1.98928322
13.57366013
-10.72273697
-10.63825156
11.64882437
-0.21400707
41.71528356
31.10475794
47.90160623
-7.49037564
9.56589585
3.12251529
-12.94697822
10.91990331
55.03911913
4.56087035
14.35866775
3.62110398
38.81965553
0.74294608
5.48786288
4.23810099
6.01461008
-15.33378115
28.27599824
15.60246657
-4.46585127
-7.73415588
8.91546157
18.42760930
3.60406057
1.84404721
35.90490029
41.73903789
-2.72402648
16.11626753
-4.86597474
-16.13034792
19.39754409
5.48708785
116.14080076
8.84344081
5.07745973
24.70692327
-9.28538288
-51.31377255
-7.01567499
3.08658240
-12.80935171
8.58707816
6.49120345
-0.97156872
37.56725184
27.44897947
5.88667875
0.00000000
4.31565107
-6.17730509
4.61064459
0.27579930
14.58859739
0.94278150
-5.95538811
9.49408379
-11.83887790
4.82835172
11.63209360
24.00687334
12.08887487
45.59342005
39.80013859
-0.18540438
8.63596607
0.66020814
-2.66847616
-5.41458724
17.82803554
-23.81125838
-28.37507036
2.55167009
9.30326434
5.67313204
0.36701439
12.80366533
-6.17765289
13.41512401
-13.54614396
4.51567328
3.94916984
