-7.05278387
-6.95944618
11.36582532
8.02693924
-20.20151116
-5.25697156
1.90424177
6.52463581
-28.46585717
-5.21444599
-30.33364902
33.27872807
-5.65834449
3.88787633
-38.33511565
-24.05306135
5.78989877
7.53602712
-19.88139646
-28.19214981
-2.31989964
-27.45485004
-12.93777451
-55.01434456
-94.36055082
-17.78585533
2.68759582
-57.73881394
-8.06403563
-39.43446388
-47.73740858
-47.35042625
-24.93169546
-29.80670087
-50.45877855
6.05408897
-45.64320727
-69.45124391
-4.51805392
2.98816326
6.09969285
0.00000000
-16.04125781
-53.91155307
-11.58470865
-18.04500271
-9.69847162
-9.15190961
-20.25034527
13.20653788
-20.54451900
9.57133904
-12.21937470
-0.25504445
-23.40527744
-94.54746823
-15.37837418
20.45176935
18.86942906
1.37879810
-3.94482262
8.86845112
-12.69483597
-58.64145644
-29.75839282
-3.37850938
-7.17941161
-12.55761221
-17.50167004
-9.74062552
-62.85453316
-43.74006533
-45.17607656
-53.48046155
1.27249378
13.30573363
-29.06780785
-1.60031258
0.67529842
6.68481929
-1.19126449
25.40436979
20.08767115
-16.39152242
-12.76534698
-33.80351573
6.72931082
-16.06498996
-16.80247887
1.75819207
-13.92510667
-11.21154189
-0.99688428
-23.30899631
-41.51143407
5.75552327
-24.66479453
-20.64530477
-34.87052649
-45.28153314
8.69130852
-16.33185431
4.96491181
8.80820550
-22.01136867
-30.37727414
-61.44901651
9.35012499
10.78578970
-23.93306212
21.57013954
-26.99074481
-37.95348174
-9.53747777
-24.76725976
-0.81742854
0.00000000
-18.06252494
-34.71779022
-1.13613691
-2.88217374
8.34864497
-0.85009516
-1.07611211
18.39441744
-14.09421082
5.83967065
-8.34696239
15.64914249
-12.24882721
-10.55514910
-15.97219128
-3.52900646
-0.72565042
-20.30705117
7.32154403
0.45134287
19.95048377
-50.61210648
-16.46779776
-23.68287000
-1.97057265
-2.48914188
3.93270297
12.20623139
-22.89673993
-23.26678865
-29.35049933
-24.74264791
13.74000316
