-67.32225242
-87.73666611
-116.36107629
-48.04439933
-60.19277956
-37.62269917
-77.43425255
-49.92728570
-53.56348869
-37.27107802
-66.01984738
-59.75241915
-65.20154633
-63.23552911
-90.36143610
-75.12778821
-33.09383021
-44.40978020
-44.12161844
-5.87026767
-80.50450341
-46.81504103
-20.31978718
-24.71735730
-97.15788328
-130.25939044
-147.06678646
-61.29801549
-74.21084104
-133.24587438
0.45361149
-27.26998179
-30.28484339
-8.26642353
-29.45398865
-54.74831446
-27.17514778
-21.55193163
-60.22285271
-42.53931990
-27.90399420
0.00000000
-105.12914168
-14.53172650
-40.95156715
-39.80423412
-58.78575714
-30.35669013
-52.72328150
-41.60084641
-14.02713382
-63.38892739
-69.39261331
-81.17534688
-72.20771348
-49.94233176
-145.50743486
-22.67951598
-17.48000618
-70.11608767
-43.90921213
-16.91429312
-82.21215612
-5.89252744
-14.59406939
-58.50920147
-46.06868966
-92.94575217
-74.82797586
-77.83266036
-13.98515155
-61.40311039
-13.46666761
-33.14537977
-33.87295733
-103.27868746
-57.53396689
-100.57447810
-45.40733220
-124.13876512
-40.17917110
-67.71604164
-46.29724860
-51.32058487
-30.60826411
-19.73612029
-87.62109484
-87.90970788
-125.10969894
-155.85405428
-91.53745506
-64.13420122
-50.83116384
-35.60629783
-6.17625876
-41.93758139
-26.11576471
-27.22613397
-43.10657061
-68.20669940
-118.37864006
-165.37633601
-62.24909943
-75.81364295
-162.30657471
-5.95364408
-27.64091487
-79.52524215
-20.51121895
-39.63179743
-73.69532836
-30.09202804
-46.21825835
-95.79007484
-99.86202174
-51.35832399
0.00000000
-71.45035236
-29.89139497
-15.84672233
-37.04403052
-64.17220246
-47.87266764
-48.22757158
-45.53401982
-25.17079238
-24.12879843
-135.71505267
-116.09076622
-112.94942294
-182.69851783
-157.52969425
-14.42624869
-22.06609287
-72.25195195
-55.44689397
-1.43725744
-89.52531160
-23.31741605
-38.61121754
-40.29786905
-48.02624010
-114.81515736
-104.69427042
-98.32949839
-10.30899335
-67.88184918
-41.14196566
-53.22330380
-32.37404388
