-6.17004522
5.00013553
-84.28158649
-56.74497061
10.02746324
-43.41828429
-80.83360675
-44.46977511
19.49823536
8.55190930
-51.63132994
-33.91545312
-37.06474498
-15.96475627
-35.57014297
-73.43388370
-29.69860089
-43.22236960
4.71287597
-48.92461171
-10.24091006
11.56867471
-5.95062777
8.69057206
5.60810808
-13.73056196
-38.92735446
-119.03271194
-127.39340353
-41.34394219
17.84858009
0.77549364
-7.76668818
-35.34963762
-12.32178757
-39.29653944
-27.17523216
-18.86451071
-41.86826261
-33.23360908
-17.85847501
0.00000000
77.55445743
-45.60990643
18.81790644
-84.29302991
-54.47978814
-15.15607911
-9.04255452
-35.67102766
-39.81708612
76.25702318
-9.87621805
-47.91466527
-52.38935466
29.74579371
8.31768377
61.59488756
-30.02824789
21.42014487
-16.78442241
4.36628467
52.05689402
5.26997812
12.26947866
-33.09294485
15.16392060
-50.71315714
-11.33431601
-91.94114933
-28.53162847
-7.40314168
-15.55997048
-14.54784771
-42.89433513
-49.45966111
16.98017163
-85.52140227
-62.96609801
-28.68292966
-29.73869529
-50.49582107
-37.21363765
-15.05074910
-17.66177501
-28.52053854
-76.63143417
-64.02432093
-98.42089538
-58.70532376
-93.69032451
8.08544322
-30.87210054
13.32331857
-27.28993639
-12.31686367
-12.42162928
-34.71309636
5.24712413
6.04445225
-74.70699519
-90.76929184
-107.87732431
-131.73701969
-74.51128613
6.05686745
18.41076133
-21.33599587
-17.74545005
-12.75777293
-78.04174764
-12.74494092
-24.41788822
-99.91133558
-103.80198544
-53.97621971
0.00000000
77.88168169
-18.38773243
2.40606082
-116.40602682
-56.59954023
-49.54902945
-3.48629588
-53.89192826
-13.98936778
16.20520655
-58.94536098
-75.01533857
-78.44367276
-80.63954572
-23.11075507
31.75097007
-29.05848042
38.70388897
-15.27729069
-3.01240912
-46.68470775
2.49831948
-24.65414941
-45.67520667
-16.41387564
-119.58557326
-63.87003500
-123.72990411
-10.46378798
-29.74350957
-19.52892808
-43.19012857
-35.04984051
