-0.11150092
-65.32077333
-66.17128543
31.67465395
14.74603235
5.09802995
8.06286812
21.97956748
-39.92787813
-60.14245455
-160.02070893
30.46197775
15.40778286
46.83507893
45.09774818
17.00427615
-15.64817482
5.12253891
-46.51195505
-126.53402380
-73.04020466
-81.71510105
3.85934028
3.51336254
-61.09312464
11.50016906
-85.25019939
14.69860356
7.78742354
-134.24278613
-0.50055335
3.39109233
-5.09498020
-16.88059362
-12.96271042
-24.75354499
-4.21916718
-18.40105845
11.21317108
37.69320287
-8.17123646
0.00000000
-36.09329562
17.13832092
-85.19399127
33.86544687
-0.18133413
26.51088493
-18.98778532
13.42885091
4.11578130
-79.02771579
19.88697528
29.34442111
22.06242390
-64.23905049
-73.41076362
-32.34551609
-81.25840223
-33.02343195
-19.19377572
-29.34391637
24.15287145
6.05606003
9.18304068
-106.29736686
-25.01992404
4.45755053
37.70816589
6.83362183
-2.29945686
-33.00933578
-9.11731710
-29.60415297
-25.34775491
-21.68565522
1.32471877
-27.20844820
-27.41402187
-5.80741712
8.53195984
21.53729710
13.98548548
-25.96891027
-43.19032932
-129.84374287
62.97176056
45.35173643
86.91620199
21.47904555
11.35300890
-38.40140854
-8.68810148
-3.81978760
-101.77419777
-61.27851284
-75.22122975
-6.43500138
14.63031544
13.64583815
-12.98090382
-102.35452379
42.34342724
25.32149676
-124.38038048
8.48057515
7.75904774
-27.57752350
-14.27724999
-12.56361858
-43.09764166
-5.57556651
-8.22183366
45.56891995
97.90415180
-37.12326936
0.00000000
-42.78905869
20.05960621
-64.41145064
41.34318337
-10.18491507
9.90829442
-36.83946897
15.83883660
10.79544135
-26.97460314
40.60014131
21.50301215
14.92963802
-8.82383041
-56.35264114
-42.39025741
-102.17910884
-12.44597668
-23.06888689
-26.95318548
47.58404027
15.54191983
13.12322445
-104.49479497
-1.45348338
-1.30147094
60.90427846
-12.75885725
10.27069471
-27.60841620
-12.69772483
-14.53546225
-29.26768788
