-39.02335802
-71.00308352
6.14537599
4.19583455
-5.92607144
-9.98066488
-1.06806309
-18.51110328
-27.84939563
-21.74459162
-2.05986643
-81.45471690
-99.87312908
-49.53938755
9.72742988
-1.53566384
-67.76822067
-76.01474488
-66.06525921
0.71080965
-37.05577399
-48.47409686
-34.31687438
-2.51908194
-107.23578955
-51.78939578
28.88193350
70.70174706
65.78635358
-2.71497018
33.42439245
-20.75261796
-89.54451956
-115.11745579
-64.72192152
-156.08292603
-13.60219759
-75.25101923
-76.63534984
-64.81521788
-49.18658196
0.00000000
-117.05905534
-95.49813456
-58.47083311
30.61174801
-26.10698581
-42.74194567
-58.58655551
-44.07223183
-42.83059817
-27.93247338
-5.04085646
-4.93260070
8.13245776
-76.12736171
24.61209838
-4.07141639
32.69071310
-40.12853610
-33.69252265
-10.74744102
-33.75712490
43.89017976
29.97289831
-14.01670121
-19.54380803
65.53258866
-5.93107762
21.88593127
20.02871960
-43.78510841
-24.60935049
-89.16512037
-142.18875833
-32.67581775
-10.58419549
-49.05614444
35.51491348
-63.38418139
-16.72569227
-25.08226005
-17.99883866
-37.45635494
-44.32488409
-3.75059801
-50.30894221
-81.14294387
-56.76421985
-35.04170176
-28.56039074
-30.40025290
-60.84771540
-65.68683431
13.37572626
-39.70972320
-56.00776117
-41.20930172
-32.08623352
-80.27629720
-68.08241864
70.56737718
26.83648077
12.35943626
20.74427438
20.22295640
3.00748260
-94.03581339
-70.30863703
-66.75493517
-188.27534321
-20.04048999
-75.54281347
-78.38210091
-117.57055348
-73.91444053
0.00000000
-77.99513343
-121.55591520
-61.87175184
12.98773574
-3.88201460
-69.58450798
-62.40154428
-56.01052786
-37.70065584
8.67186665
-50.26846197
-34.86737439
-17.98681540
-128.67833747
27.17257255
-8.40461622
13.58693873
-6.63149176
-33.93133087
-44.10493411
-81.60631240
-1.80016090
-38.14294247
12.17597021
-31.70676917
56.45773300
-36.48579599
58.07368325
47.95679278
-35.11984804
-40.58543812
-118.17443890
-122.75238658
