-169.83896110
-91.07170173
-387.44850272
-167.09673796
-251.52491793
-68.57714353
-57.90467480
-85.86717238
-120.92685501
-5.67925333
-286.18994246
-148.57104962
-123.35845386
-116.31177540
-123.37898428
-184.01457126
-93.13495345
-134.47372071
-83.01613793
-271.76267465
-104.18088777
-126.29669777
-7.35097682
-21.94708335
-215.83202405
-184.32189581
-356.30968416
-362.03044767
-297.19749280
-183.33133081
15.36614796
-59.01603324
-37.60936119
-74.61570260
-23.96820430
-145.58958192
6.74803226
7.84486805
-98.51547736
-95.51137076
-105.40492694
0.00000000
-142.50871504
-5.78881798
-126.93988215
-176.69832844
-152.08128662
-99.27280571
-60.38145229
-77.94897633
18.60816743
-143.43468111
-100.91048358
-79.64544429
-91.36532645
-185.56290578
-246.05920625
-76.64301054
-200.92610285
-82.94420357
-25.36183344
-6.79247893
-115.89552736
44.00598722
-6.35484228
-258.78863924
-54.07502600
-185.46057645
-86.21424386
-158.63083425
-32.77418111
-125.37420205
29.12600140
-82.62557496
-125.67143977
-140.50568426
-57.25212083
-261.87952123
-284.41933555
-249.62518141
-74.56859153
-62.30790902
-98.44617172
-102.52960733
-56.33106200
-238.47291444
-200.28563953
-147.13831885
-200.03300105
-268.34668894
-205.14479271
-147.26122995
-178.38469687
-101.35903693
-313.40828467
-97.34963962
-141.31940039
-52.24295620
-56.27320528
-123.25480548
-306.12286278
-407.44143317
-425.49800103
-444.22578187
-338.90949231
40.64436560
-19.98122552
-140.40940303
-125.27718324
-97.97897566
-383.11628153
-36.58407141
-48.68001661
-177.07900557
-130.52816086
-190.05381620
0.00000000
-210.66513638
-37.08446150
-145.03490704
-263.10545536
-135.33037913
-178.36136037
-132.90821232
-146.76518134
20.53365901
-102.67289804
-180.68956846
-128.95035486
-174.72403103
-366.39247656
-290.76726880
-161.79073938
-235.75405163
-88.84454407
-105.14367847
-64.13373174
-187.94385976
0.15836527
-98.15444241
-194.64977995
-71.07376093
-303.08420442
-135.29548851
-303.60831827
20.28890533
-84.17031312
-21.22417899
-98.89960523
-184.25627944
