32.94040787
13.92380680
47.66117306
118.24201775
73.13411552
40.47002701
52.88902552
52.29079487
45.99397570
25.01761472
99.69190250
69.41377646
48.68678611
51.76672079
30.39386266
39.82593809
52.13821608
53.77486756
81.04196049
136.12943662
31.68134327
56.23149006
16.12463714
33.10986539
81.24616812
103.14425829
78.72045341
100.61533593
80.18995752
86.98270228
-1.42164909
35.29408895
71.94715894
44.38668702
30.34263215
80.09983773
5.54083133
23.07265493
53.63758392
35.81791508
50.00039047
0.00000000
74.72052880
34.66159582
55.79271786
71.91119137
66.26013844
33.59168153
37.13613917
56.28375552
-6.43117016
22.01856035
27.39803113
24.66903692
38.53581364
62.39867201
81.61628166
35.91245469
78.94090633
54.89822151
11.59666375
19.70220521
38.20369596
12.91295152
42.62810651
97.39345684
37.07226635
71.22570676
39.83902215
53.15325941
18.91930737
52.02080585
3.89230187
45.40742713
72.08334001
56.56846519
-12.49308097
48.22434783
147.66353620
63.86055664
41.47622131
41.36371554
53.70291444
56.37494591
34.56259958
89.89970471
116.41035865
91.45514826
119.98073202
83.51679657
55.59993221
80.73462896
77.63368534
52.52628813
154.45155334
25.14838478
44.09792552
17.98200672
47.28642285
86.87079684
135.11130507
122.05115294
142.07765872
120.40991320
123.49908589
1.67218028
17.79635374
73.71082392
67.44266192
46.74162359
116.05476443
2.21701994
51.11666376
102.23522207
83.91830921
77.08450997
0.00000000
64.73816230
49.83289499
53.51636120
122.40410849
60.49365911
60.87903227
38.07431715
76.31956717
2.89963970
-0.39046930
64.66381771
65.02867982
70.04762897
170.61581905
111.76297452
52.51538136
93.48181093
45.52165346
27.05930340
28.46803077
77.00978231
21.25061977
52.01507686
88.86246651
38.77004711
136.69313734
76.41771429
86.65971700
27.29626223
53.28528539
14.28332686
72.28752941
70.60770610
