-24.95582734
76.59030057
130.38122244
1.72175453
-54.96908972
-55.47322888
-0.02647645
-4.82220007
-40.79207625
29.90329821
148.29728712
13.97161257
49.64324559
43.67503282
21.72184229
31.20172713
-16.30661461
-9.97422161
68.29922169
107.91105604
53.97306683
73.02090107
-0.01966558
-26.89880765
27.41685526
25.39971913
37.22059624
123.54962479
105.24284724
80.22905821
-51.67088560
-32.73883568
-61.83453330
11.13872914
-38.36292043
14.07685558
15.71997472
13.32045178
29.81310167
36.97295684
1.56531280
0.00000000
-10.20568714
6.26262084
52.21825096
82.89164892
46.41792070
-13.61995146
-12.65271046
-12.83880027
-1.01895542
36.76581417
28.41939706
1.82202427
25.07067102
11.22347537
43.24229861
37.00236143
98.16984649
32.26633739
46.31786683
35.33476356
14.20492014
-37.88237003
-43.66363932
57.86396583
-30.90779065
71.96709589
20.91399888
62.95365834
-52.95486467
1.86090253
-4.33040421
31.74463400
-6.21744477
-23.59070476
36.12255146
0.62278238
40.39056858
-17.21978224
-26.44843348
9.88464524
7.12525963
-13.89611352
44.99299921
144.88539001
-4.61057774
-35.98104830
18.46787279
8.24523677
24.43553991
-61.55097592
-36.47781059
20.27926782
81.75494186
77.75793145
122.25261141
34.93186958
-50.11208314
9.82738003
50.26128542
102.80068077
74.07746642
100.21405801
55.86461528
-27.48680307
-53.68097065
6.30306732
9.95813853
-7.12163301
42.20261926
32.14190010
38.91207710
-17.70883486
13.71990029
19.77708404
0.00000000
4.90303088
1.69231568
86.16828590
106.66832914
51.50203582
-19.53970422
-8.38031949
-20.50388892
16.36976010
69.30896525
16.45648858
-11.27571161
9.54078425
42.71862322
36.13774606
24.68850013
123.20662711
57.68784997
66.35382863
56.41472600
12.42123052
-19.57925053
-45.38027000
74.74402040
-10.86877428
99.84692745
25.06285616
107.39372728
-35.64313791
32.74774341
46.68441133
52.36552397
23.77078769
