-99.24942630
-314.60467241
-307.57957254
-23.30417807
-103.77476364
-50.75166813
-129.35789432
-125.46238964
-80.28789706
-65.63666553
-239.69714513
-59.00581379
-67.86179831
-85.81108889
-124.47395794
-194.05013594
-65.20437211
-56.85859578
-274.23154978
-256.58655119
-215.33018964
-123.77836171
-73.11415436
-27.78853143
-165.43421742
-120.98686502
-351.93912974
-196.07765847
-236.40731449
-233.32661260
1.65043940
-69.60136035
-57.60272263
-33.98092071
-31.62640214
-134.91382775
-119.81181389
-82.62631946
-110.94126294
-84.85434280
-112.45800347
0.00000000
-261.02302666
-88.10864264
-107.34626710
-146.43662090
-206.31836050
-60.32674695
-47.27773017
-59.49169355
-73.43201008
-153.26727759
-150.44847734
-80.16841795
-173.20689164
-41.07568232
-345.72278121
-164.90510253
-275.56468513
-297.47898068
-173.92390050
-70.60925633
-118.63525909
-17.44624449
-33.88114748
-146.79143487
-49.70982353
-254.43724648
-142.54792685
-278.33611831
4.72361627
-132.61775021
-73.66092808
-103.10968653
-125.77353434
-60.35624522
-92.85605304
-235.41730276
20.54660332
-135.11173134
-66.57013264
-154.28358554
-138.51989139
-75.80582480
-126.89443563
-243.61279479
-76.12267405
-28.84973557
-154.88703000
-255.68277614
-241.35431240
-23.69118919
-40.30725870
-174.07573849
-240.37293434
-159.40068874
-97.02410389
-87.37116289
-48.37198487
-142.49325280
-218.79988415
-401.39219663
-228.12703780
-303.78215034
-242.65572356
14.14089679
-50.58575421
-114.63039992
-106.82993205
-93.98785251
-268.49598171
-141.04327489
-192.52049333
-58.34942392
-219.01744369
-155.13793522
0.00000000
-115.86252450
-118.18705263
-155.69989156
-231.80430283
-194.69794299
-55.67884227
-117.11972515
-76.46376117
-103.02256067
-24.81071788
-256.06314270
-140.03543944
-237.03612188
-277.20041123
-338.32857025
-155.91263843
-274.18123364
-204.85411060
-300.26679609
-136.63980877
-158.53365858
-78.55796080
-77.99245200
-145.95881178
-60.83571341
-357.52500744
-224.76271336
-395.03341578
-17.84285941
-109.87114138
-211.48622749
-172.22822763
-146.44664137
