-11.96435400
120.29062127
134.24932751
10.49373044
-82.22696644
10.16385210
14.66281801
17.78864231
29.86944988
144.74781661
185.14446545
-11.73159608
-10.13036337
-38.84179938
-26.65146997
-27.03721481
29.07140614
9.91509995
126.94947175
115.71925834
74.32723600
147.02924622
26.64522088
7.34551067
-18.65225634
44.21684521
55.17930615
12.40033532
25.50306308
181.73840624
0.27925899
8.96829005
74.25226657
24.21746686
26.25727219
43.96736512
34.36237817
51.77646932
-8.02021946
-18.37993396
10.76342436
0.00000000
102.54453730
-29.97204517
189.95290083
48.13356279
78.67070784
14.25944144
72.10832457
11.92701254
3.88649996
131.30910779
-14.50137171
3.57967820
-20.54415761
-47.17699468
69.57612546
125.13670033
124.96662302
104.64916462
84.31128270
75.01934578
-2.85311321
8.04875223
30.19039319
110.40233306
33.95785601
70.91049863
-9.87447954
4.21536045
10.65945734
53.94532688
40.48855198
49.01782998
65.51950298
19.04478691
68.92459549
19.29567064
44.73873991
16.34959181
1.52906188
15.99995292
17.24765485
37.35649565
92.05576243
181.37688973
-11.17771717
32.04865808
-16.05825106
-20.91727293
1.05665278
52.16187699
27.01817988
54.01409398
68.58765445
77.25853399
152.79685291
21.58703133
19.83571816
30.61985009
65.95866242
89.85379000
-48.62898255
-50.33673703
151.50346919
10.49974506
20.28131241
72.30129904
35.21025276
29.52310906
12.25750455
20.32827430
85.49761752
-3.78032112
8.91119365
54.27739047
0.00000000
72.28128216
-3.69041123
140.72618087
36.49048306
61.96296245
-2.39293287
77.09093620
6.89823423
25.70810055
70.45981990
4.00933171
18.59104888
-8.30687755
69.24986473
79.44002126
73.67292050
135.78381936
98.42319058
46.03324692
48.39383734
-10.17039679
24.01964904
9.01547291
106.54637255
21.74367599
60.96548458
4.53930486
25.78955919
15.83359018
88.48240494
72.61504623
110.25556745
24.76647259
