-26.64004219
-164.97244621
-4.94487274
17.18510263
23.99686266
20.27558839
4.19165212
-5.97355935
-63.08906865
-74.67286974
-68.20938368
13.57211798
21.92465154
24.12788069
-40.79980003
-23.69702709
1.54238734
-9.59698688
-178.22183149
-54.75677888
-36.47422923
-115.89254231
-27.32242632
9.00038234
-109.15342150
-57.15153750
-14.91469954
69.33689482
31.19042790
-131.94741042
29.90957644
34.08207487
-35.39700889
-19.34150552
-4.14685830
-96.79601220
-42.64056210
-74.04701295
44.47782912
28.40922506
-31.12167351
0.00000000
-228.91844295
-26.04232989
-119.88125957
32.95592758
-44.88569316
-3.01984209
-21.44618727
3.90825541
-37.97890484
-85.39864543
-18.81768874
-49.90804660
-46.52056223
-61.68050972
-103.86906801
-232.46832898
-91.23422833
-110.93724175
-74.50164919
-69.76551814
8.45167666
51.13879390
49.56070328
-71.88576025
-50.20248822
5.04936067
-16.69907522
-10.57287091
32.49547786
-59.71506657
-68.35067045
-71.80627830
-52.74995900
-28.67601537
-128.17736880
-2.31982910
134.88538031
-74.90075543
11.49753280
10.81213314
8.74596310
-38.31800000
-61.06034391
-67.17914063
40.32597410
40.21906482
26.74231572
-13.84723440
-30.09856035
54.67748831
25.38126591
-69.38882781
-18.72094614
-54.95618167
-83.90515019
-10.85389669
21.03557917
-75.17184664
52.48080824
52.69931838
124.49406796
105.37102772
-101.55819835
4.11210280
26.65503465
-26.70959859
15.56830362
14.30038411
28.61879003
-2.18820938
-62.01756419
40.29757647
-29.94809837
5.79971948
0.00000000
-167.22612102
-0.53108856
-51.95533591
70.99157089
-9.54526008
28.86026864
21.16830874
25.88195646
-44.07948035
-154.81971335
-28.00088937
-19.23130327
-31.03673420
-90.43518937
-25.49997988
-61.07048412
-38.13480553
-88.36253349
-27.98615895
-18.76784348
36.22751524
23.37274302
25.81851657
-87.27569361
-12.51903521
75.16312462
8.58977730
66.09955339
32.22016624
-86.70909132
-58.42241070
-87.90135957
5.03698269
