-79.82938469
-207.26833358
-159.94761671
-67.21517431
-195.17252828
-3.33579874
-49.48347695
-66.11816243
-105.44236056
7.51167243
42.12020091
-134.18929000
-97.22437998
-125.58894116
-103.30704995
-118.46109653
-58.64883855
-74.56362888
-125.83070694
-26.54481663
-138.09522458
-16.70074084
-24.79516024
27.73581706
-223.81228878
-160.15563219
-287.18208378
-109.09222930
-89.46831774
-69.80371179
86.09172309
-56.10203791
5.91338212
-65.17131687
-56.03085782
-71.17802234
-68.13032130
-45.80360755
-62.08627073
-111.29499917
-73.67246078
0.00000000
-236.43945820
-140.77499697
36.11484072
-39.57351364
-68.49149216
-15.55863162
-44.81291570
-67.73500053
-37.97119619
-71.91733809
-103.31580849
-48.00653222
-87.01385112
-177.85835551
-221.13564115
-8.13864649
-100.96822591
19.06546299
-74.39747356
12.67586779
-134.42363084
67.87650006
48.36970897
-75.34021660
-35.08687226
-121.68685346
-98.28358708
-119.91575621
96.07572442
-70.57353976
-16.52855258
-24.47900508
-32.26310929
-10.77183855
-29.57801158
-130.42055828
-109.26426441
-194.38114567
-32.87983840
-85.26641410
-69.15795340
-66.42390680
-7.23637271
1.31176759
-181.65615186
-60.65467442
-222.25811594
-291.42970026
-152.94128445
-81.88871209
-84.91124667
-119.78083411
-126.83046979
-80.05960705
1.18008340
-68.11112015
12.30138427
-153.91450912
-270.31834836
-438.55732672
-221.29954513
-255.17094664
-157.49061315
88.54104126
-72.25208045
-124.92589366
-49.44757566
-112.62533353
-284.18023223
-81.76291142
-123.56704227
-126.35083452
-140.15845883
-82.68892526
0.00000000
-137.34826089
-191.35067208
31.01801487
-94.73663267
-82.34201660
-90.09305613
-85.80188144
-112.33370659
-59.15149187
7.16393609
-199.19632986
-132.17969314
-160.81693643
-223.09381358
-276.27162233
-114.79114925
-128.10471443
-19.84548367
-171.74192101
-55.06477750
-160.25678446
14.96832251
-17.12176225
-37.79471901
-45.31752057
-267.91871704
-167.98209445
-216.47887662
111.64718099
6.25336363
-140.47212627
-58.00461444
-164.10071447
