-15.56828114
-48.35835759
-80.23711172
-72.70016511
36.59197403
-14.72911488
-11.77598098
-45.55040985
-35.37633072
-67.75971020
-69.01697066
-39.65676485
-71.32281837
-33.71089304
-50.69969053
-48.40700877
-75.92079297
-66.42431054
-98.25755568
-4.59536278
-49.41898943
-78.93255841
-27.81610605
-19.15236537
-123.25887138
-64.49053853
-51.62645609
-18.54834073
-31.13237084
-28.80117956
-12.54287655
-13.15406915
-59.57553604
-67.03968060
-119.49553041
-80.60131154
-27.66303639
-76.02372652
-46.68926988
-25.75825068
-51.28563354
0.00000000
-3.28087986
-47.94564370
-101.98554254
-55.48816535
-94.86381012
-28.04171343
-82.80080079
-40.31370021
-34.85610428
-62.12425940
-25.26038188
-54.74290348
-25.06706813
-50.96900395
-53.03290323
-110.15155236
-67.54235879
-86.94738346
-29.48478577
-50.83334620
5.98408636
21.68222207
29.72563626
-90.76274214
-19.60694031
-9.55535222
-8.84280054
-26.66774659
-40.80227256
-40.19534972
-50.92823470
-83.83285111
-29.27784301
-23.59183300
-43.04668131
-155.42107164
-75.41027137
-31.30497805
-8.92448842
-6.70384708
-29.83158033
-44.36883140
-56.62204793
-52.60740749
-82.89558218
-102.26688145
-88.99198516
1.74069128
-30.44136122
-106.65595663
-83.69405539
-72.48594704
-20.20150155
-35.43848188
-63.46955891
-34.81642951
-23.08752397
-38.80959803
-89.14675583
-43.80045179
-35.41866797
1.09981664
-97.86252407
-6.87009571
15.47718125
-65.15089597
-57.52920067
-63.35884882
-59.78762577
-10.64902372
-39.10304775
-110.71625014
-89.24988863
-50.71871244
0.00000000
-6.62556267
-26.23789250
-82.68479812
-28.17582087
-76.53182716
-52.65184598
-71.67854463
-55.96138407
-24.67485896
-15.92983429
-8.23326929
-38.95730529
-12.96172772
-191.26210420
-62.33981430
-62.07344903
-69.65506987
-96.01737046
-54.43957390
-38.10602633
-35.53633548
5.37309272
-12.24175833
-92.10700514
-28.79746231
-35.44499616
-14.96585876
10.28030373
11.44748664
-74.98811337
-18.18145929
-90.76335738
-41.69139835
