18.10871569
17.77386989
35.26922945
37.73687225
24.51268990
-12.62714470
18.82042186
-10.65809328
-27.11754949
-10.57922891
83.51570673
67.24350476
74.72283950
91.57270197
40.52237587
15.80872775
-9.03148421
11.36021309
52.13775122
94.51096535
20.17013163
20.92062903
-9.30749914
-7.51196213
57.67261163
43.53272162
24.86832395
48.00783043
15.11988965
32.67314414
-46.15141819
3.33909590
-46.56021111
21.20975286
-41.68255936
21.68645344
8.73270807
2.74125820
59.52480338
72.15388706
13.17198666
0.00000000
-23.90759652
26.48095370
-5.70188874
36.23865369
17.20398456
10.07212213
-19.37537359
16.80096639
-10.38843074
-1.19815254
55.56097522
28.40982557
33.22723399
80.82416641
58.09778366
28.26635869
75.02228510
35.89770954
44.42817846
15.77381524
43.60672397
-17.28427851
-25.22097907
42.76604656
-28.11244715
40.03609951
35.92655280
27.39156118
-37.92434164
12.25409896
-8.13913601
41.94369067
-0.25295957
23.61134331
15.12058701
-91.34841955
95.46200018
-12.37744890
2.13605342
16.42743085
-2.58664430
-15.60132775
16.08222915
74.16308358
43.21145611
0.89696280
68.19733575
7.49231822
-22.66307005
-43.96297788
-10.11858728
23.87599951
86.37247714
43.32545958
52.98438170
13.38162930
-20.23974141
37.75412899
50.64135141
35.64317978
37.35495582
26.13974830
28.08911778
-11.10134092
-18.53933768
-17.47002087
27.22252161
-1.00694086
15.57746327
4.97215081
27.28841162
35.07119744
50.88282260
15.62142023
0.00000000
6.96828249
24.55187773
29.63940518
53.48840598
29.55823429
10.54788743
-11.41564313
11.85683265
-0.41887449
51.34334142
44.98948001
10.46222490
18.24833501
77.93362458
38.04133330
24.29255018
102.93360513
55.80432857
27.05241466
34.28537504
42.70978029
1.53351635
-10.63107882
64.91778326
2.19422669
55.60665992
37.52539701
19.21496089
-23.08735270
24.60757694
12.65717563
49.91508660
22.27679105
