-46.16886777
30.96915857
11.47763260
5.16214733
-53.72292693
-29.54123777
-37.06076839
-23.32843591
-30.51839433
20.03719674
91.98928885
-47.93863634
-36.57629281
-35.97340935
-36.08611983
8.63591586
-22.96345214
-31.16443984
9.31477795
107.05610661
24.90641375
62.36091495
-0.08838639
-18.45552535
-27.59512400
-61.22284977
7.95118104
50.26096899
74.00301370
43.60606461
32.44238069
-47.31055335
0.64947852
4.48766187
-1.59757033
-31.35379256
12.19654803
10.70346405
-37.83563100
-36.65645184
-13.09815163
0.00000000
3.43344639
-20.62803520
28.86168621
13.04087041
-13.26299129
-27.15758055
-13.56124049
-31.83261986
15.34812536
30.74543794
-47.00791720
-39.63311601
-24.63351956
-46.60516794
-23.54308052
26.24592111
52.79337984
24.92081249
9.85981408
25.36387141
-59.68067162
13.77133054
-27.36419094
20.27154195
-22.75044531
4.34593563
-32.97421420
19.70765901
10.80044666
-22.87552360
12.91541796
-5.23992049
14.37251978
-44.15170229
44.40542177
49.62837779
-7.80761417
-53.62212263
-25.04951141
-45.80957029
-23.89502880
-36.37542113
-8.13441716
59.68900803
-42.52620857
-24.71128024
-43.47085014
-81.55692036
6.20097279
-28.09901921
-46.72874500
-17.91021118
62.69876256
22.82304811
80.32659278
-8.44677053
-32.29683817
-73.53130123
-49.29774028
25.66281961
36.26231528
52.60242834
0.02593763
2.11153745
-33.74334379
-9.74533137
-25.84575937
-37.74618514
-57.42544920
3.82646244
-34.88638339
-21.37716216
-31.86366848
-21.34959844
0.00000000
-25.21313773
-58.61626553
11.91663928
46.22320436
-20.20378188
-29.72739743
-36.83919825
-38.93487914
6.86732159
24.51616093
-64.86165651
-70.04116632
-57.39096244
-154.03991556
-45.80593732
35.50983725
38.55773340
28.00185886
41.35594153
5.08242114
-52.73507410
-16.71808272
-29.56532515
-23.36482965
-29.15157064
29.92394383
-43.66789517
60.85329538
13.94427705
-32.92903043
-17.49601081
-40.04113568
-24.75577389
