53.33429282
-25.48737386
-54.42528706
33.72761519
53.17754336
29.28596469
34.95110919
39.19745734
32.64399501
-50.95334765
-5.04006026
38.50414102
56.67679316
42.36101462
24.61532661
21.19925620
7.59859548
22.11685838
-43.50249710
-22.00296214
-36.83258633
-57.56657859
-2.67795198
40.91805499
44.84088832
46.70789232
9.12200609
-157.30340756
-19.51545592
-15.83848704
25.55791242
50.01105801
22.91271125
26.32296540
22.17439675
61.12492222
-28.46269655
-6.87623511
45.85723351
35.10192984
23.37763091
0.00000000
-16.39204195
2.98374520
0.89154361
-25.23767747
7.05204700
34.29681026
5.34166948
18.94230811
-3.38604447
-30.53382712
22.06124369
21.42904526
17.34880003
88.15471408
32.41748075
-50.10045629
-46.43013137
-54.18918303
-47.83852416
-28.29932972
60.63089889
20.69184601
45.11681286
38.78027769
24.23389194
1.88640173
33.05733928
19.27454328
36.91634241
23.20460364
-14.48667662
13.09625761
4.69039854
67.85082973
-53.64347332
47.70195764
82.41436651
95.93294605
38.99940745
26.74174281
32.96318193
49.35636812
-16.18383671
1.44912022
85.45905790
88.96989911
97.12401111
123.94818514
53.56103410
44.88466537
28.37669889
-11.61404051
-5.88070657
-52.77816381
-60.84729166
-3.56958872
63.53714912
102.38148002
65.54365623
-1.66226835
63.78677955
42.62936703
36.35440295
11.40491411
39.07001718
34.94420467
49.06174451
18.28628851
60.69719377
3.36291975
33.06403317
71.73509268
87.27854306
23.87319513
0.00000000
-41.22809101
5.47056808
-7.08633525
6.31714981
23.44591716
56.03804122
23.28827938
37.26325122
-8.43253452
-66.91605977
72.60666410
64.97437387
75.56557575
181.67074212
75.13481824
-43.52827309
-33.49792890
-34.52926220
-41.15165798
-20.52643764
77.29289461
12.20344510
44.69073886
36.89233199
28.74308206
42.64695635
63.91499014
9.50327518
30.70853261
29.52977114
6.21153515
51.27674785
24.72212048
