42.12038487
-15.75054664
2.19231169
26.04317267
28.66763732
3.53481623
42.17211988
43.93004531
24.23135621
-32.96421985
-46.55639026
33.80931778
5.35783783
8.16204120
49.02583050
11.77222677
-1.00369083
10.25923081
-49.16764073
-57.18546288
6.09423809
-4.98131229
-6.92753190
42.74630467
-30.86959142
48.54253539
-5.61334665
-18.96574022
17.73069075
-12.64858713
3.89526487
29.24516922
6.14228061
-18.24258944
-9.66940952
17.09168106
-16.43239476
-9.74945730
12.65024942
21.58419479
6.73083279
0.00000000
-2.50833260
-25.01591804
20.91934302
15.29364605
7.37226781
15.52016636
11.22389090
27.03444269
-17.83775871
24.14930952
3.06248310
50.14790718
13.16918546
-16.53513373
-7.07795676
16.64770118
-57.18979366
25.36086624
-11.85215824
4.07149065
73.74444004
31.73377307
39.83251404
-19.96176340
34.09503040
3.60892288
34.29251765
12.93555528
4.80780099
12.38503299
-5.75205272
-3.78096913
-20.52729704
51.51213844
-34.94352204
23.16317138
-54.20002514
44.60742884
20.88741535
38.14417106
33.01120469
39.32807108
-36.28787550
-48.00950119
3.32400433
-4.05921662
-70.51858892
52.03092965
17.80404068
31.18410500
14.18399289
-40.28639013
-59.72771118
-26.87246251
-48.03755175
-22.54798642
34.82938399
3.81269450
1.77267045
-42.53336636
-26.70555832
-47.41192956
13.48496740
16.64180438
28.47296133
-11.31058538
6.31975638
0.32823229
-40.66202983
-21.61043373
-20.69481668
-4.03558727
-24.41993896
-24.60951516
0.00000000
-24.00535926
-24.33560551
-17.37947047
-47.86447326
1.99385405
10.07207327
1.09782915
18.28200463
-26.31071435
-28.29906132
-16.82898661
61.71465887
35.39583775
57.63427247
2.64735310
-37.81447912
-72.99085576
-23.86088984
-30.45091248
-20.62888658
-10.34155223
18.06252376
19.58598506
-32.12835852
21.03043198
-33.07328467
-4.80390350
-21.45811933
22.08081828
34.68574871
-35.21531047
-26.77117025
-46.38004448
