3.06833848
84.61873690
78.04781322
4.53420023
-14.66298900
31.17086081
33.82804453
16.53981099
31.02515685
76.81729865
104.73963761
14.52319417
-20.61987539
-18.16825099
-6.14073453
-20.19196917
31.95666374
20.03184554
71.47236069
35.97424041
45.61666673
85.68718113
12.35607834
1.23369199
0.16705174
45.53127907
61.04328981
-24.72576256
-16.62107544
133.23444890
-7.28707341
24.72304695
50.98183944
-2.06855637
4.85681501
24.16952979
15.92122114
14.05923797
3.34742073
5.06148509
13.61420604
0.00000000
119.64511108
-17.75524753
134.36733722
15.14159395
56.13020654
18.46609705
59.77738921
28.89195733
-20.48053309
91.85501299
-2.17654703
17.01751772
-18.72990990
-49.58518854
63.12916473
53.31448994
42.77000680
60.94354084
57.57348694
34.84828628
6.09713107
17.37083477
26.36318978
62.61921421
29.71913329
32.59765139
-0.99049723
-16.49318939
2.31510286
49.04666231
9.01146811
27.58859294
45.73941502
24.46082946
61.33744306
27.31971252
25.21180157
34.58331035
16.26983398
30.18832091
24.24661023
29.28606085
28.45233292
97.82621380
25.73864316
51.66380066
55.75431659
22.13735736
0.23932220
60.81019591
40.30925185
37.87257740
7.44219388
41.69227259
75.78141594
8.97500658
22.59616673
30.06502019
71.11498630
77.25905018
-56.32505993
-48.79614216
145.64243794
5.38695786
38.78829807
27.28316796
30.90762628
21.50719624
32.98339146
8.63255396
58.81533582
48.03495352
45.66865804
53.72102208
0.00000000
101.48494678
15.30809027
91.79569799
-19.07754857
45.36669826
12.33233047
67.12709067
19.78213409
8.08415182
49.50553821
37.67864614
44.75680547
13.19930154
118.76180703
95.00922448
42.11727852
69.19406729
64.56327313
23.71527376
14.18017205
12.83433382
32.07664993
15.41863248
58.48130275
32.10032869
5.72302919
28.07493405
-0.11234708
10.30207426
64.08090803
35.75698682
82.32405975
5.78702447
