-27.48902260
97.38461511
-157.01811508
-88.27874229
-35.57793941
-26.44442832
-45.60911785
-17.83201272
-70.11077620
-29.95497460
-41.60681515
-23.42410629
21.76260318
16.07097866
-7.58430077
-11.60263600
-27.07372833
-3.00060319
105.99785876
56.35497858
-22.42876300
44.92258537
3.79177967
-40.34207547
-0.47606993
-45.00299875
-1.90498003
-121.12121623
-51.48039206
-128.46101534
-72.76557595
-19.80518724
-30.64570254
5.40584142
-7.78545846
-15.75566966
41.50704105
45.69151640
1.12436341
7.60732453
-20.05746422
0.00000000
126.64095281
67.28127649
13.57763634
-91.37071243
-74.41761404
-4.28693448
-46.33060171
-28.91050441
11.77390865
36.94333236
-5.77375253
-23.56268560
29.32076490
-20.06183248
31.19082772
128.86554551
125.01813440
40.82604112
42.15420656
3.35161594
-19.97309516
-83.71059349
-72.01024982
-35.34312853
-26.53049912
-18.93078441
20.05423408
59.65171582
-94.00799102
-69.12589713
42.91537109
1.27272487
-28.81394850
-30.03989673
-26.06480967
-134.87450343
-169.04257997
12.68963738
-30.37631186
-12.41690318
-31.21594031
-63.49493306
8.37756163
-4.03404707
-68.38372716
-27.64760579
-41.46401170
-46.05093605
-15.30591817
-84.50630087
-40.06939787
37.13366201
44.72958934
-19.46098921
50.40615203
8.61971091
-54.69229899
-27.40866857
-80.70264694
-36.51288618
-131.26508446
-109.72749474
-83.97560075
-55.90396443
-57.86742800
-22.67122288
-37.56665238
28.61903684
-95.04966563
-6.26055109
-29.72429716
-20.79751519
-6.02308623
-81.55131909
0.00000000
82.97044007
67.99632057
32.00954488
-122.14920946
-44.59165440
-9.12001723
-48.35027586
-36.13970550
12.71297922
7.06508606
-46.37294217
-39.34579387
-10.10356762
-101.11639181
-33.47367140
45.34590208
80.53873881
11.40046325
5.20137257
-2.54353569
-8.49869110
-34.07208368
-26.57626783
-8.36108615
-23.77357975
-61.19851575
-14.58463552
-59.01595910
-101.01502919
-60.10054237
2.19427529
-46.01095228
-6.83238954
