11.58441310
-48.18457969
-155.82087890
-5.65257977
-7.23598998
19.02414010
-1.04431697
-23.32903713
-11.30393277
-80.86313919
-175.45095672
36.36982374
30.77087325
11.18939802
-19.52923099
7.45312537
31.62588718
47.14600399
-50.78765586
-187.60847050
-37.69000845
-88.93017797
-4.56448673
7.66660731
56.95386193
-5.76911024
-103.66801241
-54.31038030
-52.40740539
-165.84402110
-1.12220568
8.10172547
30.25216757
13.20573679
45.54488990
68.11066226
-20.55844256
3.64509135
17.62274139
5.40348513
5.64908855
0.00000000
-35.23934398
30.70588565
-89.00594058
-74.37786606
-74.98814486
20.47202519
1.37426294
12.59286789
18.39294794
-62.17680299
-12.92670141
-0.87542660
-22.25757629
66.21547062
-69.41470874
-64.54930557
-104.85585992
43.82915875
-22.71671881
-44.93685737
4.28356952
-30.98194450
-18.42084493
-71.91587665
-9.12095559
-76.82750204
-14.41413188
-37.59791966
31.72338594
-32.20035770
-5.94880278
11.92712434
7.95712627
23.71379290
-21.49498118
-26.33013539
-28.14548513
14.93764343
5.34902555
-17.44088071
-25.67311945
-8.40325801
-30.57729285
-160.91456786
34.91812384
81.34636555
60.90417587
-11.40030855
9.76386562
26.75870935
53.97751687
16.41756675
-123.85097216
-51.45851414
-118.30849989
-3.17447809
13.75958190
9.73582448
-39.38105704
-104.29263911
-18.19757602
-7.61289896
-125.15328891
-6.67584444
-20.24687248
-5.21990752
-18.38746810
4.29193558
45.88555282
-11.41494880
-4.85836830
53.94527242
74.94047309
-3.50236520
0.00000000
-7.21882648
26.40446638
-81.68478455
-85.45518464
-46.96721338
54.16860241
-11.76563360
27.16224825
-0.55593309
-78.31957614
-12.30837375
-3.72325465
-30.01144151
70.03670724
-54.30574130
-32.89186486
-104.98625539
4.78176683
-33.71622392
-43.85311194
23.62005349
-27.78526246
25.10767933
-52.63044040
-4.30750730
-90.91387256
1.47740879
-65.28051133
-25.00712584
-38.24238046
-28.32451011
19.92841948
13.93400466
