150.84503698
218.99934821
337.91595710
118.82722575
203.58882442
82.20408513
106.65066507
128.09888593
172.02054902
73.50852212
224.25276664
145.96600586
195.05580883
155.15206577
122.10682025
155.08768082
63.73953141
69.12247300
158.50728570
278.40443941
170.83764168
144.24303213
28.58836732
62.34710507
256.08969571
200.22700741
296.95781466
176.27524970
185.47252375
343.95831169
39.17678910
55.51149382
33.00731890
62.48094450
-6.05118713
134.73137086
53.22265634
70.09451596
163.34606257
122.51074013
65.08518747
0.00000000
274.36070036
45.92942234
79.09470587
166.32604584
210.87772833
75.25252991
54.02738652
82.65156907
25.01373513
122.47702311
104.06267512
88.66466540
76.34540237
180.61324401
254.27687374
97.54931917
165.36988978
95.29817225
95.27421994
22.78930452
141.46716510
36.36353292
48.96423224
163.20162256
95.50947382
162.79449894
103.29463825
107.75289037
76.43649647
157.20743031
21.49238257
97.27015394
101.38322831
110.76258151
153.37509129
263.49279061
172.25631306
222.23307315
63.32474016
86.83822370
111.09975187
124.32713512
62.31008788
150.95674092
209.98114075
147.24161481
276.76942653
219.95025739
153.70556126
24.38535582
81.63795972
121.21563018
237.56350265
158.52254537
90.69824302
50.32848392
65.19115139
140.80693884
261.15794541
336.22378084
278.59996467
269.80717469
309.73307068
7.21603743
59.48197795
102.34871370
123.29294352
68.39142771
241.24531677
62.62360050
140.30143630
192.09618923
259.76483512
148.81183794
0.00000000
229.53214954
79.28591794
57.26586265
265.55508139
148.03808269
107.54880441
67.86723925
102.33595287
43.82973673
89.12058579
226.45132919
159.69018627
138.62891105
285.21735128
238.30825293
118.13937125
163.65172809
56.04799699
167.53922569
50.28023000
164.73949109
48.68187042
68.09473377
105.60157105
73.68734659
286.53119768
174.28331509
260.06824889
28.26380111
123.60543260
97.08228419
135.08184193
104.72988826
