57.31643169
35.62644395
70.96915597
50.23072647
62.94071678
35.77800520
39.51263838
20.25735680
46.57468124
76.17065671
61.40242275
38.87235421
43.62045470
32.51066096
61.37214873
50.16526866
14.55076437
24.79301610
120.16655760
108.13977468
42.90626435
49.71965611
24.80033292
14.69720930
50.27686065
53.24622436
61.07635543
26.28556821
10.05773297
79.85548205
2.64669792
22.43504073
39.71138359
26.43238176
25.35211633
27.75058437
46.21329660
41.77869194
29.62180957
40.33839898
21.69600792
0.00000000
95.78535525
36.84651934
33.02441872
29.70891935
38.24189790
30.01722387
26.66428472
26.86496786
31.20777224
22.49304906
56.29448970
58.98029546
62.39201140
69.84270375
88.40299980
102.21240212
92.80951178
76.43888670
64.65225213
32.95086593
17.58047054
2.60379653
9.32460774
54.88078942
28.13631085
42.67138247
35.00467651
24.76915087
30.43902802
52.36676748
45.53502876
33.48954293
37.06887939
47.62513371
49.01964547
-10.49500590
49.92730225
18.52690323
23.48576553
41.73708841
12.63866191
19.48679569
62.48192693
60.05165245
22.50489843
1.86018367
-1.57739900
11.36955389
17.29776492
20.55939788
31.99468373
63.70495772
124.96000471
53.42502573
48.96925836
25.12252175
18.49416540
18.04496061
24.76139746
39.27047758
-5.56113562
-5.00679321
74.24143734
13.14073658
29.07186404
48.08875306
24.19302524
43.89729310
10.64603140
8.29415744
49.86148788
28.71466474
15.43906685
31.04772534
0.00000000
77.96071468
51.79132447
27.92812721
57.14324971
29.98008778
14.60807516
36.36529350
30.60416888
30.67657181
43.11770476
46.72703761
58.32947778
47.25019727
-18.38906209
31.18231476
78.77885336
96.07770196
73.88397726
42.71548644
40.08007746
0.02558159
24.10449602
28.71613045
45.81528231
23.88717095
59.63094481
31.82787005
13.40918006
8.39144823
34.90384371
46.20707068
42.91886492
33.09697987
