3.46725530
-62.51428842
2.19899352
58.13753496
34.70276728
18.84300122
27.34300827
30.51083876
-9.71336700
-35.12363649
-72.25622814
38.51013760
26.81997737
49.82580123
39.08725417
8.81695838
-6.91975443
5.30322853
-27.04367359
-53.93952086
-57.42483948
-42.84539851
2.10006771
20.17250411
-50.11302488
41.72731762
-31.45234999
53.62216669
34.35241906
-55.62235971
-1.51603068
9.17974604
11.62928783
12.74757395
-19.74994538
-30.04107004
8.98150370
4.47222472
17.63837416
37.13621004
8.21317166
0.00000000
-68.24116497
20.75482137
-47.06322061
79.22809664
42.73266380
27.35568087
-14.94493844
23.60473083
12.06180533
-62.18493323
46.12098780
27.70836271
32.35059956
-31.10936605
-14.76501133
-47.16241974
-19.25325352
-48.86486956
-5.78199016
-20.68474239
21.29674770
18.62801483
30.67314538
-42.14470647
-9.98947436
47.36050748
54.84138058
35.36732611
-0.47054019
-6.26231635
7.45008983
-16.97578353
-9.37445285
-19.44279119
-9.71061495
-34.94373606
39.74925573
-18.01496306
11.05801518
28.46930350
21.10788759
-7.53514617
-22.65849278
-63.72206195
40.08694982
13.04038770
53.60318273
45.68200889
9.77477087
-55.39887214
-26.67902969
-12.96622574
-54.23718960
-41.12617925
-24.15004618
1.69677571
17.01193441
21.48530466
6.20930327
-88.33017192
44.61756150
36.10379945
-77.06298598
22.09142791
15.36840965
-23.71003034
-4.07289803
-6.17407742
-33.18840368
-9.08540835
-2.84093891
21.71625831
46.95577929
-18.08328449
0.00000000
-27.46937609
14.77273906
-18.34339754
90.37495990
11.83260439
2.67670816
-28.91078206
12.69701661
-11.86971050
5.16543016
55.77127921
28.91806723
31.99771044
30.03003389
-26.86269545
-44.33874444
-52.53003555
-44.92815869
-45.11203481
-11.30953261
47.09591352
31.30607050
6.51376855
-47.01074136
1.53019513
29.24881594
55.55768234
17.24573801
33.55219730
-17.31858527
-8.35053029
-12.57512119
-13.09295223
