72.01589543
-20.18983984
-23.13814344
39.94122310
66.65081565
16.13140541
43.67538600
59.66596530
148.50474858
59.15805887
-81.83413041
-7.10165828
-47.96600282
12.87087489
100.85162349
38.43841063
29.59213570
24.09588861
-42.38002186
-199.74003973
18.14404269
-47.43260312
15.16697363
-20.65763668
176.29105511
51.78504845
48.34228583
88.47615469
16.00104621
-21.39704390
-48.62845674
-84.59076993
-39.71908842
-26.57687230
-35.14983899
124.07040534
-39.29189233
-9.01913571
-41.69998740
30.37944185
19.96042942
0.00000000
-44.08069810
35.61097623
22.38883550
59.11309904
33.55786161
-29.14889556
12.73208209
23.60140878
-6.60512907
0.20044322
64.19251118
83.01801026
76.15720386
182.35829058
76.51417536
-56.67583387
-116.58873585
-46.54281139
-35.40196377
26.64230292
110.32648677
-91.29211921
-85.55657834
44.03407985
62.87283193
27.84848153
70.54265045
58.66442908
-63.27262389
77.96402031
-19.76272017
30.01490098
69.55558943
-5.93686260
-9.13703027
102.51490644
-36.53892827
76.12867645
28.35846215
78.22381158
64.49612709
102.97703959
21.62408621
-51.52415358
3.85909367
-81.60040715
43.24878055
149.87924138
77.84341379
-62.68843563
-60.25096462
38.53062778
-121.18608738
0.36237176
-33.51466452
49.25532039
-53.49826966
151.45099429
80.75905359
-2.73330615
137.92317241
104.85928503
14.95818799
-64.31021795
-49.07942121
76.97236835
12.31463391
22.35136553
286.18404579
23.86826321
47.74404198
-55.47008436
-6.55016749
57.82487271
0.00000000
-38.90140223
46.21582993
24.84183100
34.65904557
68.90243050
-35.80448600
39.35896851
12.15680286
-9.27968055
14.55482590
102.86307424
76.05618515
100.37769775
224.37988326
131.53021672
82.29288048
-43.96854326
1.71650991
33.96835324
69.20016276
70.59803833
-78.56214081
-17.43560272
9.08201884
41.28365173
64.63344119
79.77061929
28.35055726
-107.06252259
60.70347464
22.34870203
75.23995300
106.00245077
