52.86784108
5.11365887
1.44997000
53.76227083
61.14431902
30.58684889
31.95275172
-3.36436506
15.81187091
27.55555948
43.58147185
67.68946570
64.00640856
70.90989645
45.23497101
12.33392975
3.70155219
22.82851476
80.46972913
85.12298383
16.88485017
17.79368808
5.85438171
15.21545606
47.87030769
48.65607528
20.45396140
-19.85606183
-43.56732835
38.37640690
-14.27823525
27.01338134
16.96705057
28.42285265
-4.76558673
28.03908577
28.69854254
24.56447459
50.57077394
59.34520661
19.65100911
0.00000000
33.12304052
32.50119716
-1.52586004
2.02651930
9.31084613
28.97277016
4.35663284
31.68742019
12.17955976
-0.85068228
58.43493182
50.21312199
41.89799862
96.00329907
74.03343506
71.04755652
73.52776768
62.66883872
61.84579774
21.13814389
36.76869065
5.44216738
6.52207005
42.06792846
4.43438738
20.90405414
33.71125466
-0.99037716
5.92185855
36.25936565
26.37550037
42.89095868
24.96032185
57.87132772
25.86029499
-107.08710915
91.57312467
-2.68673105
23.06329325
25.54631693
-7.53783272
1.11967551
35.82183581
35.69582347
39.96457887
14.61722170
35.30654286
-12.08447995
-34.90339462
-4.42715340
18.89546486
43.35448496
92.52336211
32.64300123
25.35148659
8.33941385
15.62863702
35.15548320
25.50275249
-15.10280562
-33.16196597
-55.17750147
30.50808687
13.56288135
23.07072332
9.46593044
27.15085548
21.59395402
-18.02144821
-5.87825862
37.11491207
39.60812807
42.91331096
19.15440014
0.00000000
39.86229992
41.05328563
4.26539128
18.03615583
14.75590840
20.87285201
13.35412955
30.58547957
11.64773630
39.89759650
48.06426349
35.81944700
23.85452848
34.32666901
25.45174567
47.19555481
87.01803816
65.25660615
12.38141311
26.28991114
24.31905400
23.85488749
25.59620449
53.37910323
17.04052386
25.11333809
30.23709756
-43.53719358
3.24428481
30.83847154
20.83464512
49.17730252
23.54129087
