92.89715996
23.71961933
-46.05309046
102.91008131
106.48155981
10.84838318
24.05571532
80.52828621
120.83438306
79.77909446
-111.28579748
15.17596025
-67.85760159
-18.23749515
46.23338423
-19.04676953
67.09433848
55.08215508
-35.69422540
-262.64630287
21.60241774
-1.66303610
59.02919351
43.51685080
-16.68910274
73.91701098
-103.30596426
-23.04987763
-48.70425413
28.19469205
6.83445717
-7.43648115
122.13116374
48.55145254
117.32891227
81.24920755
27.06844337
85.97338570
-59.56029498
-35.26706199
56.74351964
0.00000000
21.95979596
74.64787328
19.98510941
35.01049673
45.30671374
11.51289658
79.32240774
56.70657834
85.58214950
-15.31884824
36.86502782
49.46651882
39.66516469
39.65574392
-1.04834548
-28.16875258
-161.93658908
-158.78238745
-9.80120700
60.06057026
22.30467804
2.71786401
23.93411927
7.44847298
83.93281351
22.38276950
28.75665731
-0.56149991
6.73226260
45.68485213
77.25437874
9.05424367
77.15987688
54.60848689
-35.21610848
26.36529146
18.41980517
103.61931323
20.86882733
20.10773873
43.88572519
94.19501737
51.72033946
-65.20412663
56.96103562
53.88426139
57.90844210
79.30054829
13.31647179
83.23803335
54.73873359
-12.88380371
-173.42728116
-37.08337222
-42.80013223
46.09390115
72.06222161
102.79311917
50.10454136
-107.92654625
-36.91524990
-55.88422988
-16.43375470
11.43826273
65.28810524
162.82015657
-23.40303876
66.44278772
124.14386114
42.10359025
51.28344910
22.65532037
-9.23462741
68.87467297
0.00000000
-66.06708620
81.36735553
-20.59769218
5.85380385
48.78096138
33.90970420
60.24073688
59.35133343
73.77305684
-39.58035304
69.31444847
46.41457332
46.17194919
164.83216428
65.06947360
-47.38384224
-115.64031161
-72.65377671
-29.30015052
45.45277980
68.21742307
18.17620740
64.17288729
19.56120424
40.53952871
37.73103403
37.44984058
-10.51592387
25.69521299
55.10829893
98.24013860
23.34957392
95.22864598
