-75.56820802
77.28520549
-293.86977319
-144.56390102
-169.06573216
-107.42767560
-147.92492301
-115.39487248
-107.58494365
1.76226958
-134.88080400
-154.51041603
-77.43826975
-79.43050009
-115.96985614
-153.66572088
-59.89160124
-81.44247420
-15.09674449
-167.51448459
-23.42696999
-42.51050123
4.41365518
-39.99466267
-111.71400735
-177.84163834
-237.82139268
-237.80338375
-208.62178107
-166.89339348
-11.30311052
-91.31206146
-35.25168728
-76.54971520
21.93981109
-99.66441913
7.80705329
0.65437573
-89.47862699
-86.57955944
-91.88127349
0.00000000
17.03886650
23.61548949
-54.77543830
-165.59953611
-200.98627266
-74.73513396
-21.82079183
-98.43935378
46.75281381
-9.80065116
-92.39045493
-106.95493504
-115.11106244
-154.17035440
-153.83133416
-21.97346082
-158.87308576
-112.27835738
-7.64178264
-21.37471131
-59.76765032
-26.13611699
-90.36200989
-176.20717432
-62.22102514
-212.15050304
-104.86155557
-184.02461510
-48.93641979
-131.80262814
15.75040486
-73.21163814
-99.81414995
-87.74476139
10.42919543
-111.82844712
-251.82442499
-89.11774311
-87.94801595
-112.06090762
-122.69597302
-99.56174265
-18.16383663
-112.01715621
-152.79299071
-71.17801003
-65.54800565
-204.20198998
-151.71620268
-64.78496770
-112.34461887
-39.19455291
-157.85502826
-38.39000377
-63.71916624
16.03799621
-43.15007692
-76.91557738
-205.73648241
-210.13413706
-279.33583130
-235.62749189
-198.97973511
-18.87675670
-67.91076809
-22.40283976
-93.44757200
-21.92970581
-173.55603918
30.54218051
-6.91412613
-96.07800859
-106.74207127
-104.17745241
0.00000000
-62.37055406
-8.39660454
-72.41794089
-219.09149638
-141.86835522
-96.44973019
-31.19922061
-126.24268910
71.29617690
-57.80267812
-128.72810150
-150.49663346
-200.65908011
-224.68243765
-181.65674623
-128.33762188
-158.35429353
-73.43372509
1.89197200
-37.89373220
-79.63900208
-34.70522115
-73.03790272
-128.40848898
-70.12236549
-231.09151136
-120.54539488
-230.25982567
-27.60686311
-80.46907454
54.93779626
-70.15071728
-69.79458387
