29.40779566
-21.37000914
40.03274209
-70.40966506
41.48897541
37.25612823
49.37403581
17.53330711
-24.21786295
-32.18269954
51.29090036
-33.57915272
-76.00361182
-31.65196277
10.12050017
24.43277454
-49.28497855
-44.95128513
-26.98303751
77.48946765
-5.96371704
3.87473273
-6.51776454
0.93579928
-144.50624328
-49.95679032
-8.84138817
6.97825406
26.08872741
77.22955924
0.87746246
10.49701649
-57.74599936
-74.69132728
-105.16878564
-53.53334249
12.48221907
-51.79837206
-21.87713126
-6.58159667
-29.60717004
0.00000000
28.64857692
-26.77959404
-20.86753389
15.24269754
17.17140584
-10.22772842
-69.87427784
-1.57706369
-6.09919220
-43.83959335
7.03837485
24.91800773
35.85598057
-85.63617259
-25.58781302
-39.93317739
-3.47548663
-21.87249971
12.98235936
-8.72589197
11.27308569
30.98905130
60.14484275
-48.73092657
-2.81247683
54.22409432
19.27772529
53.32468856
-14.24060304
8.70423250
-21.64427544
-71.62979353
-2.52043221
27.31610219
-23.44160599
-38.44145504
-64.19070683
15.26623110
31.14263923
49.92812803
30.91945067
-7.94280342
-19.76625507
54.31176104
-14.01095256
-62.45218410
-18.50432576
28.14273465
20.99457141
-95.22905018
-51.05848258
-43.50952655
40.05028149
0.05382825
21.18157609
-6.81068584
3.34389861
-48.46668084
-54.21982501
21.32197263
6.75935892
11.02858621
-9.12243065
7.88482214
42.05843066
-17.67462045
-48.66860543
-42.87685493
-50.31495244
1.60175957
-17.81468944
-54.51812637
-12.30438787
-4.54767826
0.00000000
-6.55802902
-0.15759427
8.34014557
65.78540833
10.95229709
-38.43376929
-58.49384086
-13.72455471
4.96625914
-10.72366028
39.47791374
44.80949425
61.37530534
-162.76889231
-38.16090102
-38.05322596
3.12202980
-35.16427926
-26.04759946
17.21801643
-4.49434687
30.76802121
18.29524115
-28.99761433
10.66805791
53.15674907
40.15444592
71.29227618
34.04699188
-3.29973898
12.07661638
-63.45675828
-14.35410966
