14.67877739
-39.82000895
-42.72194913
85.30845158
21.22847479
48.94612284
37.30342610
34.04136033
-4.31273303
3.05062062
51.75517604
38.31287200
37.15400673
32.44552933
-3.99063539
-3.54098496
52.16673719
53.35879833
48.57876755
135.83992147
-19.62663911
28.33235834
18.24956390
28.45804849
-1.07518369
34.39037489
-2.46081603
34.40559018
9.40077527
-12.95159628
-3.65008610
35.28952766
76.85466164
54.50779342
36.78210890
49.00928167
8.04243140
27.55244281
36.56344350
9.70887630
35.36877652
0.00000000
-21.05421459
36.76663116
17.76147581
37.12892223
43.61907025
36.77476045
21.85750033
46.65182575
13.93281448
-16.00955149
2.68775855
18.48269046
20.09669963
45.98497065
13.30772159
15.42054385
98.65671506
45.54250642
9.49341707
25.88568361
11.28593105
5.74250737
34.96233940
69.76473208
3.45873099
42.73578501
13.97948917
28.25617182
14.74812155
11.59200634
26.78864317
41.36788311
58.71499370
63.60670343
-32.52946631
-36.33993296
120.40799746
15.13566717
45.52028539
28.62947559
34.97898582
13.22914119
15.26443681
61.14410937
90.72132315
104.38305571
94.75128414
8.28332880
2.08515995
66.38727389
72.57800697
46.66494542
147.51238391
-4.54948793
11.34533816
7.08126883
55.15265045
55.94587769
74.48420066
26.39896473
86.51830762
28.90855074
3.15332512
4.80199695
28.11027178
40.88589168
52.67667062
44.02216505
25.45075779
-4.59887046
32.54570399
99.78434305
55.19218602
42.54526486
0.00000000
-5.16495262
37.31024459
26.98742964
83.78292519
37.43326281
56.50694565
18.17403953
63.73451767
13.81906630
-16.63865269
15.17478827
39.88861134
37.46757295
69.77014449
36.06815726
45.45817481
102.85750711
50.12773685
-1.39345605
21.99485130
64.33654491
12.23053726
64.64199643
76.70776749
20.86309875
97.85113219
37.06354672
18.47026521
13.46021712
23.96115985
18.73336420
55.89038260
56.36030746
