-177.25994910
-198.70343194
-238.98696836
-70.74190446
-157.82682382
-23.06666866
22.47723289
-52.15469386
-54.69465739
-45.71241454
-259.97495101
-26.10185000
-72.28962341
-58.86970169
-66.85431832
-116.51893479
-64.43994586
-97.50188548
-94.76588496
-169.00951149
-84.75780527
-133.93203916
-37.58043949
-10.70539394
-88.04776779
-59.34991817
-164.82495942
-212.50128989
-192.04600088
-137.47131526
7.48524115
-6.43771126
-45.83336719
-3.22581259
-56.75017210
-101.23784283
-30.89889455
-17.48971397
-39.52358511
-21.48723931
-43.93676670
0.00000000
-216.28786447
-34.20641482
-127.71617393
-93.46019382
-56.23348669
-72.55858683
-58.56529698
-18.29031726
-61.89579880
-136.08064204
-47.81363670
-39.16032346
-52.33399712
-23.12288258
-158.54868917
-90.05340916
-82.91387093
36.30183513
-38.06128450
-8.18748272
-69.86187723
66.44819710
37.41940841
-139.41023253
-32.26969010
-73.08896056
-29.74061541
-76.88141078
-29.77626998
-43.07278051
-18.35970880
-21.50118279
-87.25398803
-154.73414786
-88.18964485
-231.27473791
-104.74169773
-283.13977868
-36.70467187
-4.96102284
-41.76742043
-50.30114792
-98.62382929
-225.17218149
-140.30253196
-165.34744495
-215.05072143
-151.20363673
-139.99232377
-104.86423827
-119.42746516
-86.58323126
-216.42410549
-83.17975742
-144.07809281
-96.57582087
-77.77876934
-95.41374100
-186.33045969
-236.03670843
-242.20700416
-290.63406719
-231.38635634
46.20289113
3.48467132
-214.34687636
-60.44624491
-113.60670299
-296.91734450
-90.48017374
-74.08548061
-156.46637292
-117.84858993
-169.99034148
0.00000000
-181.61544769
-50.07326994
-140.00421650
-183.54353335
-74.60623542
-141.27735086
-134.47727860
-87.11617504
-93.14704428
-65.73536263
-147.26322830
-69.30796902
-81.28151953
-250.06578573
-175.59134362
-33.74230923
-140.01283880
-30.12640161
-119.06116860
-53.94142579
-190.07744845
3.80673098
-97.98550963
-145.89905250
-45.28996894
-197.09147169
-107.84606114
-181.17357991
7.70745682
-74.09234581
-127.88108188
-74.62565556
-179.40760931
