15.78215783
-3.30373082
-34.43869731
2.31244741
23.42252529
16.26279686
-8.13440689
10.81545412
26.41215932
31.80774120
9.70785340
21.45341879
16.63157944
21.94050375
-12.28712774
-40.55161499
19.93229954
23.99889456
95.04941368
67.64673044
8.26290369
6.27562522
13.48431318
12.98839951
28.24460800
62.26568241
37.93815666
-54.39829769
-71.45926865
1.10331455
-6.58315505
61.90893474
9.98950735
32.79828401
5.67652280
52.28832758
32.80827053
38.15776392
16.51385806
6.29914474
6.55560758
0.00000000
0.42881225
45.44366781
9.76927275
-31.80828214
29.24346859
25.24171153
20.83320434
24.53097190
14.70729091
-0.91316626
12.28655216
13.95367272
0.12977127
40.62668626
61.95987283
75.81006267
84.18871639
66.14671916
63.01837911
31.82178183
5.67908790
7.27253033
23.50597233
32.49161628
16.72089475
27.46699033
8.46041526
-8.47863201
-0.82473912
28.80981074
35.00866762
43.15937787
17.09433228
69.86177814
8.33328662
-52.63301358
36.45903876
41.55709151
19.93964119
7.14679662
2.51343820
29.62189878
35.69318399
30.78273028
51.61649491
86.81368387
90.98260446
31.12706138
-16.94327767
15.88200018
26.05089110
56.02269974
56.36494898
19.59616985
3.28954582
5.01913562
45.05740476
90.22536108
62.31285863
28.47712151
-43.58595163
-69.04159802
33.79809656
19.19319891
45.80202666
17.16100344
50.27506829
40.52877667
15.12727628
-8.46711256
66.43233225
72.97670358
85.98823550
22.49279152
0.00000000
-3.14885357
53.70539488
19.34925807
-23.52259741
34.61028521
35.55147143
31.12161200
43.91467195
16.25652892
13.65636446
70.52494206
45.08252512
30.51062910
111.35196325
71.69270140
51.12563868
77.44363885
49.72592051
19.54936904
23.03964545
83.08761277
33.29600334
43.76112982
41.61984621
14.02226756
29.85680851
45.82006302
-31.22051309
17.26901034
43.31330144
34.49287435
85.16145476
24.76754174
