88.90050510
38.54708367
106.65428485
6.82203242
42.59909080
57.30005631
107.27588890
66.30226975
-34.06189201
-147.48453554
-212.57453824
51.21571952
77.04189950
60.54835313
154.70296946
218.80717012
-8.23666236
17.21755030
-200.09365603
-243.16391506
-21.25972284
-168.58070326
-10.73824379
34.54227133
8.89550241
8.28288256
92.98977002
260.06640911
289.06456600
-111.91051072
51.85034415
-49.91573411
-61.88665797
-25.16679232
6.87204166
-12.27065779
3.94917211
-43.74425594
44.80646063
66.73816097
-5.82874820
0.00000000
-61.32449722
-26.78604195
-227.60085651
96.50776145
-27.61588403
0.60827449
-28.99062222
10.97518239
61.82378462
-88.39439418
71.74123042
87.15663381
108.69607815
-24.38432374
-31.48443482
-256.87736413
-202.50343933
-129.71280737
-122.57393980
-139.94624870
42.88269350
-42.17804135
-18.96856604
-162.72310875
-34.58798316
87.35632945
77.68751199
161.24359342
56.68658545
-60.59784702
-35.88448990
-71.17939827
7.63588395
58.78045396
38.78912629
250.04987625
-99.12093893
96.60048174
39.74656249
53.77554608
25.28588335
-34.81293784
-123.98501962
-275.52844497
94.93748647
51.39551669
145.95623998
175.23844215
206.82824579
-33.84552686
-0.03537622
-76.65625419
-218.97683254
-53.26839206
-186.07130371
23.95213218
15.18573046
-118.32492580
27.08744182
166.09083712
258.45322108
313.36700382
-23.61963356
-1.39824565
-10.39650114
34.17384225
-59.60285385
-26.85914250
154.49206649
89.32656681
-68.36656080
56.67434787
102.48174180
-7.88291517
0.00000000
-76.87488086
-71.25691616
-222.82093670
95.41524991
-9.93731297
46.28362103
-12.29468307
19.59463255
42.56482473
-134.46116687
92.71542364
78.83985601
102.37158229
-15.43205701
-10.01710705
-170.49106815
-256.22467110
-173.06240426
52.83502814
-119.05443249
73.57691408
-51.55138132
16.67173045
-174.91569552
5.06223734
131.65741022
63.55449292
216.13590086
-10.21159394
-88.12022082
28.88229368
-158.59341181
71.63496095
