31.29374765
26.14701806
47.16849902
45.34771983
65.22046666
17.61018395
28.70833143
32.08742797
50.94904285
15.53908352
19.23324248
33.25450798
18.80836482
15.55524269
22.81538196
43.40724911
20.30060745
23.06707886
68.29796013
13.67846726
47.08310094
12.84846486
13.88229622
21.68774515
57.75609163
82.57868206
76.46905509
72.30885750
61.42225267
62.80533995
3.90731902
20.29722086
33.37341755
2.99708336
20.30237600
57.74039825
22.99609077
21.86565519
23.72524371
9.18853481
25.49317795
0.00000000
102.36272847
33.42857843
11.12788783
23.19672810
30.48818794
12.03323416
24.30088499
27.27140868
13.63738993
-11.72759047
17.45016067
16.75112972
33.29756580
21.88449065
73.86340585
30.96270365
6.83703180
19.88167499
19.89724111
1.73082449
14.93891659
9.16509247
25.97174302
29.39201167
40.23937051
37.21147126
27.19677945
38.39749884
11.83431649
39.07806947
11.19283382
11.97110006
34.27386404
47.12309558
5.13933490
81.54196105
36.27736007
79.27497809
20.31871178
27.03757752
24.66436248
54.11661490
33.53932657
5.92123749
62.64040228
46.65747936
78.14423824
97.19192513
77.04462774
35.95876493
32.57983151
32.75542497
40.38302556
25.49012359
7.35759544
25.67505073
31.03163028
57.65002373
87.63805342
103.74691400
62.65929577
90.37844187
103.24413647
6.16869872
4.06712638
57.83947092
23.76580097
31.46082809
103.58017455
8.59542151
49.26565449
42.86484721
86.52715814
52.83785432
0.00000000
60.10528117
52.10996092
0.91533862
56.44247366
35.06954099
36.09705793
31.47909001
46.17546969
15.99527518
-12.31066229
88.21986380
63.02679912
67.33674952
146.89100795
90.66398222
10.89897238
4.01936319
-6.65778745
35.41482585
12.06502410
61.32566302
20.07647718
29.95552648
24.37636513
26.54102013
81.06812543
74.20635499
67.69091444
25.71826691
37.38227920
27.06825874
42.42147509
38.76105279
