-35.32594210
-139.55483004
47.77593893
103.01213585
-33.65891598
42.11857744
32.90923670
7.99739268
15.09221368
-22.27736568
-32.07833738
42.52950604
3.62306216
6.60359831
14.55755575
-2.16513838
34.01724338
36.60722344
-120.88623749
-58.64499550
-47.81250646
-36.10512204
-1.33794659
43.23967801
37.60177957
71.01497044
-22.23735446
108.43806402
81.39265670
21.31625817
41.61972309
-8.11548206
53.68994311
50.04536300
25.85909000
39.95649935
-24.68524411
27.05056742
-30.01664904
-11.17691129
30.62911780
0.00000000
-159.30986890
-39.08569531
15.33864408
44.36256926
20.41706893
4.31954015
19.18397939
29.29252919
17.83829332
-72.93072269
15.48984107
1.26350832
-32.74261047
75.49061753
-37.34536918
-29.90421812
-61.92327846
-93.10147795
-51.25647035
27.22455265
-5.22686376
42.02886924
46.45875917
7.19124452
15.47158626
-23.85714957
0.33486372
-10.16640901
81.19071541
14.87791036
34.66068646
14.65989211
55.48186612
-7.90080012
18.54242541
24.85399093
101.32479177
-101.69978714
2.48805929
-42.90693065
9.67643174
1.29291612
-34.93904314
-63.48707131
-33.92398972
-62.95022577
-120.70466512
-42.30009082
-30.78592394
21.31976707
24.02615735
-56.82137529
-47.92723080
-34.63153695
-36.19488767
-17.99881768
-6.16674380
-41.34977605
-71.19341954
-76.07617811
58.77070075
38.31524932
-11.81062007
54.18938751
4.20775228
-35.55178241
-30.77101339
-38.84556244
-44.69050365
-53.67738679
-85.16395771
-89.71168477
-113.08166102
-4.25718180
0.00000000
-36.69865266
-71.35735184
-40.90901566
25.14800819
12.01925472
8.83254895
-28.28914513
-2.74212419
-33.71952893
27.30086279
-63.24468151
-35.10014082
-63.29356017
8.23480495
-57.39489823
36.20033411
-67.62388433
-45.90143867
-92.15098387
-2.41080092
-52.96198077
-24.58636586
-25.89833259
-12.84852979
-7.68833710
-88.67505784
-62.96305789
2.51870766
55.16303800
-12.23873989
-81.35524895
-48.32641715
-25.68494457
