-69.73811278
11.88511309
-22.86482611
5.94075346
-40.98444428
-17.78894772
-42.10156047
-41.80566181
-23.36603737
3.73718269
21.78911971
-102.57177819
-98.12765775
-88.98400863
-49.84544222
-38.00162202
-55.08678959
-60.77225394
-50.27789890
-3.12762510
-7.38917565
-17.14286191
-0.94534215
-33.98569438
-84.77125106
-75.01525341
15.81798231
71.08241939
54.51678752
-23.36962859
27.11141610
-4.30774206
-54.26465207
-113.46645788
-50.81462772
-118.09861958
22.66210629
-23.06523932
-78.61428340
-88.29531385
-41.51375585
0.00000000
-59.41253454
-64.50405881
-42.62757192
16.29729033
-59.80781313
-40.97898576
-50.03005732
-50.58939661
20.41884479
-18.96342384
-43.44542946
-62.33344918
-50.49783485
-71.83412537
12.60799860
-57.51398040
33.30759992
-45.97876534
-17.90647101
-13.54865784
-83.01652527
38.96411469
1.81484619
3.00259184
-23.20641581
44.61087430
-56.34370812
-2.05946986
21.78109345
-39.08729012
23.41008678
-79.05402266
-45.38485548
-84.28167333
30.25628247
-46.44726160
31.63316407
-99.54327448
-31.79999510
-58.81169949
-44.92354827
-35.74915785
-26.22373729
21.61053996
-89.55296184
-116.55264584
-107.64456849
-83.54275322
-47.87423700
-87.63452730
-83.12876058
-27.77655557
48.03690116
-0.36828231
-14.34337793
1.69531849
-60.74176747
-71.18547016
-44.22073431
95.99794525
40.53146377
78.26274655
0.36809102
-1.04367019
11.88702726
-54.09287654
-69.10526957
-55.03535487
-74.19330706
39.01335846
-28.07836304
-93.58795325
-176.05375636
-39.69009038
0.00000000
-37.05506490
-88.57153316
-21.63106563
31.72085806
-33.23702155
-78.78795985
-59.17451599
-68.20130645
24.36476355
-15.20452245
-99.52865933
-80.40771626
-68.00656022
-101.02208267
21.59459252
-22.17561339
44.64214207
6.45749342
41.52806019
-11.20089014
-107.22682437
0.18845909
-38.73429558
15.73458594
-40.51595929
65.30092110
-75.18690980
77.37534198
26.64738644
-49.13854083
41.62529487
-93.30403525
-60.11660529
