34.05039194
124.20189266
158.28101598
-10.56150519
-1.50329746
5.97991331
31.10756082
-6.11754404
-25.65997953
57.76079745
217.19522302
14.00236910
20.15464815
-20.09709547
21.59057856
95.18249862
44.25544601
46.65355917
146.94118659
195.18702233
61.09783046
106.47392867
19.43443770
-31.43878613
19.19396279
-3.99660526
70.99858324
-15.57394092
26.59728824
153.64104743
-12.22105377
66.53005882
69.04333549
28.51231496
50.94919926
89.44790024
43.79078330
20.18031027
3.64771511
13.78509408
51.23930640
0.00000000
102.90832838
37.58196564
124.27128450
-8.21869713
64.67409674
33.67083086
73.90721970
7.18451126
20.41482567
79.33920366
-10.05446473
43.22490349
59.95491515
-65.03756694
42.41669416
77.55925296
123.81435692
174.98923334
80.77019857
38.63193457
-32.10522583
-19.36352551
-9.83080032
96.53889846
-9.85331241
-12.86037774
-6.14342324
68.84887303
10.50925007
46.11422874
18.83161351
47.18474788
102.21511638
17.76169410
63.00456269
104.23150959
-7.57212093
95.14674499
14.82735247
32.18064021
19.81699783
4.24238034
93.18202520
215.70038163
13.74973124
21.96937749
-13.10279067
59.12195952
98.56775504
75.82649351
68.56881277
109.85492650
176.19959460
80.31911063
140.71000637
24.62538006
5.08400916
93.17752492
62.49907453
90.84252897
1.15656822
49.41470060
97.27118813
-23.03950812
50.56823249
101.82660768
51.01918592
39.98371885
139.92570934
32.74305211
91.63758399
24.86882015
60.92121382
83.50025563
0.00000000
36.00855078
40.99277843
130.73883515
38.56951642
25.85392415
29.52958669
83.38514181
50.44344646
45.10098257
54.75451796
38.08101648
46.25614005
101.27363345
85.55899872
41.13223990
32.63766131
165.44380071
164.20506885
110.83613807
52.00180033
-3.46808452
13.20338822
19.14195944
114.08382496
15.65120396
8.42610691
43.82114758
50.06152538
-6.64056872
56.10122362
69.61946832
132.65527864
80.56834497
