33.97711779
106.61738011
171.86477007
112.51709339
7.64673267
41.99253237
-13.96942387
45.92109999
94.95951128
153.98305100
281.21352103
42.27536570
34.53966534
40.66067437
-27.55667290
-18.64608487
76.45259651
50.21505628
205.66961191
248.83587222
72.94543032
182.55311702
26.84939209
0.32840151
43.01017558
101.52564717
147.25475086
57.45358874
40.15769244
245.20390897
16.26166998
81.05808704
73.16288319
23.03436721
33.13934712
48.68958766
43.01436093
22.20751061
26.57785572
14.89551186
62.20725266
0.00000000
178.39291132
-7.95459171
203.64344656
90.79367170
161.02528712
54.01559767
67.24058053
57.53704105
-34.76405470
88.05781000
16.24929140
-4.83251524
-17.04041476
-7.52160121
199.78524099
210.22961224
232.42261860
125.06427387
103.20370193
83.27784501
4.37348113
2.61535010
43.32097904
219.14829930
70.07425323
145.22621327
16.56010476
10.16202205
3.23601381
112.43965978
17.95430239
50.56816294
79.38106876
76.47694117
85.62169782
107.59989773
253.53603979
62.04191329
20.91800866
24.52161064
44.58219752
82.95393382
134.06640450
345.41227372
161.74301945
115.38992421
155.08423319
-42.60818020
-33.01132569
153.10345373
129.51943340
119.72551298
282.39982437
91.95787616
209.13863581
22.59577212
37.32039124
57.52659870
215.22451375
224.08150729
68.56202039
-9.25884766
286.85687119
-7.89418861
75.79714219
140.61520965
112.71429737
74.00762393
92.15455547
17.32888308
81.54928409
149.20770926
119.12319136
140.81061322
0.00000000
157.56752263
18.66366019
226.89247604
133.25696721
135.36779398
63.93545171
86.62846685
118.77838607
21.33636671
95.62260610
55.64071180
27.39700126
-0.74081121
119.80055214
228.38293003
155.89770435
304.12882710
153.34826708
96.86696200
90.36247006
86.98331777
26.47272260
40.58871421
231.70859393
60.29090094
226.26569818
81.64987071
18.70750390
6.22694531
141.62379507
70.47315449
106.90325221
106.01325084
