-2.86150073
140.10967405
191.34234563
92.55148575
-22.42355812
2.71935255
-18.36486525
47.35570565
76.62732651
147.13276380
192.70897085
24.23004336
36.99387032
15.72317191
-33.78624285
7.64872051
54.43164274
34.25233105
183.59612588
158.43521456
58.76387151
135.60411865
29.28434774
-33.85378553
26.79943807
74.89184309
137.61334684
86.78307932
76.13127729
203.06953143
9.24668306
56.81215558
80.96087750
21.85215161
52.33035969
22.78692116
48.34321735
25.45250005
9.96578069
-3.62959148
44.38876333
0.00000000
199.08256412
-12.20593018
158.29323171
83.50116194
147.08896209
31.30766160
67.62505606
22.38078641
-13.51431624
83.32001758
2.27672200
-29.08050262
-12.70460545
-27.72370423
201.91617660
165.18465792
194.89055773
66.09901469
84.17362682
63.74288389
-39.85467318
-22.69237912
-5.88300753
184.93764138
57.94830116
136.48282399
8.49678215
29.66161120
-6.37877300
75.71978157
30.41909676
30.46339611
58.10093916
28.74969004
100.37673942
150.71554169
197.87524655
56.67542311
-7.64533365
10.01765829
34.17466474
54.29112997
119.36028521
265.32692289
112.18227635
93.67431202
103.33321112
-23.54500624
6.51144232
117.62294031
93.91581514
111.40053719
185.48656085
86.45426130
169.34239897
27.30143613
8.50706938
56.27940039
189.69415754
201.35998621
67.50127384
57.17857801
232.39171273
-31.06990699
51.47315202
148.90335398
95.84189756
65.65132424
101.18570543
51.55518592
83.95892043
108.99891826
97.30334079
117.59093563
0.00000000
124.01540277
15.24820404
165.67450393
131.57831003
117.89466041
43.22152345
75.73679619
82.97496967
61.62325895
68.56186603
54.35193569
5.29186921
-1.74122637
80.00718714
217.15097205
111.51010146
260.01215512
122.61705422
135.98892800
59.65645068
52.49868187
-1.78771476
10.54607523
188.74201024
34.81227241
193.94220280
82.07244740
62.97033050
-29.29805968
106.76312364
108.07701421
96.53106993
103.88090764
