27.01926144
-65.90115763
-48.08845770
-44.48358609
9.49306138
20.99411852
23.62699264
17.46137305
-44.48740677
-117.33023032
-129.07326239
-22.69387923
6.67750154
-9.71918022
16.53254838
39.94124040
4.11643905
9.32621235
-59.94242412
-101.34713983
-27.04149055
-111.87342310
-6.03166593
1.38475214
-44.66508440
-36.15998751
-2.21660166
68.74478408
20.43612341
-137.91115431
-6.48015483
-6.21363647
-31.88304309
-21.41330016
11.99118581
-22.12264714
-1.34729607
-11.67480392
-4.21155083
-9.48199574
0.08893675
0.00000000
-76.23822050
31.16920024
-131.52162150
-20.00806533
-26.13771837
6.25121242
-24.98985004
-11.35933594
24.77067618
-129.32252491
-8.00735499
21.27333441
34.41345715
25.82420889
-46.41077480
-77.96360524
-62.43137863
-85.70622396
-48.13331797
-41.82005545
-3.96503531
-23.55158363
-26.99055908
-81.13744048
-33.85383926
-11.16198745
5.29986693
34.61617064
0.26900758
-52.80968560
0.49644160
-38.17139863
-41.73058501
52.41001735
-51.01056420
51.73010984
-69.91586567
75.95824474
27.39720060
26.98757556
13.23272912
-19.67576863
-65.79789693
-125.47218463
28.25381353
37.83879271
60.69367788
100.82477563
69.97632505
-0.32242752
1.99740050
-22.22423397
-40.62130094
-44.13330152
-111.20975146
12.03900887
17.10893804
-22.60592178
-11.92317191
19.31506694
68.42444084
55.71142336
-88.05786852
-15.00240285
-16.70127152
-18.81521505
-19.78375818
9.33404496
20.01400600
6.96028094
-17.77675705
41.53607473
59.89625210
-18.80470239
0.00000000
-72.01304562
21.21104563
-100.26395589
-15.59898943
-7.57485124
32.01871547
-4.19217022
12.30007055
9.45666234
-71.72663822
58.18292925
62.82072948
63.00541131
17.57299395
-10.14955495
-50.48640634
-74.40188738
-85.61489707
-15.39849497
-22.41690957
52.04609157
-21.30756957
22.44679407
-58.38021870
-1.71286480
30.99440414
42.74818955
23.90897549
-27.19406106
-53.92480086
6.88367870
-45.53336173
-0.66487429
