5.45482847
-102.94868759
-36.11639860
41.89228830
46.13147509
45.45701504
32.26713188
36.83360566
8.86387485
-91.81052379
-261.08354128
59.85923513
92.38952237
83.54119042
25.12619252
69.09036936
23.38482643
38.93923731
-229.45894927
-286.68380223
-85.46383920
-184.70531317
-21.87922892
2.57241634
109.05258899
-76.61820013
11.48639164
163.91395303
76.78816956
-146.03452415
40.72852716
-33.05534307
-4.90989698
-29.99965967
16.93694640
-33.33534515
-69.76427237
-70.73846997
70.06024674
64.90902100
4.79862989
0.00000000
-169.18152920
-14.42926460
-205.96464579
32.60031094
-54.96472415
21.83188407
-27.88038103
5.96843351
-17.69681829
-130.36224551
8.17781489
-16.83333135
-6.79178944
13.51145611
-66.88339899
-203.40035492
-208.26121193
-123.19648640
-147.24403616
-101.92142597
88.22743916
-9.08902419
-27.05491046
-104.63278817
-12.99185032
-17.52170646
34.36669032
22.12641797
43.88214271
-17.08406699
-77.92940465
-54.38694137
-10.10945725
-49.07825408
-73.69206333
107.34700520
35.84809715
-1.61948073
21.35529926
2.74628184
21.12687546
-1.87903011
-65.41117953
-279.98721214
91.44525759
29.29296569
10.17499134
27.17712925
36.86379355
19.42744871
18.27346467
-100.01482991
-214.08606312
-107.00035650
-178.28089134
-14.11199776
-7.87983149
-49.10667908
-8.87084133
-10.48082427
198.79449780
143.15321948
-117.03277796
-11.67126831
-11.23996523
10.37206530
-13.69761124
-21.12545231
63.54882187
-16.55471676
-103.40752588
15.58982762
27.40060092
-17.58868771
0.00000000
-128.64347332
-48.07578821
-169.99922270
24.55554791
-29.65393937
57.85074057
-46.70339510
41.22371300
-30.19962021
-88.62349615
-20.13231080
-37.39001882
-31.58515821
-135.24236300
-64.14170530
-144.41288258
-235.20316103
-147.59738457
-86.17488646
-94.62839720
26.46792744
-36.38385478
-9.39495712
-100.70120132
9.02914315
13.51816239
24.85485525
15.34765253
8.57126732
-57.04353454
-91.36444474
-115.14225525
13.40643897
