-19.93568849
-50.19545806
-113.86514034
-39.59043723
2.12596477
2.46359854
-19.90217950
-19.66905739
15.20679224
57.19961903
-51.43888658
-16.74368774
20.30746054
12.35279951
-36.45013788
-70.93759995
-14.99872021
-24.73083532
4.79898145
-53.84110201
-31.20636591
-53.19025017
9.74801037
8.50806310
31.10159057
7.13234512
-49.92314386
-170.20908385
-190.65544194
-35.62289496
-2.82755860
17.48594426
-55.01814679
-29.71681520
-30.68938707
-6.85663700
7.15507707
22.36384944
8.89399360
6.65240824
-8.73738088
0.00000000
-16.73689259
17.04298267
-41.92532388
-87.35834277
-18.50328675
-0.87002570
-12.19492034
-1.80992874
-7.49334560
-50.72146908
-23.12409589
-23.29145435
-12.09962624
28.94964825
-41.11303599
13.68013568
-43.66319532
-13.91680071
9.28702916
2.52012565
-3.53141885
15.92337306
21.51540897
-33.79719120
4.67978186
-52.98880507
-12.82874387
-81.74333434
-5.92496645
19.71282063
7.77162834
27.93178522
-43.04787588
9.76099476
-7.20469260
-153.67349018
23.91002171
-14.02355115
14.36131252
13.39632619
-7.71263929
17.15041777
46.39242947
-29.04011515
33.59468353
50.19451398
37.69626491
-16.67571382
-58.53028163
1.86475961
-13.97337439
38.46910515
21.96162604
7.52350547
-36.67729223
3.76064462
39.47537892
85.25196403
70.75943119
-59.31503231
-88.74259982
-160.27709253
-40.76715689
20.65284185
46.89945467
-57.71798302
15.10226638
20.15542791
-15.43046334
-21.90464786
58.16012830
48.73666999
34.59372662
-16.24570489
0.00000000
31.03091817
35.46377054
-15.56573167
-69.10334086
-7.84332311
5.96604384
28.83381524
16.35462917
1.80284700
32.65180707
1.20821661
6.37235742
13.66953162
84.23824842
6.63402191
23.46380822
11.72773845
40.11626171
-24.15664045
8.95698243
23.04601415
38.53265255
24.09964120
0.28357916
19.07226653
14.60672437
11.28056524
-130.69740414
29.36320105
26.56345167
23.29227092
83.10544328
-54.42712546
