51.07024850
-11.21493183
14.00258493
41.05920563
17.83663742
66.06026391
63.32350639
34.62379940
-28.92608149
-57.62681841
-169.22089432
35.76329238
64.91427827
42.00293270
71.04064551
96.66670844
9.86565666
5.50793955
-168.68466107
-191.58143945
-40.37262773
-125.89378688
-3.60523221
45.70169687
-8.40615288
-0.84950921
12.89897814
93.05877059
110.50466517
-67.81661037
68.54153202
-3.24365251
25.72501631
-7.40481213
24.53243351
-13.10096788
-13.19401883
-37.24842766
36.11210347
28.92963391
-3.03666545
0.00000000
-63.88618322
-51.47731453
-129.94901486
35.12679547
-47.37191810
7.81298233
-7.05278339
6.39797497
25.50059602
-50.61976870
28.27937555
38.79126425
47.45876954
-15.18766627
-20.33965081
-186.06618407
-156.57832630
-86.54909164
-62.21993494
-90.06185929
35.17352176
0.93727691
25.52075627
-100.01434925
-17.01515084
14.33528884
36.70519607
55.82218797
74.27478993
-40.00645393
-28.60834127
-41.83958461
-1.97438667
54.51818205
-6.66618965
79.00569388
-12.61494300
55.35960579
31.72516519
19.98396782
4.85336179
-26.37490817
-58.57218126
-191.81158537
54.40231339
66.34347044
67.09328620
79.83413337
80.74251742
8.53302415
11.58562045
-83.88439071
-190.02566181
-63.70037111
-141.05060204
-11.41216185
46.23330181
-65.22364891
-9.35600673
36.03041885
71.66911222
104.23339620
-23.64903678
22.16457600
41.46760344
50.20707260
-41.37102746
-29.36671859
36.69811403
33.32720826
-63.61057854
35.10355103
53.07124268
-9.70619801
0.00000000
-99.98113253
-83.36082167
-155.20631845
17.65732527
-25.94338250
31.63496011
-24.86210995
23.09759747
19.10379376
-117.82276702
41.57071891
43.21995048
32.46636178
-27.55483823
-13.76205490
-157.53902780
-191.68799132
-117.58111238
-18.64097846
-100.94447304
54.09967090
-19.90670596
32.71694612
-101.16521209
2.31098608
22.69521016
30.51436007
70.47700703
38.44991726
-39.10906169
-3.42197201
-95.17966358
32.90320901
