-2.79562980
-24.61209136
33.56342085
58.34635691
-6.41026425
25.89452765
31.78056355
19.92993170
28.13783262
38.16183605
31.46580348
15.52032919
-40.87248157
-23.25021791
-2.29947514
-42.10528552
22.76662533
13.15132235
-65.18347090
37.31775265
-1.39472851
32.11677099
-8.84982572
4.23212796
-55.88530447
13.53892770
29.81153236
-3.40212452
1.58054997
105.98281311
24.34910292
21.35455082
36.59885047
18.30051290
7.16015586
-6.88139826
-14.24620561
-22.39316922
-10.66480603
-3.37664837
13.69455035
0.00000000
-52.44004217
-33.91436461
24.52387298
26.62560252
25.86202939
5.36025086
19.83754707
29.09257577
-24.71235401
46.94949202
-5.05810830
12.91895998
-6.38488660
-63.16818691
3.68386031
10.78863443
-7.04122785
-5.65726648
-3.02006555
12.95294580
-52.89029917
54.11483459
40.68678009
39.03613901
27.46542694
30.10637069
6.07848375
14.08519229
19.23439961
37.60558303
-11.90783499
-6.05405205
25.85345823
-11.84934211
-35.24571012
-12.04715697
53.00978191
-43.21416424
4.44922333
12.71678891
14.33262447
27.74943839
13.28936802
6.06107020
-18.75145261
-25.29265488
-50.31818695
-41.17932677
-63.50456549
47.91666789
34.30474460
-64.04873909
-16.60817968
-9.84398087
15.87308682
-30.14755111
-10.55610806
-27.57439097
-27.97229650
5.26458689
-25.28077487
-65.77631254
64.32289175
18.30867837
24.71109916
0.57431678
-1.86377944
-22.65939200
-48.46697611
-34.34392041
-56.64291046
-8.96042783
-80.90366379
8.08404564
0.00000000
-46.39025967
-42.94456009
7.93447542
-11.17828411
17.28831625
5.23136543
-3.86180816
23.42750983
-54.35220864
21.68435826
-19.70744663
-2.13267183
1.14735021
-51.54781664
20.31676577
-37.59527392
-28.88717628
-33.00037220
-40.00746988
-4.52349814
-53.50481114
26.01032704
11.31494188
39.24437066
8.46612373
-11.47483993
-28.97083366
-20.17750946
47.50146077
28.15721457
-63.85523151
-35.61923203
-34.12342459
