4.04928205
142.73795275
221.66617745
37.12191982
7.89352913
-12.50445600
27.61700618
61.03204985
40.95301105
55.67136018
81.02431840
19.09787869
28.44488700
4.16302942
22.95795152
97.68537539
17.30908255
25.55261743
108.32619981
69.75824220
52.38223755
43.60691238
18.00626704
-55.13780249
53.57876379
34.54724163
146.95918186
158.26090493
149.93351674
118.75775024
-22.84682796
17.19548383
19.25860039
5.28822088
32.60560546
12.25266817
42.22404577
8.33469542
19.15054684
20.83699654
21.81079756
0.00000000
146.68493590
10.45211608
51.78840262
91.41369135
113.18350919
3.24165754
33.84696469
0.93292660
23.77958320
61.20643161
21.22030388
7.73619127
41.95603342
14.24725336
155.83281541
43.26325714
114.91797604
13.53328531
36.90595971
8.21191970
-36.59660639
-51.29528445
-57.02203855
99.55651156
20.33614586
109.75446598
21.39141572
103.05823750
-14.71757147
37.43208127
17.99796790
6.29106538
14.84898806
-11.69962702
73.80622723
204.67773885
92.57892329
83.15296371
-1.30788821
28.17923486
47.53170597
24.79251813
41.04984052
98.43001019
69.69944995
47.83163829
75.86441095
82.55199166
105.92347354
28.05570536
36.99765834
75.08714423
74.19950086
75.06868714
75.83827055
41.48192141
-25.15517932
55.58500720
130.77750953
205.87313587
142.36538578
200.77760265
139.18241151
-54.27656094
5.38572641
98.62240063
44.42759397
44.71924857
131.56466476
78.19909629
67.52967696
60.14277212
77.85165671
77.59743349
0.00000000
65.47626539
38.98972897
50.38026282
143.63180907
91.10446323
33.71857697
54.36348640
36.55680054
78.20187965
8.88237861
84.43327217
34.58628124
69.26526488
57.79665378
151.76370053
25.92556182
148.34204526
58.07322129
146.79382039
23.50899774
25.20985757
-24.21740108
-8.62084008
98.75689192
17.01851442
141.79540494
95.71049078
165.83674715
-60.01640423
47.49793526
111.93594728
65.34510254
84.65199417
