-18.38336920
52.94711812
-55.57212215
-35.07424185
-4.76618609
-37.95368049
-62.58960045
-24.69021040
56.07521721
45.49495832
-39.46839333
-40.72531164
-37.52673041
-27.42910493
-32.78481077
-53.54480277
-20.45305579
-35.78494879
21.25926727
-86.16457864
18.05327793
20.73296042
6.36459490
-3.26402550
6.71403616
15.04734023
-47.20065413
-110.63735731
-96.83226748
-1.12074908
10.54588220
4.04899808
18.45613550
-24.31485870
-0.49359016
-17.12349273
3.04103281
8.89588705
-35.14555671
-48.38443034
-7.84668566
0.00000000
120.25694417
-30.96432504
39.72270190
-53.55417768
-31.82480953
-19.62102617
3.37197734
-20.13087899
-14.72118268
77.93988191
-18.05437647
-31.65655555
-31.69671236
17.92106810
24.78738469
59.59419872
-30.30892450
44.95005622
29.59181342
13.80419637
12.35551957
-1.01446646
10.67228978
-20.73646432
47.52344189
-30.39415027
-12.78241635
-73.41439048
-26.01936974
16.12625912
11.81978301
-1.21843523
-27.36530871
-42.16601795
57.95777053
-34.66354971
-53.84993222
-17.19692604
-23.92821853
-26.93466966
-19.21663777
15.83992110
5.83284785
-9.56378195
-56.87962784
-54.82608134
-67.93505732
-48.38540439
-51.35062252
5.82453513
-14.36361359
21.30878916
-69.02007362
11.79124700
10.59002684
-14.48143221
-13.96366260
3.01875971
-49.03967096
-75.70322511
-136.92304973
-118.36705747
-34.53221194
2.37575005
29.44533594
8.88817860
-27.27791979
-8.15719860
-42.04236071
4.70836688
8.41408878
-63.39297177
-62.10401803
-11.64704273
0.00000000
118.24899001
-6.44060200
21.74634432
-87.72962446
-28.12244329
-49.05338640
-1.91651533
-35.40668731
3.95965301
52.14402339
-39.16726382
-40.21997032
-42.07239878
-48.55586430
2.66425797
25.04160052
-17.02994694
63.71842068
15.17332789
2.13123247
-55.05358738
-1.31472062
-28.79118029
-27.08892204
0.08229346
-88.03025252
-28.17290510
-82.59080439
-9.98813484
9.87478439
14.90159810
-6.94131893
-10.47410223
