-29.49130709
65.94889338
-13.05280959
-49.56266725
-4.83081019
-34.27408529
-26.48046128
-12.81845299
35.60485022
18.82633183
-47.23574108
-38.32011516
-44.90985713
-32.48962549
-12.43126325
-11.52648678
-17.96368699
-28.22861657
-2.07162974
-129.61016037
20.13717195
-0.69875993
5.30259805
-27.03897808
-12.73650763
4.70614521
-32.03584531
-67.99218494
-43.89013254
4.90457250
-11.98321926
-7.41922512
-9.08885051
-42.48658095
-17.89621992
-28.54627054
14.18120063
-2.31975470
-26.53824432
-34.50229823
-7.41927230
0.00000000
132.50017259
-11.95442521
21.83911067
-26.95090072
-14.82328574
-25.59519758
-3.06660264
-11.38574310
-5.45536779
33.36849079
-15.31623028
-13.95156909
-11.16619192
-45.09988130
12.39167916
-9.81450921
-67.92805153
1.32335437
34.55881938
-5.18969013
-27.51311047
-8.43977520
-10.77690142
-43.27296495
33.52734949
-28.09654714
-10.42306963
-38.43695665
-37.60748723
9.00009469
4.67082395
-19.05667498
-34.32579817
-48.40053413
72.71354971
41.04387291
-92.01781358
-7.62684153
-21.32983510
3.21355572
-0.64679842
7.77076568
-13.31925977
-20.57112715
-38.10932243
-49.58010159
-9.68269542
-7.37650423
3.46223529
-16.45291880
-16.16920845
5.13195032
-117.51908168
17.31852773
0.63824430
7.80069576
-37.05604224
-26.42928181
-29.37241004
-28.80405460
-116.59321021
-45.71862199
-0.75377536
-13.11713592
18.18609569
-10.84067526
-43.00272019
-15.43057113
8.31197538
19.91551545
10.76987038
-23.82280702
-13.39700994
11.29604346
0.00000000
125.10636159
8.68486523
14.69438080
-63.94621712
-7.92074053
-44.03207597
-9.74319394
-29.26771975
15.28475076
51.37411586
-4.06288567
-2.41771708
-3.09834784
-13.07338583
15.09000800
-14.16633193
-38.63079734
29.26243366
32.20673793
-5.59448350
-46.45932319
-5.39239565
-37.94918326
-42.22183641
5.53418296
-72.48280029
9.13976511
-16.28716929
-19.81116134
8.67744011
26.55580279
-6.52476688
-16.29833504
