-0.83154698
-97.65770532
-66.34077375
-39.91684577
15.85152595
18.05667275
18.45255422
19.70945412
-9.99941595
-102.20105260
-253.58308110
4.14083063
57.46216089
32.96971280
19.18152475
85.90730820
-13.60563372
19.31824621
-215.19007951
-282.23006831
-97.15466514
-180.88929366
-6.43013949
-10.93687968
31.22497512
-135.44423922
-41.12290995
12.69714628
70.80314430
-194.39451361
32.12312286
-48.25237180
-42.80127682
-46.69471889
22.97567029
-48.40951249
-43.14496422
-57.66148144
36.48824771
29.76055908
-22.30182773
0.00000000
-153.34568768
6.16321532
-201.34273311
-8.78597784
-61.96214652
8.61548478
-46.60827351
-20.81381664
36.65242495
-160.70458616
-1.34583163
-10.50058451
3.87768715
-45.17820029
-113.13102187
-204.26191317
-207.64487325
-158.63102891
-149.65512075
-92.31225525
46.74230806
-21.63739517
-42.43795758
-119.34803820
-23.22391490
-43.69735040
18.44685963
42.46460690
27.66115431
-39.74173756
-41.73956277
-76.74405440
-33.85341028
-60.03897125
-54.96377642
152.37002454
-72.22415310
-21.42981213
6.92062496
1.77088373
1.71745607
-18.96329535
-59.92664967
-265.37028279
30.48841009
-13.35882854
-34.62990609
8.79414108
73.72087634
-34.02911531
-22.93268352
-82.46393631
-218.92682092
-101.11671263
-173.52245354
12.10319083
-16.88724715
-67.57633581
-65.94772466
-60.93801058
160.40114759
146.87924045
-173.22726564
-13.03583764
-29.01341983
-21.82853601
-47.62175313
-16.45214621
23.78904821
11.70761639
-77.35254464
-43.69499791
1.53309931
-46.89133052
0.00000000
-134.51975047
-25.03367907
-164.64379341
24.01087222
-42.03159143
32.31786910
-54.27655292
-5.71998786
11.56192775
-104.42120234
-33.37946382
-45.79820981
-4.56065775
-186.93147391
-131.88001221
-149.98076640
-250.45849392
-151.63992094
-58.56427359
-80.33123381
-4.65500922
-44.00942293
-20.98267526
-118.35634782
-9.99461515
-2.57660172
2.96655293
27.74161372
-10.88006199
-75.28483681
-35.64791870
-118.47739953
-11.22874072
