4.86869710
64.31593040
-154.28140022
-7.37014547
2.41692906
8.83766438
-6.91356202
38.12156589
-19.28200928
40.09656868
70.51341029
22.70004826
37.69363915
54.55133708
5.55059321
-29.28386588
-6.95829568
9.93198611
137.54032074
249.69360426
-45.89575659
89.54651041
-7.90783546
-23.92133441
22.68150947
-34.71207152
31.23826541
-30.78305028
22.94783132
-61.76052475
-61.61341747
6.87834952
4.46088453
51.68237500
-23.44827731
12.40206121
5.25626228
13.08821917
51.76739277
56.60329188
4.50095034
0.00000000
152.47327727
29.69915121
84.61448951
1.81398940
-31.97537050
27.32877833
-8.69608737
11.50298884
-32.28976189
92.20848484
21.72547653
-1.86451900
28.83149679
-11.53679987
56.78312544
144.88172709
196.91411606
77.81929106
2.75824923
-9.50999817
-5.58336892
-51.86614173
-24.68595002
27.19388555
0.01568623
70.63444282
52.25956770
89.21691002
-62.96079938
-2.61688604
-2.92666741
25.23877354
47.08472707
-11.87029636
-67.19425466
-160.58199965
-7.64975850
15.34335390
0.02767007
29.01110891
0.36256676
-18.66373393
31.28342181
108.65482520
39.05959221
11.84007106
49.24936193
-58.84228188
-58.83612243
-27.24467500
-3.99717263
54.21121670
202.08485157
-12.10344822
91.79242067
-14.29494681
-24.07309771
1.54503838
-11.59983622
-15.29288685
-52.08515131
-111.31607722
-32.41059586
-38.61857637
-13.11046265
24.26424007
52.45258699
55.79285114
-66.91609385
-38.58999973
-36.09361321
54.91232296
71.29330591
-48.05921986
0.00000000
136.49507807
51.72999953
90.21750298
-59.03511779
1.68790098
21.03061694
4.46963659
2.51589850
-38.95650061
5.01113416
-19.37638565
-31.72855440
-5.89004448
-122.12353758
18.80882232
79.19049558
150.69425541
-0.42301795
-33.43571596
-3.10589379
2.40964836
1.20356178
8.84911143
45.78509818
15.28155141
10.28200120
25.08969695
-58.07142843
-54.74636790
1.21580579
-56.70002676
-5.39534494
43.09507073
