64.97604411
-205.53796774
-107.59194291
103.02277760
103.62601120
37.25176098
32.29347898
45.30455824
91.60063638
7.45760414
-83.32394539
46.40577102
1.81927277
44.15698001
83.03378763
3.29815590
35.82202324
35.38811416
-157.45648380
-135.66029920
-83.50771814
-53.34161133
-38.12087391
1.03445153
84.83838349
35.85689619
-65.06504036
70.96927332
-18.12691995
-83.55185100
-15.90009405
-50.66276298
-11.77810763
31.39540603
-0.19502361
63.68873012
-107.82580262
-44.14016577
-22.48474741
45.34887069
-5.38249179
0.00000000
-168.13118283
-6.08158078
6.65256296
43.47036698
-22.71893061
-8.87329443
25.92904021
34.64837606
-78.09457756
-38.40558139
7.73846453
80.55390879
20.04259901
191.99730548
-102.11647601
-113.44788608
-156.57850242
-150.46870479
-100.83775693
-12.87553597
74.15622988
-57.01665004
-39.02904928
34.16886939
37.24347253
-49.26770737
27.04350801
-46.81934223
-3.83767176
28.69355978
-71.31028533
5.68202317
14.90804911
6.29624427
-60.83451474
14.66215535
133.22868789
75.15238716
27.85337186
23.31723986
33.30766499
59.54649707
-44.11935034
-70.60362964
86.33414056
15.39146474
58.16449799
56.03343932
-16.45863167
49.95150101
18.94008786
-37.42733541
-83.93677100
-66.74283311
-29.72157601
-15.88009307
-29.08569343
62.58715528
13.13796895
-122.10656957
148.15380015
12.63750278
-50.36595370
-35.91675425
-20.34599806
39.51716762
23.06321397
24.83428845
136.52368714
-87.11947051
-62.82589862
17.63496896
-47.45795966
1.54249469
0.00000000
-56.69110117
3.67987089
-21.03392205
-0.04630586
2.99671146
12.50713928
24.95971896
38.98799932
-101.51234048
18.59172239
-11.51533683
43.27962099
10.80596639
41.67883403
-36.74070996
44.51019094
-82.51560758
-74.01927667
-141.80776025
-3.92883182
18.16866652
-89.46763047
-21.44956491
-17.92068423
33.03682944
-49.21391249
-2.13407342
-121.98550917
-74.82588368
6.98481037
-141.11457180
-10.49361594
48.07936618
