29.49930208
-79.48843340
-54.83817510
-18.56406392
35.94828906
15.50146777
39.91762647
14.24025778
6.35740127
-78.81487283
-134.80729404
20.53997871
-10.79851703
-16.66047908
14.72745444
1.23994827
0.33529701
7.94291099
-122.59793496
-213.28877471
-16.02796000
-59.08562448
-20.24733210
25.46115235
-62.57757011
11.70668360
-69.99200816
-44.31012806
-23.97083202
-76.70769816
-3.16620196
14.92967056
-20.39919195
-54.18543044
-16.07040703
-9.22424358
-30.90554847
-41.51976763
-9.62244292
7.70311670
-4.66406921
0.00000000
-43.94340406
-9.94145733
-40.46356825
-26.08760649
-25.83284227
4.00152905
-17.27507868
11.31847668
-11.84835550
-34.23386168
-7.09144515
19.79892136
-8.04458192
-32.89080436
-75.89386008
-85.25044312
-179.66978951
-45.06960826
-41.13662558
-44.62945472
45.14194071
10.38337505
4.62967378
-78.67106868
20.50106766
-64.53498305
19.31670233
-28.01700241
7.70423143
-11.88883389
-28.65359325
-45.26922366
-44.21703444
28.44721220
-71.19805534
9.92124979
-98.86460880
31.58935194
7.42982046
31.37844944
16.01346712
20.35330686
-56.04773105
-128.39145537
-33.25135796
-12.75045836
-68.67917774
63.45434604
16.62253255
-6.73205811
1.63085901
-66.98239344
-161.42459041
-56.26787617
-101.37917727
-16.84268905
19.47813199
-17.28332742
-49.64765452
-122.21661309
-45.13128680
-20.51738055
-65.48853417
4.82096134
5.41701149
-51.47651167
-39.08347680
-19.86068368
-10.13474508
-23.14714850
-47.61937788
-11.55488497
-60.78184484
-40.17347560
0.00000000
-31.20713908
-4.16337422
-40.91745727
-74.89085648
-33.17637883
9.32515021
-30.81378158
0.97159500
-33.37662927
-67.60174579
-14.93373910
46.82683664
23.62316797
71.90897119
-51.72500548
-115.03541349
-175.54131336
-82.01955249
-65.44546925
-43.99300479
-13.57996930
5.33532793
-1.89043057
-77.98933695
7.43735340
-107.38846918
-21.10080759
-51.43561766
0.93339708
-13.54325404
-46.29038363
-58.51857364
-64.11524566
