-53.51029857
-111.15118819
52.28890327
-17.91361336
-17.65484110
-0.38224455
21.48823109
-3.25394251
-55.76577724
-70.66847239
-103.62588690
13.11910158
24.08893295
-13.16050566
-37.62562054
8.98603733
-17.00716141
-39.99502543
-111.15928877
-72.32559432
-30.77904673
-112.09737055
-29.79180381
29.52294998
-70.55493992
-40.74900266
-55.76391022
-17.87627695
0.64975791
-60.82872494
43.45962169
55.92454795
-48.44194319
-9.33467289
-12.78392536
-81.10173772
-38.09692379
-44.48888634
10.69730659
-1.41159539
-35.65214451
0.00000000
-163.43816676
-23.64422970
-140.07456336
15.45953462
-10.15267196
-16.84598519
-23.50208924
-14.83394955
-49.93670321
-46.36024260
-55.77287997
-45.86708236
-27.58297174
-62.88495142
-101.80163122
-104.07840922
-101.71813506
-71.84427121
-43.93752415
-37.86018136
-27.47906121
65.26952794
56.58646165
-124.94627261
-25.61769284
-12.55097385
-7.87404383
-28.94496626
43.69965542
-54.49004420
-55.18153257
-38.00788347
-129.36491329
-20.06908062
-93.45911271
14.72122316
83.90183868
-72.05136160
-11.24497785
6.31211305
-2.01430613
-26.51681271
-51.85613185
-121.33940950
13.54083895
66.20911846
-31.42355691
-41.88453236
-18.81591888
49.67173168
16.40598210
-77.75415203
-92.65332033
-56.44128692
-106.37629218
-39.99385652
38.12734229
-52.50008495
31.39265790
-30.14054787
-5.30358323
-40.47688658
-70.55622039
26.64712702
67.16284807
-45.14388070
14.72033886
2.26758863
-80.56703715
-42.21389367
-52.53672202
23.19927454
-13.80955838
-2.87365182
0.00000000
-143.54069980
-2.20952977
-103.43550648
41.74281490
-10.48077003
6.82365347
1.35821618
7.27126832
-47.87610021
-88.83778466
-44.91995660
-19.34766992
-27.41784601
-84.88126811
-66.81408220
-95.01557681
-96.44935407
-73.51376220
-84.05765069
-51.41784617
5.07611084
34.60904470
12.95284946
-91.50803040
-18.91607487
29.15045600
11.35594350
-13.43595375
57.50520525
-47.32144751
-77.84030715
-40.62378349
-44.41692810
