22.98605727
81.16116961
155.79756931
19.05394092
55.25315068
1.81489670
54.51764601
52.44039719
39.33911403
-14.96155760
14.42525771
39.17093907
30.64495757
25.15792466
51.19357595
107.98803203
6.74519361
33.60377254
49.02123519
36.07208961
35.78763272
-33.41113048
0.32197011
-41.92561110
138.85818342
36.97476963
137.87495489
146.22130517
111.30957684
34.41271547
-52.29465417
7.94008916
-45.33167449
4.85033012
-2.28738636
35.40594743
18.31879051
-1.61107717
45.47965689
64.17415182
22.54278131
0.00000000
37.25247728
39.38198028
-27.57512269
72.78514707
68.68537897
-0.96271700
6.79683238
15.27412926
25.43480805
29.18950844
40.23213771
39.64239558
63.40334290
120.84420009
100.05311161
-35.77319330
62.74623079
27.17202953
2.29778161
-32.14043735
1.37795279
-51.53217869
-59.92803950
53.80804636
-1.02684526
61.32008224
29.73684725
106.20943624
-16.51068116
38.43505009
-8.78078309
27.40538936
-17.51944206
-21.53563161
22.78671880
138.87487147
86.20526574
81.36547550
25.52413893
42.49345982
51.13079852
30.30509643
-14.64896550
-21.06114979
77.21613219
37.49158794
93.64852269
136.68544946
118.07795946
-7.25219322
19.86057422
59.17789315
53.14460621
58.89515969
-7.59264667
39.33949873
-28.06629469
93.19014247
116.88001047
180.30539141
175.35117593
207.34281247
71.43294792
-48.79790436
-13.21248983
7.57138164
24.58633151
37.27258525
143.08823617
50.47589740
58.90053719
62.51778911
71.39780982
49.82529329
0.00000000
50.52849474
65.24769111
-20.07091237
103.99967922
61.58279739
52.15694621
56.90471641
30.31709208
31.68186244
-11.82244689
89.36878407
53.47455819
110.40152645
123.03142035
102.35667332
-4.42819408
80.57217608
33.91623530
95.03966739
5.90822676
23.81315607
-15.32978879
-0.65872932
60.68377732
22.63380674
89.23070603
88.65097823
143.94538693
-52.34352219
22.34894034
60.65565712
77.38587195
45.78695681
