43.21780939
53.02826272
126.21046261
54.45527338
60.38724716
23.72896462
39.40291206
42.64778880
50.42800037
81.99654894
107.17570048
35.85516315
42.12299662
35.11375823
70.35261486
65.64144342
29.24324563
34.12175198
141.09649374
165.12499303
55.55411154
74.55103461
27.08921422
4.84905065
84.48332373
76.96846024
112.98100383
94.46472161
67.91446887
103.66712675
-7.01770928
28.78198631
18.09047002
35.53205359
22.95638753
40.18455728
39.16084241
39.09701695
31.28477914
46.95416163
26.15906574
0.00000000
87.84499433
46.21757595
60.40267975
70.36325323
77.69189822
30.78641522
35.20481314
28.67379088
16.63439392
47.21343949
57.91682528
54.56764769
67.33964400
63.80826569
103.29916222
103.96340717
129.93006097
85.87395640
55.09130608
41.59617784
21.32568890
-8.84645452
0.95722200
81.91255828
27.88093902
81.07709133
43.34475677
58.40548271
22.02280895
58.40757682
30.85290791
41.38740561
37.93659292
35.43964497
48.85610942
56.72091218
57.94083548
42.82115803
22.19421196
51.31644209
41.91092807
32.79192192
61.63743200
115.24266442
47.37629641
23.92492963
40.08271935
60.56522821
52.51573911
35.29328468
43.99689507
78.86209570
174.77863810
69.58565890
77.07347699
32.28694096
13.81860236
43.36730826
73.39919739
129.11784289
79.71748682
78.76249208
121.25233000
-0.56633821
25.13519329
57.52349874
51.03642635
57.52496332
68.98446498
16.29233925
60.78536461
62.52974925
25.05435775
46.23986484
0.00000000
81.68011872
59.91215877
73.13171074
104.33856601
62.88104345
22.84159197
46.88018333
40.07111012
25.93224947
52.58662019
59.18752968
71.45849332
70.02853789
20.30423117
74.94154981
107.09861095
138.17476627
89.39566580
69.03955251
56.30954819
26.48277178
19.28376027
23.79484426
63.39177409
27.28386204
115.03099350
50.68774533
89.62564816
-0.23691778
42.90377697
48.43287854
60.66986069
48.75147078
