-16.00246012
23.85121329
-126.47163447
-18.76630276
37.93412607
-68.16175535
-111.72062558
-102.89187546
-12.56360047
-50.53205818
-49.25512756
-22.48766966
-14.33193065
7.43056005
-92.89593686
-106.75559702
-39.91852918
-30.02978664
-56.57860393
10.11067540
-19.03189700
-60.37008599
-32.42411491
-35.16601839
21.12605145
-32.25782456
-3.20593388
1.43194063
-56.54380230
-81.93116892
-33.65427874
-30.61608100
-36.51636217
-27.40715343
-59.19959295
-46.55940863
-51.22630875
-69.32678338
-38.56263392
-17.88458329
-34.78468003
0.00000000
41.08720781
-29.25907691
-74.10204402
-89.57968042
-167.57971797
-19.07663733
-33.27802819
-53.72683038
-50.41992927
13.86164509
-39.17875242
-119.31298559
-97.71258343
29.72761204
2.44009587
-68.56057987
-42.22658239
-83.46560397
-32.38791409
-61.63095103
33.66824621
-21.79326564
-40.41803921
-27.29367495
-24.94828274
-71.02947786
-42.37845994
-120.90010484
-61.93548892
-53.26892216
-68.46996363
-41.90240408
-30.55012652
-37.74848277
-8.72364444
-139.31929623
5.52831240
-8.85503983
-46.34139142
-78.38299823
-85.11439905
-46.03354540
-41.24305624
-30.67649859
-62.50913646
-54.23535375
-27.07737488
-25.45248343
-75.98961809
-4.34747465
-29.71884627
-23.75762895
50.37353721
-15.48771829
-57.08070843
-19.46622958
-34.50359582
8.62161017
-14.86711062
37.90062640
-5.18214763
39.43750374
-37.44709130
-41.39359480
-28.54590457
-32.46849085
-10.10300704
-14.53177659
34.61866852
0.81939193
-15.60773055
-55.62685438
-97.68261525
-24.83573717
0.00000000
79.92151755
-21.14858143
-68.36091791
-92.11466389
-114.28219012
-4.38701534
1.68028666
-45.82762678
-33.72447244
16.05961469
-34.97495538
-113.76849598
-107.35986883
-63.41580783
13.85656954
-11.51347838
-29.98658786
-75.40798494
-5.85248677
-47.05396839
2.22432483
-30.85170959
-28.97455375
-50.57138737
-44.07165946
-55.32733053
-55.15338392
-51.84843904
-35.77214653
-88.28081301
-13.99994008
-50.99137696
1.75111055
