-14.89564744
35.38641455
-107.62913770
-49.50166263
-86.03291461
-12.92585173
-8.55651155
-40.09946412
50.15005497
61.95338109
-226.52855726
21.82944121
22.39121833
8.19455787
-12.08051037
-42.38732518
15.71991863
44.21594813
36.15924323
-299.73553848
-13.80327941
-131.32895322
52.92673465
18.50411792
99.17411291
79.77469723
-85.86775226
-224.60834334
-201.94464593
-18.57505635
-46.01482547
20.48828634
24.12655110
0.58805042
62.57321485
65.21318772
68.26115167
74.59794828
-9.69902314
-4.99954960
29.42822320
0.00000000
38.63541681
79.55350632
-85.43786826
-133.67429882
-39.52127788
27.28970793
9.27633952
19.25372447
95.20987251
-165.76760144
42.09328322
2.08097773
30.20151812
50.09891153
106.90101946
29.52445456
-120.08406161
16.84486249
48.80829527
27.29415036
67.25086516
-71.13102610
-12.61302627
-80.80064199
58.77551409
-49.53780484
30.54489056
-27.38441021
-51.08692013
32.60866320
92.59665644
41.83738844
-39.88121008
111.08332218
-6.80631551
-116.78958376
-109.40733711
18.56109388
8.74301230
-9.83261366
-43.45578443
49.27566359
61.81401211
-203.46202336
-23.66561483
41.36836390
-16.48616229
55.74485974
0.43626097
-30.78298910
-5.66308969
-11.18888401
-301.94742937
-38.06015236
-132.20244740
37.16706273
60.49683882
129.74055536
-26.56199607
-142.24200912
-270.10024595
-228.38915814
-13.25290032
8.19283230
-8.31385613
-42.42153362
-48.24283449
-11.48667240
-106.28448294
51.34826627
91.11041343
2.46178232
35.41067562
-9.83734822
0.00000000
-58.59540228
70.88863552
-102.68864274
-175.75934584
-41.11307408
36.48994109
-10.05173475
3.74824893
102.98161733
-45.79505084
81.73447136
33.50098880
44.41923182
170.34731925
60.07628995
-118.72778193
-189.72779433
-12.94932978
-2.46858581
-5.94048388
69.72290687
-7.33681285
16.32307696
-6.15542861
29.02110346
-116.42819012
45.45440486
-138.13747752
-49.34290689
79.57656348
140.04270957
82.82115254
-64.56827193
