4.40676743
-79.41118025
-91.41383933
-16.76406775
-20.93065589
33.14629206
15.27454012
8.64125774
-55.09245577
-64.60081441
-84.58559371
-23.82797877
3.43854468
-14.58795941
-16.91419761
-0.86213962
20.77617628
23.73084289
-22.44333837
-8.08244437
-46.49693571
-60.68058396
10.50452940
6.50751718
-83.80838333
-53.63332130
-53.33648006
22.80615325
-18.63000634
-138.59532551
-6.25326592
3.61229446
19.12101068
9.84467859
28.48374043
-14.64818000
14.34329914
12.63204051
-4.57275906
-26.95884892
1.71579806
0.00000000
-90.47165863
37.44994730
-89.61733977
-16.96553647
-11.80554441
15.26034238
-13.56167651
4.18146176
42.85709092
-104.18909054
-21.98328487
13.10787481
17.29424631
1.28960678
-64.04886872
-43.12578102
16.80119309
-30.78217995
-16.02809528
-5.66664314
-25.65081935
-16.45056243
-7.77495913
-39.77753028
-34.92474784
-8.10675327
-10.92223992
17.92360110
1.66276034
-49.31600642
33.52682309
-11.80623114
-4.86274700
52.27101765
-43.70924595
-26.95070798
-26.71996487
9.63535234
30.98642755
16.59662962
4.50696801
-33.10999969
-31.15289273
-69.19291029
24.23553718
59.26273051
41.71025058
0.68004416
13.34726037
10.31185706
22.53008233
7.29394030
26.68041879
-35.93365047
-70.98026859
9.62314734
32.17237352
-20.54390469
-21.59352765
-35.31992048
28.92503736
-8.91335453
-122.19446246
-3.27601044
3.15104118
-10.59310871
-9.78304443
22.18272932
-35.58598281
1.58664893
-5.37132933
45.47312081
32.42565377
-14.16780009
0.00000000
-74.68013528
25.15063818
-64.79824456
7.69598548
-6.04783118
31.51675978
-9.39469945
20.53159663
27.67707235
-54.27170859
4.90894643
30.15470431
27.34730966
-44.72241720
-48.69745420
-14.50121466
-0.80981454
-25.29383519
-15.69905407
-5.23134298
38.45162231
-11.99382586
43.15857922
-16.21736995
-6.39482683
32.12057560
11.63815722
-14.95878349
-16.99027446
-38.88070170
23.04180835
-17.65036377
12.50204088
