-33.33131345
33.94137790
19.71974198
28.77049381
-55.36362300
-20.89196824
-13.37118210
-1.54757669
1.80966584
54.66403423
61.29236155
-21.07273554
-44.11102389
-40.61097507
-30.67321955
-30.74809750
-4.65170779
-15.32349299
-5.38691693
84.73135874
13.42115128
73.02408738
4.20546518
0.53376103
-69.45788995
-27.73180851
12.20760965
-5.29716622
26.80520385
86.83879848
41.46485883
-9.15674454
36.71403065
13.60639654
4.11405166
-18.76180178
13.28968334
13.17075074
-30.66580511
-26.85901493
0.09919864
0.00000000
20.17620936
-41.73537317
48.77964206
12.19547359
8.43206109
-7.34420829
9.23293695
-1.88448206
2.84171051
68.57953890
-36.11185679
-18.46906253
-26.36353024
-87.51835482
4.63832807
61.19598417
47.79655328
42.72269306
28.75934892
38.76516851
-72.39257373
50.68437746
27.66351105
30.95843333
9.72401751
31.38478916
-12.26706136
19.95421880
13.10998163
12.06733812
21.82810196
-0.46802055
19.05180713
-38.53907793
34.73025089
13.07452550
1.98877345
-71.17517641
-18.48395213
-20.36962621
-9.87311934
-6.62025333
16.62889951
42.62728829
-49.03567392
-30.52541072
-81.61411549
-102.06872101
-48.60885245
16.69825972
-11.50189942
-35.83487179
21.30670868
19.74802354
68.58836095
-20.59107698
-15.12839196
-65.26489956
-59.57329496
1.60276024
-41.63753254
-54.18696284
23.58106952
20.13707263
13.60199258
4.71694086
-17.51140330
-32.19479377
-85.82189251
-14.94327299
-38.98934179
-33.22775789
-66.73148821
-10.73999036
0.00000000
-12.39827352
-66.35272349
15.27717020
3.38148254
1.34056939
-20.17306591
-19.07353210
-10.94015600
-14.23166774
41.25782079
-64.67899000
-45.46215222
-50.96504325
-151.18417065
-12.34056007
12.65503015
23.80283550
20.32814124
14.25495768
8.94510637
-80.01206271
14.82070377
-3.54302910
6.21964147
-13.87272399
6.74566906
-43.09621312
9.60623498
50.29316103
5.70889322
-29.52240602
-33.89932244
-45.14890539
