19.87990147
-60.65785920
-90.75043872
-26.42804930
13.27313259
17.01387413
16.52405026
18.55443335
5.68357944
-59.36242266
-116.25071069
-0.50774715
44.68160811
16.44989348
8.07584284
42.47516256
-16.04324181
11.97094765
-122.49225068
-138.00329009
-80.47851961
-107.43797887
5.22915497
16.57838392
-3.20562442
-67.82541234
-57.29405559
-179.29036642
-2.35266542
-116.38551299
33.94619912
3.47909907
-4.08117771
-7.20535281
30.19373305
5.76681190
-24.13812054
-21.88941591
28.59230058
13.03139817
-10.70131477
0.00000000
-79.23948132
4.37027186
-78.48497837
-42.13915136
-32.04356273
18.81872621
-23.12705300
-8.94071974
40.54372010
-92.77752879
2.57628304
3.52723568
5.25869105
-5.83942868
-58.59132854
-121.58425479
-117.24039870
-108.54554006
-89.26251094
-49.51168928
34.92088462
3.05301278
9.64068760
-33.14695645
1.13419846
-37.99892450
14.30168311
24.94729059
33.62887200
-12.81933425
-6.52240258
-32.67907020
-15.83172358
2.56515127
-46.50629326
88.46303800
-20.62743805
14.22062827
17.32141048
7.22645662
3.90900076
8.50715138
-22.61761271
-111.15911565
29.18236794
29.58295191
3.52841086
32.02771137
56.86525299
-11.38679618
-10.70636321
-40.07763668
-115.39663282
-78.43602704
-108.39851744
8.81267920
30.39895988
17.58289150
-28.81120563
-80.31560991
62.60848349
60.17426180
-93.28690470
7.55391932
13.02340456
2.02951397
-10.29108998
1.78073730
4.69053628
15.93308711
-8.34725723
-12.46901654
26.44618824
-22.51760748
0.00000000
-96.99981453
-9.50603466
-74.55767181
7.58007493
-17.30212072
32.03163262
-20.21403364
-2.33680631
21.34175582
-92.80491341
0.85089996
-3.29021309
32.41489753
-29.58331465
-61.19523767
-101.18254084
-138.96992624
-81.87653932
-47.60714265
-46.78977112
20.16749447
-12.88714681
14.66551377
-35.79851902
1.34091089
-0.41802496
14.93471428
0.58094340
14.70837876
-19.55696818
10.52439540
-23.35624542
-2.31598820
