54.29910468
36.19975969
155.36076510
111.68861549
86.37645121
48.68541811
67.95714943
59.93306723
51.03763244
1.07426603
95.96884866
94.62237598
96.00655000
86.54477210
74.40187871
75.41613962
44.83135131
57.48771128
61.81570600
123.96693344
26.27130494
49.82563079
8.74094108
48.53177936
98.94185219
109.79439357
127.50605477
157.03928046
141.18510891
87.76529247
-0.95268714
32.40611573
58.81768201
91.53476680
27.34171062
57.81804329
29.03410980
54.71296248
76.62278722
62.28633132
47.17423957
0.00000000
-24.81364120
41.17192394
32.64082037
132.40635296
96.28888148
48.21686587
32.75287566
56.41651547
27.63877873
35.17290782
88.63059194
63.66784669
68.78290050
102.42574863
122.83057079
2.00531524
128.52428192
24.37818500
24.98773705
8.42988808
60.06255700
5.12442915
43.49789967
89.03064480
17.89690285
128.83299598
77.56705212
116.54171786
26.82896691
46.66857495
31.07089087
51.07931705
56.89900276
45.79914310
13.79473239
44.12619777
167.49121827
54.82861305
37.95669706
43.20427466
45.76711044
35.80066450
13.06364490
51.00359901
87.56245195
51.27395030
92.02581962
124.73948531
74.01267520
12.58958000
33.12435583
30.09866345
85.48768695
31.50967169
61.06580398
26.18365748
36.03061529
56.60807962
100.13604578
103.63716600
142.31485210
141.29759186
84.10219989
20.42520350
21.81553685
67.08946683
58.84993744
44.58331707
90.55959137
9.63879965
41.83391833
63.95671696
71.66890410
65.08053687
0.00000000
35.66526383
33.28277437
42.43105295
166.21827124
71.94724279
52.29675648
34.51593725
53.64459353
-13.65694232
35.26285695
103.09862002
85.71677067
85.43134532
160.64192741
84.81047375
36.02467770
82.37198835
-12.10669171
1.35617310
21.41847743
88.72640602
27.23298229
33.09945438
73.98978166
21.47064738
136.48835807
79.32108542
146.40770684
33.04280265
22.08923141
17.07047211
44.85252519
90.56575271
