-91.75457429
-267.80194409
-106.00389135
47.94000259
-148.43838397
46.72445517
13.53304076
-30.67443488
-43.03929413
-20.49857633
-39.96414392
-15.05219940
-21.73890965
-26.13568583
-58.44816488
-93.73262000
-10.71895655
-18.95000378
-176.73178990
-53.97465012
-154.70875791
-86.30009159
-31.18187899
54.06429533
-71.73939453
-8.61273391
-199.71852480
-13.99215809
-23.36733909
-19.60289432
75.98510122
-3.70346410
29.60032271
-1.89649947
-38.43561526
-19.09933366
-68.99975685
-28.11145770
-22.27199264
-44.20364776
-23.31710967
0.00000000
-298.69298562
-115.50834591
-15.25287878
2.13226983
-26.21682795
5.45722847
-20.07455919
0.06878471
-42.82027222
-164.65725504
-37.28683587
-23.24799368
-75.15078021
-17.38605923
-147.28602420
-53.82622641
-101.37301863
-42.54590923
-89.42629915
3.47446722
-53.58747381
82.64252866
89.02309775
-56.29075866
-5.19231875
-67.79487361
-39.27574285
-85.35528449
109.52196947
-25.76955294
-11.56461733
1.33271321
-5.39011293
4.27567519
-23.98569825
-146.25453230
75.25289485
-203.42149059
-3.75439843
-62.07097550
-33.18936282
-36.94538482
-39.41490321
-80.47654506
-77.02849471
-53.25682701
-173.23215718
-205.44431625
-143.15826715
-18.20547151
-25.95559092
-118.52182892
-110.13830111
-82.10573481
-62.57720812
-81.63765941
13.61640636
-104.38302495
-178.05695400
-315.42908405
-101.35086446
-189.03355573
-107.82108507
103.91844693
-25.47900916
-139.29602412
-27.92686180
-101.86712070
-253.84190901
-113.14236678
-128.94792536
-100.33708524
-105.45852305
-58.44129471
0.00000000
-118.35163109
-157.91490599
-44.22659862
-47.91788176
-43.48596338
-38.54339190
-82.15240260
-44.15107265
-87.46529749
9.95718747
-143.24837026
-85.79810908
-131.44375792
-108.93541725
-197.26063305
-58.00027669
-132.40193387
-61.39311441
-195.06858707
-66.67430599
-113.82816989
7.95686066
-26.37822914
-32.17672646
-22.64202440
-214.60133212
-114.13799090
-164.50238341
114.80907785
-0.61957129
-167.74813087
-56.45551080
-146.89635049
