8.06881479
-95.43272999
18.63712663
11.63973854
21.39676811
48.25142409
49.52511277
2.61748030
-4.42790717
-29.55046443
-10.34667617
-5.17348698
-43.67009197
-22.16008380
18.98704192
-12.73311562
17.68587888
10.52438811
-140.17261383
-45.82705182
-18.32704609
-50.90550740
-23.33864647
-18.42643109
-29.67114046
-7.13140738
26.22333550
23.82607128
4.10481784
47.93679267
-4.86061233
-6.65660195
-15.89769455
-3.69881234
4.75864803
-30.64136904
-40.56979994
-62.54609245
-12.37465511
-10.50264900
1.16259849
0.00000000
-150.23401045
-6.51619954
-54.97994775
7.61536016
-3.58830943
-17.52775879
-3.48388956
10.04817976
-22.42508584
-51.36183071
18.84724887
18.94206241
20.66544093
-29.78608757
-37.35366753
-122.48522878
-97.27665730
-113.89030411
-67.30337895
-39.69452494
-41.46083198
15.45480938
-10.23098987
1.99737124
-0.92809327
-22.79220211
-2.69968883
9.87550466
14.26041100
4.32350018
-48.88050560
-39.33342129
8.21850147
3.07263180
-102.92487251
9.39967401
11.31735040
-8.19596833
6.88672568
13.68088097
7.30777051
10.99984051
-14.30609559
-56.12142525
-28.44007505
-46.58935346
-13.55684774
35.34016501
-19.08588310
7.83711986
17.29828596
-94.11687165
-74.23980007
-52.09476609
-61.09383167
-19.39644407
-31.01776148
-27.93342073
-30.32005004
3.61995610
18.40692940
8.18644098
44.71679028
-3.38766508
-29.15354078
-30.26429883
-31.08903886
-28.15431939
-4.07259457
-27.07434467
-89.50944175
-18.70868793
-83.58261243
-5.14312112
0.00000000
-117.84393605
-19.80534295
-39.72254051
-29.77288257
-8.40976281
0.18504332
-21.03692299
0.67208656
-59.91684803
-37.32366318
23.91596096
4.94709447
41.05011955
3.78974699
-5.13286339
-104.86839348
-113.75645224
-115.97658793
-80.51313435
-34.02128430
-14.09473351
-3.66840064
-7.28920565
14.46903921
4.54100180
-46.20419075
-27.83124698
-13.54694058
3.24342727
-9.63073340
-79.23583692
-76.29776895
-23.50173050
