-240.07386813
-149.23967613
-332.90867107
-318.43576727
-344.09277254
-180.14881863
-275.30826692
-277.49857025
-273.15653908
-170.09077077
-300.15370282
-285.75450894
-257.80615854
-262.61964936
-309.72895806
-324.72689676
-210.05592328
-212.86251423
-256.14170497
-350.12509996
-148.75089222
-149.51525627
-51.15340537
-106.89894112
-429.30224473
-346.71148257
-342.97239167
-304.59954272
-308.63828009
-384.37210928
-13.28103152
-216.28383908
-187.61957664
-198.12682300
-137.00017368
-340.46577273
-52.72836202
-137.76722113
-206.47868379
-238.46288875
-225.92984881
0.00000000
-188.09494524
-160.20109576
-174.69974349
-301.51018269
-315.16947443
-182.54186802
-183.40932616
-209.11025962
0.24268642
-69.98211511
-209.07432887
-262.47390718
-287.89657940
-404.31170603
-357.36752872
-154.81495829
-267.84002215
-267.59173213
-140.53028848
-97.66487750
-271.07120183
5.88985429
-96.80519865
-322.05070186
-193.23175835
-316.46238418
-265.74255705
-309.06100904
-79.59635542
-289.78537437
-55.21989637
-233.06777219
-184.07340217
-187.53829812
-63.16874568
-272.21577740
-436.57929918
-368.03298084
-155.89321484
-228.12528905
-229.89485725
-217.84319142
-163.11837631
-301.51285111
-385.96637128
-254.28754049
-355.19126100
-381.99785776
-282.40766214
-263.79470855
-237.66663464
-190.97931838
-342.91612989
-126.56456051
-132.16698445
-55.35891831
-121.28134376
-342.46237484
-383.32150398
-378.03662503
-444.90397753
-262.62617528
-382.37899972
15.89073321
-190.29372684
-220.35065350
-233.90945138
-216.81890610
-385.37723572
-8.48718885
-190.12043483
-271.41325714
-316.54067111
-263.86586870
0.00000000
-141.29411277
-239.06493759
-155.96871647
-356.92150714
-269.69789158
-210.98134814
-219.99955277
-260.97694004
-6.58682408
-80.41816746
-307.68003282
-275.10421414
-345.30049949
-474.35471877
-394.76032559
-176.99894574
-305.38342816
-196.34489965
-120.04706771
-119.75698435
-240.87595529
-47.52665893
-126.21535271
-295.50867774
-173.97481290
-403.40764220
-330.00477293
-274.50526320
19.44610524
-245.17782275
-72.61361730
-281.04099787
-216.95487653
