-78.76399803
-123.48276788
66.64620178
1.01059317
5.43857918
-18.69112900
25.69080851
-36.51789759
-6.05543481
-79.69787720
-32.86274657
51.42058151
-6.24814340
-11.75403715
21.51585768
31.68233332
-16.47373748
-20.95255915
-23.84448488
51.23778592
41.18854889
-13.50223281
-46.89989464
-22.26961945
76.29883301
19.14623645
149.58436673
75.02919821
38.43826635
-76.52231654
-15.17411033
-11.80157948
-62.82044669
48.18899200
-42.05748688
-22.02305930
-54.31060888
-43.67527017
14.36630348
40.57878758
22.00150225
0.00000000
-115.20169844
-40.75025247
-18.92801156
18.59117886
19.43011754
-31.65457166
-29.32426571
2.96795892
-90.22881072
48.19002969
5.36219770
-0.41479123
-9.16731579
107.09395494
-9.30181284
-29.03968408
85.37127502
156.50773618
-22.65555986
-7.48489699
-4.59023783
15.71211329
-15.99979981
62.04161097
-32.69050595
9.17230389
-1.59700413
17.88239123
-29.69456962
27.32291994
-61.88706239
40.04566242
-17.80737388
-124.36068941
-42.28039205
40.14429953
10.99241559
-151.36846356
-12.10918066
12.67368826
5.28721267
-3.11738869
-98.84919013
-52.68734774
-82.70817352
-130.68499433
-139.20218472
33.73942621
28.46228384
-24.38719009
-18.21332286
-13.10142331
18.27756578
-0.91699162
-29.40101912
-55.46645941
-93.23719660
-63.49379929
-16.34090227
112.75800832
90.80362367
116.56239520
10.09556755
-8.52326136
-40.40578082
-164.52837484
12.38760989
-64.86113046
3.13877427
-59.58749656
-69.34175051
-84.96143286
-102.78317251
-71.54391198
0.00000000
-28.06979540
-49.94593635
-24.43798370
-32.70630685
-5.13408087
-45.32651027
-46.43115394
-34.45422917
-135.43105710
16.32165481
-73.24279318
-16.01486559
12.61100724
-40.75416215
8.49339944
121.52286216
35.84653336
73.94267517
-5.85211325
7.07892000
-113.04848550
-30.16882408
-72.03738073
-39.77689803
-22.43593471
-24.20938765
-80.29182875
62.13233346
-52.44647316
-54.06356005
-147.96036855
-33.75788842
-61.89673545
