-3.82421971
63.16475806
-59.22463063
-61.14655153
-75.29633622
-30.77155831
-17.21180182
-19.65350032
104.18113237
77.24765312
-200.38762398
-56.30694415
-70.16593065
-43.27092223
10.54211576
-32.14860415
-12.31386855
-3.99159119
7.80848558
-333.27167174
16.40687108
-107.98244688
47.80608311
-21.75240300
127.45749824
32.64682713
-35.00041534
-104.64207273
-114.76029934
-18.63266817
-59.24219436
-68.50989982
-50.67242890
-79.04302558
-36.73478221
73.14640229
36.30767009
26.30178643
-71.70616293
-31.48534273
4.46266280
0.00000000
19.35604754
46.13921265
-53.64479684
-55.90220489
-12.91955923
-34.83558643
-19.99096991
-9.37934256
75.75230347
-95.11483592
45.87837951
13.13236992
34.33781421
56.50160001
122.91174012
-15.40470203
-147.02533159
-26.29920253
2.51441745
30.64658921
66.66829246
-91.87367839
-79.62753459
-58.22506628
59.02749179
-15.56589454
35.46573863
14.56671766
-88.62949077
44.30137535
50.63322450
9.42910286
8.28653042
19.06735720
7.54677601
-7.32620923
-189.34546889
-7.49245336
-5.73678876
23.80533927
-10.97732565
74.20219191
49.85599549
-167.86306811
-100.96341370
-105.39075400
-49.62813566
73.90156784
30.50024310
-144.62774454
-107.22612415
11.61413976
-280.37564173
-10.83951548
-104.38740181
57.37881629
-27.55420839
136.64608726
13.66141277
-81.37097265
-150.94288486
-81.74294446
-12.50706249
-34.55430993
-55.00223597
3.81772529
-67.06373607
-37.79595651
87.49972815
80.14205612
81.61762238
-97.89034257
-16.39313706
19.29681055
0.00000000
-67.71269273
37.86194359
-52.65794225
-94.17208246
7.23553957
-60.03017541
-22.77773828
-39.61278833
87.05917318
-28.52236389
94.80414079
29.77502945
56.66884353
224.18464398
114.51456934
-50.21115473
-155.92908102
-15.82941749
62.93814811
33.60969516
52.04479987
-41.61340875
-18.59205835
-22.12015365
16.01406040
-34.60322870
52.13601938
-40.06112918
-83.07795871
71.94257679
139.17735874
72.69882763
6.37788682
