13.92180760
38.65486843
23.30970921
-50.07706715
17.27608958
4.02392178
-0.35006136
11.27319625
-3.39244600
82.17044715
20.87672951
-14.28877101
58.87529543
22.88167722
23.63287488
15.30414322
-7.36193146
-19.21247197
40.76213361
2.34583195
23.27074578
23.19154397
30.08467773
22.84407803
-4.10790506
7.24748811
16.56642839
-104.83151373
-71.57431747
52.32119086
26.90674514
10.92932454
-22.41710316
-19.23265701
10.78549710
-0.92553317
35.94873009
42.13342430
25.00395680
-5.10482809
-17.37439239
0.00000000
89.65381102
13.09673395
5.61602439
-55.77597436
14.70522529
6.75141610
11.84558831
-11.15049733
18.40068600
3.92775606
-6.17084353
10.48384452
30.43125573
-43.26842039
-0.09298994
64.59999253
-14.41268393
-45.58493297
25.27406516
33.00697904
22.20479275
9.35176704
23.90505613
-29.90202302
6.79828784
2.48321793
7.99528171
-15.19370121
14.08672988
7.33386958
35.77256884
11.39268018
-8.01202202
64.39581551
38.95544096
-38.50828334
-31.04749779
60.67574674
16.58623584
31.21353123
13.35236954
2.63128769
69.12705130
35.60762671
41.04334877
69.26476722
50.49934033
44.57096069
22.66333137
20.29927937
-1.87820768
39.00012676
35.85047107
38.72571580
28.14641808
25.91588919
63.26248881
39.70022558
82.72733533
56.32363166
-35.02692298
-55.71452826
38.17419896
19.72950906
53.44314903
54.44051711
29.54318154
38.19651884
26.84409555
21.90911403
69.42575024
53.37762929
71.10771447
12.41570625
0.00000000
22.88131242
34.28109842
10.17617232
9.79712221
28.35640776
1.53906982
31.60810407
17.08660753
64.62775735
33.26197318
49.12745065
68.74469694
52.46885482
57.36420934
35.76100157
52.35904628
26.74402447
37.23765522
41.61008020
27.02692451
65.76926322
30.22716137
37.46771238
-12.61363686
16.05087392
104.89982658
43.82697301
12.58011862
25.52843685
31.19149362
79.70535869
55.47700336
11.93793531
