-41.75204725
-45.93922266
-19.11422208
16.71285267
-2.23766472
5.25124645
-31.13704669
-25.80190248
-39.96152167
-30.42193692
3.15796402
-48.65894115
-35.72846138
-31.00593825
-55.44775167
-39.35695923
-17.80517165
-21.88711157
-116.52754556
-17.05583662
-1.25332861
-48.20541461
-0.34324633
-27.10299393
-92.33672938
-72.36497886
29.02414288
108.27831238
60.53117788
-95.42886370
22.69738573
7.41734565
-30.45298450
-65.58727025
-20.96509381
-93.02804079
3.89513526
-36.67679028
-5.01655428
-26.88708366
-31.08660564
0.00000000
-120.50882449
-34.76012763
-63.07955175
29.38548365
-62.74377158
-19.07368677
-33.01844104
-20.22420659
19.01311703
-40.57584733
-24.74706930
-68.87211984
-64.35174240
-59.79222027
-35.41156917
-183.74018834
-18.28038554
-83.43201891
-40.26393193
-48.67519725
-35.37089401
37.66352705
11.54473685
-10.27300699
-44.07486909
31.05745208
-49.03748254
0.56595428
23.65369879
-44.58805455
-8.09402412
-77.54501946
8.86350756
-70.38971695
-33.23270475
-5.76498901
81.39667006
-86.44117637
-5.62671320
-27.07893724
-16.35648007
-36.06782704
-38.52491009
6.19699026
-26.87094365
-56.32755430
-29.96736800
-37.20216979
-32.06896283
-38.25221329
-35.81793333
-26.52281014
49.16948010
-4.84844093
-23.88704964
22.68923600
-32.58290715
-73.99736217
22.42981751
121.25271767
139.32400895
175.71112059
-54.26319950
-12.71826513
6.64997958
-16.21228836
-22.85995883
-11.89501750
60.80204259
54.51384985
-24.30669432
-26.37497514
-112.85009146
0.29287111
0.00000000
-80.09571402
-33.32983897
-4.22908672
74.94336825
-21.80277319
-21.05545034
-9.46218930
-19.92595571
15.65297048
-99.90628884
-57.82771908
-53.13936503
-55.68486277
-78.66663661
18.74235860
-22.15837622
35.25393925
-34.07480258
60.11799992
11.53433637
-25.37062451
8.04055171
-1.40792083
-34.08096313
-25.17435156
99.36617909
-37.00966491
118.43178009
14.76929005
-79.75029270
31.72148575
-88.95626608
15.11182981
