106.42161891
13.44588725
22.18689635
67.49537359
151.32510625
44.04345524
74.16621072
77.09790310
103.39560699
-55.50745785
-193.48948814
129.58018310
86.89033661
138.69939603
132.77168513
98.56191682
79.94173135
104.30604031
-49.87807627
-285.63161527
14.90918166
-110.19441333
24.56151649
35.70766798
180.99499759
212.29306940
48.66436604
43.78078119
13.17169179
-20.95381141
-52.15950400
62.29716668
35.78705433
46.11310026
91.08243754
110.35975379
29.71608466
39.71691882
73.95963717
75.96490873
77.28385166
0.00000000
-9.38482016
121.89003204
-114.56960371
14.84319002
53.69558303
52.41410605
39.54522834
96.22619569
49.26060672
-151.57478133
132.07910459
128.28524309
124.52450957
220.49369306
108.54731302
-93.70185534
-119.07765837
-66.39482924
24.10865050
-26.23388155
189.12200712
-59.97930869
-8.62122194
2.41661898
56.38603142
72.79514466
104.43778475
71.77398412
-55.11164134
37.72399424
19.57766677
42.61113140
-20.31363951
140.59456025
-15.63313582
26.73915374
53.22348601
213.09840187
73.31094669
87.75389616
67.14951054
73.58786080
-0.94437285
-178.08713552
194.47928986
143.16981843
229.99306870
272.21951729
142.60441185
106.98616782
94.47510077
2.12054769
-202.65008003
-8.00673803
-110.50583076
35.67379401
74.95977861
122.96797127
176.95811351
117.65238932
119.99158730
75.89836150
55.33865445
-16.53263209
1.49172048
47.63459950
5.09530807
63.96504611
154.41192898
39.85664627
85.11320101
143.10011065
183.25061309
80.71990803
0.00000000
-37.55569212
146.45885279
-93.06194008
29.03401381
45.49052461
102.52349765
41.56470601
130.95130677
46.73931534
-44.13042007
217.40923409
187.21223605
183.51583375
368.66939594
135.92157343
-58.24530634
-130.87985924
-58.99451938
32.22216578
-11.63963139
211.12259666
5.94223776
65.31852450
4.21484204
65.45090700
110.61413146
154.00028159
70.80792962
-57.61000436
25.89543854
94.33742017
49.21044288
52.51114900
