4.22201025
-18.29467362
-21.02923838
4.68641570
44.29945636
11.32798812
21.25531560
9.15264492
42.36827589
0.53381841
-32.86339422
28.04507887
24.92889190
31.23848677
1.47720581
-0.56261963
1.15984679
15.05329912
15.15754661
-6.57597758
-9.30168660
-70.81346818
-5.14116338
-12.10057294
138.19677508
37.62558010
41.58068058
-19.53167724
-72.11326295
-30.67039800
-43.15221610
18.89639706
-67.01129026
-3.71875361
-31.20493642
31.96771820
-1.54762704
6.47567623
38.27370076
56.52211656
17.65978011
0.00000000
-44.77444629
38.83167487
-54.55326925
-10.43003458
12.98242993
2.73670868
-8.37320574
21.78172385
-1.28027224
-22.77545949
14.97419695
11.50916406
20.11680617
140.49456192
21.86416854
-32.66419215
10.51262386
35.64022934
-2.76964640
-28.79370034
10.36429948
-15.70757953
-15.58189858
18.05649903
0.79014861
-11.51434505
8.99082631
-0.39446870
-14.04997924
42.50925939
-15.36051052
48.83410903
-37.97378307
-14.53851833
-15.42400034
-51.00405851
97.57934393
19.02814055
30.60748917
27.95714057
20.05808297
37.41250204
-0.17782234
-54.29121212
70.59378596
46.13630437
80.62793013
60.89972094
10.54798329
-0.57541540
9.63439686
52.56737201
53.31847752
26.93472617
-49.27850916
15.24705992
2.16795352
118.46578020
104.38768263
44.54024880
51.90759994
3.18329328
-0.05447516
-11.41001098
12.96198425
-69.67428898
23.14858507
29.06714564
68.43043146
-7.25164525
57.65714467
68.29881374
50.20394476
14.03000379
0.00000000
51.07698826
59.05295288
-30.04139617
-4.89758588
18.02996181
45.24094012
51.97187045
32.70846823
-18.76740796
11.70065126
38.01518725
22.43681279
63.72828944
150.71126306
51.65967654
9.29211250
45.78805595
40.94620078
6.22977978
2.83705488
20.51971305
17.52783501
15.13808177
43.50747402
27.77094818
28.63206152
43.13544053
-31.93381359
-6.88368840
25.06457871
9.75625203
100.30469660
-20.17371729
