14.17663181
-32.46333525
-109.09983937
27.64573671
5.18878515
11.93073086
1.47395611
6.21841872
-25.53419302
-69.36735471
-168.07403215
48.88998902
37.45376698
46.41160394
28.50003230
29.67663493
15.74421365
40.07118774
-24.44237697
-129.50868876
-49.29317009
-81.11236045
4.28173254
4.85819581
32.34851489
11.67581911
-81.22608928
-7.08392733
-6.81572222
-156.23066665
-0.07817093
11.56315385
20.97708245
10.29168407
29.88522245
47.32688242
-12.20059540
-2.73490866
29.90495215
34.59474179
2.57992320
0.00000000
-10.07633695
27.84394353
-85.15783180
-18.12589023
-39.45077643
33.18005540
3.17552859
20.54138076
8.94919417
-54.67650115
4.54726414
27.03021963
6.03393081
18.60290211
-61.27843612
-14.79624514
-67.94318398
42.17490760
-15.46832510
-29.30223126
26.91274181
-18.36610200
-5.90884451
-85.04113422
-19.15582963
-24.57774068
13.09545984
-5.77919767
18.88071750
-30.41463986
-7.91916938
8.05803347
3.13606340
11.23155854
8.56303754
-13.16646051
-11.39166142
22.35398992
14.33186526
2.39337495
-1.44057691
-15.92636385
-37.13876495
-145.24161517
86.64196428
95.58677755
114.65039639
5.05618541
20.98533620
20.87734033
47.99031854
29.29846165
-87.85276786
-48.81953532
-95.98317669
-4.81308776
18.80346009
24.63938272
-3.77074235
-61.75831526
43.56694470
25.31846589
-109.75922171
-3.69763722
-4.18460560
5.12520646
1.92084477
6.89692717
18.05496458
-4.00729328
7.10749617
80.00564980
134.73282140
-8.34886858
0.00000000
-16.10263868
30.63419673
-80.00776124
-15.58466759
-19.79018870
49.39667052
-10.56870758
38.47096969
15.42052843
-52.67474371
21.52824936
16.73373238
-4.42203602
38.89622117
-38.04275695
-4.23148113
-79.83422289
32.54355792
-3.77121131
-32.26761770
51.12960403
-10.71477386
32.45455800
-74.41883233
1.92565422
-21.71975783
48.45196025
-23.38576711
-14.35480364
-24.08179032
-17.03002696
24.35530171
11.61384024
