-7.07040849
-101.06161573
-34.49221140
-65.30132338
-15.53811151
20.87563342
22.70817983
-33.54078522
-54.74728007
-69.26107512
-39.14923910
-60.52260792
-44.81725894
-40.53059482
9.16702161
10.91978593
-10.74112191
-16.17233178
-143.57067717
-82.83991043
-29.74923470
-99.20633462
-18.54031278
-32.82022715
-16.96111779
-58.98703891
-8.24952409
7.82128118
-0.56214516
-41.28769065
-16.21899775
-53.54859680
-46.02496744
-15.34451628
9.97464090
-47.83776175
-35.15441664
-48.18203334
-28.60530045
-46.70963139
-20.90742828
0.00000000
-173.32884969
9.27489401
-105.18657478
-41.73031177
-55.99936620
-47.73802990
-26.41061461
-33.15882158
12.85336129
-127.94446707
13.52984867
0.97940801
27.52908659
-11.21832359
-63.25221893
-187.31874948
-115.19795134
-151.98581054
-89.72095397
-56.37427052
-49.70496146
-19.52772877
-51.14801609
-37.60232530
-36.82151371
-72.08071483
-30.39370324
7.61767099
4.66858391
-49.82870817
-35.24538970
-52.20318991
-10.99125602
5.44225166
-102.74253756
29.96182375
-89.65090830
-6.28452161
-11.26281922
-18.60753254
-28.26031236
-30.50332768
-23.45854050
-88.59346404
-73.62690206
-73.11761714
-31.17421096
30.36297349
22.05954223
-48.68560378
-36.15503599
-90.39220969
-105.37915728
-69.89040506
-100.97013752
-1.28472968
-44.55557711
-57.41529061
-69.23540038
-29.21620988
-7.78776318
27.46000419
-23.23669202
-14.58953510
-81.14986951
-45.52953981
-69.93260257
-33.76182775
-15.81627747
-5.41410595
-94.73301056
-66.58701149
-70.15631797
-35.50345423
0.00000000
-157.75297466
-24.79170337
-89.30018363
-72.31717605
-49.52771472
-29.37636133
-42.24550446
-50.22574937
-24.11158835
-78.22958979
12.14805295
-28.94461841
22.38724515
-38.42522674
-58.17504744
-116.91972898
-136.30060278
-140.53270257
-80.04539717
-49.76247108
-9.49015266
-40.33947689
-25.81674776
-27.52522055
-17.21478952
-79.13430495
-45.79942265
-14.36075308
-28.42665957
-53.09512183
-55.46740494
-100.82321046
-22.18104114
