-90.45434501
-136.59835973
-115.74580292
-204.39051009
-137.07255100
-88.78461390
-111.68896369
-125.80393963
-181.69348139
-155.13050124
-151.83753587
-169.57621904
-175.43379319
-107.17135138
-112.24432184
-133.30292828
-139.87928030
-147.55928868
-192.33816181
-173.70765689
-62.16458941
-115.44183351
-52.84207442
-47.67745949
-311.70382560
-210.94933439
-69.19830292
-49.56657463
-81.91234338
-250.46909431
2.17630287
-176.42686356
-164.77691358
-145.42890402
-106.28211379
-265.03633394
-54.72537089
-155.58018835
-98.79499634
-108.68605476
-147.58720449
0.00000000
-175.29005231
-134.49304092
-114.91407343
-124.90893371
-147.34572826
-124.34170292
-136.08515289
-123.39234276
-43.97150005
2.31680943
-47.92218563
-107.28798039
-102.66991024
-271.21911039
-153.16513222
-109.10415537
-126.75639951
-147.45538294
-86.44113037
-71.63901873
-84.32204711
17.06288599
-35.86166774
-186.56449385
-143.57771724
-104.47954165
-100.06935193
-94.36276843
-54.48169886
-184.09448724
-86.90740404
-179.12580337
-159.40304502
-83.17172086
-77.48245723
-81.15319739
-277.06880587
-183.50188570
-59.53558394
-70.03671865
-73.63782975
-140.21338381
-122.68489153
-150.17274070
-193.94715942
-156.18632952
-118.28796802
-102.21534493
-92.33093829
-127.72819667
-143.78318084
-124.70488347
-176.91596694
-79.36255924
-106.64486754
-34.30785059
-58.96234285
-238.97940379
-208.19945677
-96.66915440
-105.69778452
-1.89920791
-205.98300444
10.34065618
-149.75524549
-145.92852827
-128.86477673
-129.16097062
-198.93862143
1.82253323
-137.16713821
-161.24323507
-127.59735811
-168.52681693
0.00000000
-135.19859960
-181.68729055
-83.84404492
-145.62903169
-92.42365582
-120.59325293
-107.79695817
-145.36659618
-45.94162118
-62.51036475
-78.33360373
-97.66578815
-121.32647605
-305.36493785
-146.45733635
-21.76891757
-136.84305759
-107.19976721
-33.55861662
-49.06849294
-73.03317266
-28.30309818
-60.61607781
-195.92496844
-96.37807101
-115.09890181
-122.95320444
-7.91501668
30.02383947
-169.87719735
-71.67658198
-213.80005666
-126.61158190
