83.72589159
151.63416243
244.19000995
24.29847289
88.52138571
32.90781029
62.69194327
70.16676813
29.22860698
65.00941875
155.52408518
61.53505000
129.08919463
77.37122968
118.25618372
151.62775441
39.60586212
44.97249120
109.29905531
160.37816434
104.85385763
109.53954136
35.69949676
43.85416082
108.81807252
75.23643335
190.70014933
107.39099756
155.67556372
171.50009919
24.84485392
23.35746868
29.42376408
55.12316343
63.54382516
75.07536722
54.85381595
68.11223867
90.39137414
41.52423108
18.43229627
0.00000000
146.55863426
35.58577006
67.58288355
62.63932396
87.08905959
36.35263353
56.15585425
25.13902058
42.71820649
101.23028954
61.81677323
83.36315841
99.57315116
41.62674786
131.30072801
94.50311691
115.51236272
7.04652269
40.84523435
47.02920084
82.96865755
-15.01628967
20.37144488
66.59987912
18.26691560
118.76932931
59.61444540
127.22227908
39.74691721
37.75629573
48.31565002
47.54833277
60.12888273
120.30853632
73.03273620
137.20706743
57.65064032
163.09420803
45.10658388
61.35007724
59.97146141
26.11053183
61.07210779
110.95661585
108.03895865
104.39040034
120.98616443
175.00571234
148.80697949
67.84377646
58.33374550
63.86531409
129.32043580
93.74916184
103.23395669
54.21499406
69.60499079
42.65305649
153.49082685
279.35430959
155.45152488
178.14773259
187.31931172
4.85566077
39.85001372
168.19985071
79.70957433
78.49939923
159.20597420
61.12281030
88.58596332
98.24139228
131.13557214
90.58616497
0.00000000
54.17569094
53.83225992
48.31409064
156.95707051
98.89978144
53.61258271
71.68037196
56.25472005
80.42000513
35.15442092
132.97340787
152.81036203
132.77286408
150.20017744
131.69258394
103.12695816
112.49997042
46.10474022
112.58072636
48.07347503
126.14460853
13.63208026
58.23665064
56.45455450
29.52977494
229.05305119
103.54062852
237.67844901
8.02329385
48.76419686
103.19997010
66.04097467
132.91539409
