126.53836987
-19.20641720
-49.77850708
123.27400889
162.32970532
43.48154417
69.38215945
105.85173090
157.24985642
35.20493483
-188.39111136
96.27401465
9.67741192
83.45022897
98.32888021
18.55139705
91.10650616
91.11672496
-67.62585042
-330.94191173
-2.12818180
-88.38667563
42.74212712
59.42319793
91.62958007
178.81708034
-70.67479176
-4.74610476
-48.69608507
21.89470522
-17.70179501
49.81083550
100.44492710
54.85506825
114.72542189
112.27081119
14.87886571
53.42086428
26.21078724
33.70543514
79.84519019
0.00000000
-28.95681985
102.51211166
-69.71317763
44.65146763
67.93060234
48.56580876
79.75525507
106.30847995
54.64043761
-129.54641953
103.43736455
113.89699274
93.86982923
155.27772973
52.69004328
-100.32762640
-190.29081425
-129.88024768
-10.91330565
9.89098574
137.36351136
-13.88702376
37.59680276
5.71468969
97.40514721
75.75319172
84.58857775
23.26322427
-20.39561743
65.90867043
30.77315366
33.80367333
28.68446306
136.71087448
-58.69765888
-15.90254352
99.86303392
187.56701992
69.12207217
80.74647177
70.97641016
120.28702516
35.55672706
-146.93020643
195.34206303
151.71625309
217.24561677
198.62777257
61.71983329
141.14317271
99.69431239
-18.40589493
-232.76447950
-38.17219473
-111.86453661
29.74754266
113.87843297
153.39655599
164.16121431
-30.17848837
35.38082669
-46.84512649
23.77139777
13.27162833
57.07639370
123.69888894
15.85027080
77.81413460
147.95376754
34.32105288
89.79018874
138.23103760
145.32019067
99.85223088
0.00000000
-86.67155057
130.71519088
-73.94059023
23.78303078
61.69635378
86.70893097
71.56184060
132.57360445
51.01294623
-68.01391282
186.41103745
149.71202147
141.43639389
336.51224936
126.85928832
-92.56433896
-166.91495335
-95.25476803
-27.85222141
3.23042796
179.76218337
38.62978420
96.29711319
24.07678529
77.56788687
100.82271050
131.76230433
-0.73775831
7.42313454
74.21652533
96.75835113
62.31722216
77.08908240
