93.17839387
80.61105997
34.62440219
77.00141898
60.89723350
46.17076904
18.49023549
33.62360168
69.85183012
60.94235908
17.44924471
38.74370068
145.90945783
93.17180214
5.79821395
41.42090509
32.15801283
29.18729319
5.97470813
6.33939465
64.66516285
68.20806458
4.78462108
88.72596772
13.49260511
25.72309263
56.77770402
41.82571019
33.12884358
52.51626870
99.05682549
-0.09036407
76.97660446
100.15846665
10.56789207
92.89002113
38.68666616
55.30914238
115.44014787
17.04466064
38.39542555
0.00000000
-31.73493487
12.30307050
26.54437525
73.65996185
24.33258224
55.58411054
32.44976697
12.87257386
12.80884193
71.82786742
13.60803100
13.83120101
11.71471027
0.42313699
50.19053939
33.08192490
72.57512470
72.48121366
29.30923931
34.32528696
133.02349710
68.51975494
83.85046674
68.37488803
43.99690053
66.53011192
16.53802662
27.23234310
110.35401291
35.14254221
30.21096942
54.98127708
61.71314521
81.15562217
105.32385399
27.55037977
135.36189497
-36.30310831
55.11820030
10.61224098
21.69210918
29.19211328
53.90505214
77.71909709
99.60131779
146.78156736
104.63817215
73.78444092
27.02489335
53.24292571
57.81171167
54.04445197
78.97567801
47.94700620
73.43967638
13.91708545
137.04568215
70.06608367
72.47639809
58.71039239
149.62457828
69.48209845
66.85512466
120.29145946
57.54338491
135.43660742
176.79829701
45.81511126
104.41578577
38.27477126
54.74825475
56.16968897
49.35552390
34.34520621
0.00000000
19.69185353
36.70584681
42.21363371
95.92156452
14.58654919
53.95126602
39.98257976
35.10770398
10.27383218
60.44446163
77.78110319
54.32463540
14.53150762
61.99797556
88.59643001
75.72484531
133.56139601
132.30245094
6.95510115
32.61299040
78.25000316
105.61626145
127.25913460
68.86676658
20.80136379
97.12539738
29.38751503
38.46782702
214.17553377
32.08151724
51.00974695
60.59152551
119.11361662
