37.65352715
-31.79106067
17.59191413
9.97367621
-25.01317364
6.42094777
-28.86228195
2.28723847
10.24212364
0.03985157
-44.04115525
20.34054200
43.88735458
36.61980402
-14.75134331
-22.56946602
5.49881407
13.37194593
-4.56791357
-31.99580256
-21.91607621
-47.89972724
14.48897086
29.18169673
71.70532644
7.38136864
27.78397287
32.41285460
6.95006786
-6.21277487
-15.09858122
14.02503398
0.57320340
24.66789769
21.90999140
-33.15191091
7.05964286
24.51529032
37.48622809
23.39634497
-13.09160627
0.00000000
-13.97760430
35.59546581
-32.27761711
13.68102932
-15.26482918
12.32766908
-6.71871456
-2.87583482
-6.11514385
-41.19227649
-0.53740199
-40.55577473
-5.65731604
113.87519094
19.91241734
-3.15988904
-22.63271438
2.91283648
-15.01206773
-16.24222018
37.59937911
1.71884512
0.82480037
-14.72597074
-3.77374642
5.61467367
0.07920188
-2.83469356
-23.97266970
-8.15520608
0.19062004
15.98887160
-31.54919305
39.70055889
27.28548899
3.76297457
44.61119662
45.91536207
2.38502338
-13.10509345
2.51430532
14.41823423
37.35907646
-43.45367160
43.20125637
-1.65331108
69.47814916
30.30617325
-7.14311170
51.50987823
30.12298205
44.24109707
26.44281487
7.73329225
-9.08588246
10.05900056
19.21593011
111.20845627
60.47664842
81.94480025
50.08465971
36.11013132
20.75856355
4.63069194
34.16181948
-1.83296743
31.98127066
40.23998405
48.51300919
50.27485661
82.52740954
18.04635975
36.62054896
30.18195229
0.00000000
-17.24175816
55.28419831
-18.97216420
35.79525152
-1.53701276
0.21458286
44.59242288
23.14629754
16.09209822
13.51827848
31.12461466
-16.80497653
7.21635668
97.07085461
64.15801921
19.31232408
51.52365874
62.37685936
22.80826985
4.72147991
63.67531089
4.39287870
37.35123705
21.09330845
0.97638812
40.66745809
19.78428600
20.89049902
10.16462243
12.16803189
51.69055354
43.17893651
25.17180557
