-51.87856975
51.10182544
151.36425031
69.39983419
0.98224130
-26.54756735
-63.94188272
-40.64114623
12.09667012
60.34490786
114.85138097
-9.78836245
10.26059427
41.68381393
-0.93186557
1.05557761
14.68897348
-4.09928602
60.81849830
73.74658330
51.40547593
-1.64821732
23.17467125
-27.12453583
207.11257984
39.73791215
170.38860529
5.50615044
-29.82646721
157.89210842
14.59459054
13.53092722
45.47538722
83.61619067
16.17069979
61.75769258
48.00911608
119.77673132
0.56217211
-6.31057407
24.44039762
0.00000000
37.19935275
9.28772301
16.74389040
44.85695007
41.89141194
4.18400697
20.00744000
-8.00670192
29.04445326
-15.99663010
-17.34827731
-84.00011935
-32.01936249
131.92351291
112.64422849
31.32519861
105.42589543
89.08181192
67.46986768
23.04276598
-0.41137558
4.72015823
-38.46833563
119.43660010
-19.49042141
21.43887514
2.39060837
-20.19692388
3.66721638
80.16336678
80.12751701
127.02732505
45.05349490
-156.03733806
73.93261939
74.30479993
11.87831765
-144.10536298
-48.38468591
-80.84567511
-48.07922405
-16.31842390
80.42540214
65.50306029
-63.21161353
-47.83645608
-72.30107736
-175.10919643
-51.90310942
-1.61573181
-32.23286959
17.44920793
78.30783226
15.31863717
1.60900747
-13.75209435
-27.93538074
50.95143089
-90.05840217
130.20261016
-1.98425407
-51.58187639
127.79713124
49.42999245
32.91938458
-5.47973864
43.65823198
-23.41125811
-70.67568717
13.45960219
37.71997524
-64.78177011
-70.08055173
-2.28992990
0.00000000
-61.70012360
-25.18597078
5.05096036
11.27773839
2.04922206
-34.05759732
-15.62261881
-31.31870272
-31.74205871
-12.69228363
-88.16936964
-136.23619143
-92.22010704
-35.22633044
53.27771191
-31.61420863
104.93253326
100.62011807
29.69929835
15.09912346
-94.89096034
17.94287646
-71.06940407
92.80787070
-30.95132004
6.90577494
-34.62859535
-67.23436060
55.05284275
30.69854912
-24.06605435
85.69598743
-18.29311042
