-68.01196064
-25.76086672
-178.45932352
-132.26477720
-96.32353637
-66.99554907
-55.51288679
-64.33502333
-68.71762810
-108.45193117
-86.69535972
-87.54937669
-112.25341162
-121.44507515
-100.89594464
-123.14820962
-38.83233091
-47.82299059
-35.60664432
-35.64797607
-18.76166850
-53.29312211
-10.71797272
-55.53900293
-112.43230063
-93.75822438
-87.22271987
-166.05260159
-138.93205749
-101.42412650
-38.84291716
-18.58861234
-75.58859234
-104.00379531
-5.62703818
-131.24307613
-32.40737302
-80.84436607
-80.80683323
-60.59039150
-61.31955654
0.00000000
17.61928467
29.69304090
-83.08756225
-124.35320755
-93.04044659
-35.34627018
-30.95225729
-44.43404951
7.96871761
-45.86955057
-67.47147220
-59.10219227
-72.62901976
-160.58090531
-88.99522089
-44.27374964
-65.10110227
-108.71978978
-51.58496604
-42.69679607
-102.09173051
-47.56271098
-59.29172548
-100.04844098
-54.96281490
-107.08184534
-74.70939326
-69.62832282
-101.94178576
-88.04844509
-41.88712982
-99.47644370
-100.36115771
-38.47531720
28.34314533
-166.66551818
-81.57543457
-29.82369045
-41.20418245
-24.27221700
-39.29543088
-37.14595398
-50.52651074
-48.80031465
-66.33920367
-112.54043639
-37.17647407
1.08882341
-74.30608171
-49.68279167
-45.33192766
14.27646619
50.70108056
3.26387783
-36.40265824
19.77175125
-38.57139342
-16.79131344
-6.08985185
-30.59708897
-132.08083658
-107.65735075
-45.56679148
-57.18671690
-25.14727556
-90.17327206
-81.10342972
10.46921425
-3.93962098
26.73008026
1.46343330
-54.73675932
-24.22796271
-41.00762413
0.00000000
46.70533173
22.32611490
-41.62550385
-123.12562661
-68.65635036
-41.32660298
-20.32846791
-39.19105948
25.70542095
-20.40612277
-12.91949159
-14.54190774
-39.95651328
-2.33350244
-47.03136795
13.02122131
-10.35069223
-101.76510503
13.99470813
-20.90389137
-51.26179149
-31.87574918
-44.85401030
-54.34945536
-22.37782293
-103.36561821
-40.50281148
-50.90189270
-105.27680777
-62.30162221
34.77768371
-47.95236932
-88.66264372
