89.69687762
38.38261919
42.02625775
59.81376714
53.82924012
59.71222315
23.74417552
27.88613901
16.16269108
26.40508408
-26.21603019
24.39912099
100.55715919
37.56632299
39.31936634
58.41388463
19.94178482
24.91556883
1.15117307
-0.82766998
23.87674586
23.18091791
13.32909243
57.59709950
-21.27798182
9.03742280
28.24682718
74.44737027
72.84969939
-10.90353013
64.44991404
-11.60065089
85.25269402
88.61534034
31.17924432
78.05133036
3.65413987
16.65924493
45.39215743
-19.71501323
13.12939615
0.00000000
35.15950101
-9.68866155
-3.57387622
33.37045518
7.10974244
26.19777597
33.78132386
-3.28498866
16.22502842
32.68993499
11.29471858
10.99581777
12.41686272
-32.69234534
-9.06901282
20.54061652
29.18386259
-14.24938530
-4.45941059
15.87301616
119.88331503
51.66698463
40.39586370
14.85418571
28.64346101
23.37512967
-2.61721035
13.61787435
73.34427631
-8.75063670
11.68927321
-11.47203817
56.14405831
75.23665842
77.36786464
35.84133490
119.62336979
21.62092486
50.03814217
13.53770124
20.95967608
15.42432148
27.36152916
14.70938691
140.52034229
146.07153979
38.47281185
117.44824764
57.72704586
98.98620548
68.72262545
3.84959944
13.85387241
25.25690575
38.11372214
23.29515944
104.15681229
5.46092082
58.68922383
6.09251396
102.74434898
100.24775614
39.37750270
90.32890337
44.12112901
181.18127429
169.69468237
79.82298017
112.77931070
10.15588976
33.61640710
64.23215786
55.83641768
53.10832692
0.00000000
-9.46484015
28.86747890
4.00985154
70.62529861
13.54185010
73.84157082
81.17551978
51.75772357
12.86848020
26.17055779
58.07410563
67.38559611
58.97522309
43.45411814
18.71470850
54.20927948
51.95627272
95.72994124
-2.08486562
19.84179750
111.94239598
67.21809424
85.47337879
25.35671102
17.31673954
45.95242822
41.41023848
53.23003767
162.82907223
-2.33112885
42.36729402
36.00159922
144.17252808
