244.33357363
149.50806902
158.57318170
95.75702634
136.53012550
92.16011848
49.67620229
58.67180655
65.57825878
45.96142589
106.41446315
97.96653660
158.76578295
116.04050737
106.03165297
87.51835753
21.90717882
56.63775989
77.30235855
93.07975368
84.48707751
124.61901210
2.86041352
97.45005546
83.32678036
34.53420131
134.39487118
51.09776919
82.72813057
106.76557195
73.91808518
16.39177263
100.10841003
147.91885675
52.54132690
105.51933766
69.80724800
74.51211432
107.07421035
48.73859800
41.57067636
0.00000000
196.37461302
19.20373510
74.44029813
60.68943791
65.35366710
55.79950625
50.05323479
28.73803471
52.29473273
85.76215400
79.26555803
100.70353569
49.34711886
53.15771665
68.10515291
84.05916876
95.91624790
46.26917357
30.45329075
39.93756285
167.41869585
52.46364739
103.71391238
71.70256810
44.39514077
57.67803447
57.91884157
46.75520442
124.45454603
48.15753082
55.53616806
49.68305819
90.28951024
168.12883544
167.28943537
78.93943777
152.64799475
90.04435042
88.37531233
31.62859774
47.74175694
66.32893369
32.14462641
128.93250326
146.29654647
183.00584090
91.24062020
166.34922124
78.62463352
57.69125955
78.31315134
74.14104746
119.04254606
49.67454420
100.29464728
33.59962953
153.85850721
130.09359564
102.71715967
44.98057061
135.20469867
138.24559913
125.70931675
90.28175224
80.74929775
194.74313739
190.10298915
93.71051553
149.12253376
52.22773464
95.43463983
115.45753655
70.64052271
50.01033340
0.00000000
113.77998983
57.89927283
56.37256411
96.01993567
64.43072572
95.01640908
73.30979034
46.64029643
43.30372528
102.95612250
103.10203821
106.94186795
77.90060840
148.29653895
95.85676781
117.44589840
103.80957933
78.23653009
14.92847403
29.52834342
160.70824014
74.58275425
140.71299244
75.89090580
29.02155454
85.78376794
77.30786875
77.17428779
143.98961743
47.99740289
97.29453145
77.73948160
184.03920736
