45.59095804
306.33046934
316.23966413
115.99144840
71.88491458
24.90573913
34.60107635
43.46319921
78.61550020
125.89372055
181.77277051
69.03809399
32.85394562
46.07937731
63.37923144
80.65970881
59.55130161
43.92925059
177.06863235
160.51777773
152.19289201
176.81574949
67.86236130
54.41011720
116.66196214
77.80627209
232.58753194
106.79081785
90.62607814
250.12427255
22.23406822
39.53149609
92.38824331
158.89085842
52.02545112
155.09911101
126.96416937
142.92908671
49.21472905
36.85419099
48.39017985
0.00000000
288.27989625
13.02094050
114.59058422
75.23594685
88.08114565
43.25230640
57.69572650
25.33447904
93.05968657
107.91752740
48.47764532
31.78741556
31.04408439
62.06536072
122.72658409
128.22603304
175.45074942
107.46973562
77.06746221
75.60019079
12.15198832
40.77127190
44.01535493
157.45830442
49.41392512
76.91570562
54.86934223
54.56826260
35.88554841
92.87618965
105.55491130
83.02950209
138.48272335
-3.43892758
258.47298613
171.85110570
116.59836068
27.85891931
1.23972389
12.31501766
20.66461966
43.16535717
115.90406654
172.40990661
67.10179462
67.27379534
-6.61851528
15.97926927
53.16094088
67.52382812
22.97320116
104.55808791
174.43875672
67.05042136
177.92988664
54.57837928
16.59463353
39.49089023
25.30816125
144.20879105
158.29448623
87.17285120
198.20835759
37.49299640
88.78411606
178.08958761
90.15075868
34.92443546
116.95925856
95.52337686
41.51216417
21.28581782
42.13685761
39.20395660
0.00000000
163.97405652
89.33867870
116.30519392
73.52163266
57.36530878
36.24891890
50.75856554
19.44068419
74.85045095
91.89031592
13.52790317
17.54211714
35.19539273
-30.65225212
102.64769446
64.19644372
155.50475352
46.00588916
25.97077139
67.52443262
-45.12770617
58.61114182
53.85151502
136.99945305
16.38435278
78.23875498
30.11231936
34.45672277
62.01341681
62.02417437
44.35280055
64.19058191
190.72018733
