-47.01892625
-145.29539273
-138.48825311
-0.53882304
-12.07863956
-15.57827548
-19.30157165
-20.36948112
-16.68183801
-28.78133925
-61.72512484
-27.06414307
-2.65424765
37.37858142
8.95083305
-1.10688768
-5.40000691
-27.25559111
-139.40426269
-103.53220776
-75.02381757
-126.52848456
-15.10476974
-16.86716726
56.26753560
7.04479981
-97.11795880
-5.60490977
5.31438037
-78.50528544
-20.80408226
-24.99547325
-34.62055631
-20.79996311
-4.30710916
-26.61396583
-38.90313061
-0.66122597
0.62991468
11.28334774
-22.97950900
0.00000000
-188.27858894
1.86104054
-71.46608565
14.08418752
-22.17200825
-20.79759824
-12.18870156
-16.02078136
-8.65968737
-121.32327071
22.96643833
-15.10625764
5.22547407
34.16147969
-16.33696001
-151.58051773
-116.39754065
-67.12309607
-45.08256646
-16.74511754
20.03527686
-20.60147443
-21.13519058
-21.08005163
-14.66084183
-7.91605245
7.85101786
-15.86767265
-9.14973696
-17.48368268
-12.64410286
19.53236765
-31.37359229
-109.92306320
-225.68693734
-53.11898976
-131.34756874
-83.37764089
-25.17985810
-41.62275072
-23.67743675
-44.04289805
-32.72670217
-95.10105428
-142.15012934
-102.49679415
-80.54791952
-124.97919757
-41.37787569
-56.85652389
-61.77983216
-126.71385336
-112.92836876
-68.96056430
-158.36940084
-23.54031713
-77.77890208
-97.39045467
-153.03699112
-103.10774965
-118.99927423
-75.67236760
-102.41768291
-12.35137066
-43.08656940
-152.53005012
-95.07945579
-42.64384609
-199.04475228
-77.25944150
-100.87979619
-75.58088762
-89.67114022
-63.11780056
0.00000000
-170.03468112
-43.48180537
-89.09648343
-51.28366027
-48.66911002
-45.27184494
-61.98117370
-62.44805072
-42.23484147
-144.25042511
-78.24924739
-76.80457055
-61.76629310
-120.43627175
-84.80111842
-150.05322101
-157.52080579
-97.86840784
-40.35710936
-55.83064136
-81.72025845
-28.85786698
-69.92213574
-63.43747030
-24.75009165
-63.52436086
-70.74094254
-45.89385585
-22.91633366
-28.44313475
-86.71452207
-64.11192132
-136.74711843
