117.13223927
37.93466548
-110.83261605
-53.09199394
17.43535574
50.22828358
35.33185787
-3.88071867
4.60057661
-17.54028287
-30.01111108
-9.55204919
-0.03137858
11.74502769
48.80913943
28.06959444
-35.49933761
-7.30945918
7.91861772
3.80488701
-12.26618659
39.99754300
-11.40260387
25.23302061
-48.50909717
-39.83648136
4.05735397
-53.80604747
-28.33915410
-17.59260655
18.36122495
-40.86062462
-71.63210642
-44.18236637
-23.88897639
-21.99812040
-3.07605398
-39.66269292
-0.15477459
-13.07252111
-19.09498342
0.00000000
67.77157737
-67.35358002
15.74136469
-43.47742739
-30.46790580
20.38291774
-45.16577448
-2.56119897
-16.21941487
45.72158200
32.53537702
71.95292996
16.72566430
-32.47784536
-19.87135230
32.90810367
-4.80811921
-42.68377931
-14.37777623
-6.23853941
27.48695974
17.83029455
32.86686752
-60.47338699
22.46816116
-29.70455494
-2.08607024
-17.95693192
34.05681398
-18.87508820
-14.68710152
-68.70598314
-44.78074756
115.56827270
65.29358625
-69.34772302
36.55719348
51.96202552
40.93386479
29.53239001
7.63076734
15.20497077
2.24049502
-8.56687300
90.59468768
128.67810465
96.85501496
156.82040718
47.45053248
52.68284101
46.22206037
-11.52298390
-26.03520837
9.24455786
45.78970714
-0.30278571
79.31723588
27.52847501
62.88422890
-40.85325733
-9.05112132
3.00321942
-28.87464252
-23.69719508
-53.18896045
58.90179948
-1.51333330
-10.02120253
78.53756200
-10.73227762
24.97732829
66.05080140
116.47712041
20.06735163
0.00000000
75.44939042
-30.99328184
32.70518099
16.15654207
1.46035666
67.19472607
4.15726869
33.30891409
-22.59977548
79.56923690
100.81820541
118.33409946
54.76159325
74.20547988
30.59404624
53.64301081
26.36902003
-13.14535792
-2.01677186
12.66102968
102.03169041
4.31746011
55.48407577
-22.08567161
20.60276917
5.79097446
71.23066315
21.58782493
-6.92900158
0.94385439
11.50106005
13.00233104
106.88139043
