-114.11169442
111.08644345
-137.49564926
-3.38929477
-208.03572619
-84.51793180
-48.81491269
-66.77207902
-23.82431321
-53.15861419
39.42089133
39.50701853
-33.06145424
-41.56817166
-147.29631550
-168.86576733
46.26062460
18.20360452
40.55392771
117.84131083
48.91641751
54.74395178
54.54460794
-20.51462670
145.28332348
76.70589532
26.06217423
-180.94394393
-160.92555400
23.56853845
-72.06463148
-1.29632622
69.89685241
83.81830976
83.64759413
103.94450363
30.63143979
92.52898948
-13.35503190
-18.70707759
3.08337105
0.00000000
211.38343761
69.52325371
-4.60987252
-77.06079679
-80.12591132
-9.87174409
39.12088745
-21.14992691
57.26416212
-2.35264118
-54.45239515
-139.51286085
-106.83155840
64.73570914
3.15253440
-55.19585794
-21.64308459
-95.39858411
-50.37769117
5.32733987
-49.75467899
-19.99640223
-66.01758906
38.05039705
-31.71644855
-50.44443822
-12.32792659
-66.70329786
-104.49076617
-52.98512728
18.73665991
12.87766404
87.97168342
-24.23811323
51.53330657
-204.79252563
-107.14859253
-100.22229339
-107.68705560
-64.80141355
-66.77781398
-25.80382747
33.09470094
-10.60396154
-22.42375863
-53.19869930
-106.21284664
-131.42550350
-156.59117244
50.99940421
32.02966324
8.94359489
154.70090750
-8.14827834
28.25305918
49.88356184
-79.52539024
112.78383573
-43.39089546
-17.27660361
-246.09728419
-236.77144301
-5.79196333
-101.47074866
43.47783107
-5.80591077
-56.71543255
27.53669815
52.84420037
44.53845970
-31.03576026
-32.59016652
-55.28232694
-2.04563305
0.00000000
75.15588781
97.86632243
-0.57580554
-181.12887579
-111.78720030
-14.48222044
6.04937720
-36.20429536
13.22550755
10.71864436
-80.58771414
-139.04655257
-156.48161109
49.76226745
-6.52256992
-88.18914448
10.54463284
-260.59991424
-5.62527962
-18.36151261
-87.57788486
12.71001605
-27.22601778
-1.19553603
-29.90558087
-143.81625205
-72.65012440
-111.61680492
-148.04628216
-56.80111653
-5.48157825
-21.07587731
30.04837549
