-20.49058960
0.14317357
62.32301089
6.34559300
10.76911759
-23.39852055
-6.37027006
-2.52167977
-1.32953101
-26.25203397
-13.48453156
-10.31148385
2.74831340
7.73111788
1.38833761
-6.65428287
12.74385053
-15.24603699
25.96417941
59.81613372
-22.59989649
-57.19905745
3.59671431
-6.57959669
106.68458503
-21.32367878
61.96375043
5.87659977
3.80910616
29.16319091
-32.91429348
19.99232353
-13.82734663
29.01716147
38.58444887
-18.92366688
23.33744820
-12.01017315
34.45371452
11.54498475
-29.99962121
0.00000000
-16.10587876
4.20568074
-58.30509118
-18.86157685
-25.92978692
-23.08221353
5.23007710
-15.34197207
-13.19487218
-56.20511421
9.66912057
-29.10237551
7.91108274
19.29190803
43.65869234
-26.12738347
6.72455237
-9.89816187
16.07513074
-20.54768622
12.73388624
-16.81357796
-26.83110570
49.25414156
-5.77586237
-14.42081877
3.98442606
4.64601705
-54.05941991
12.13356295
-18.70683986
11.58479094
-36.47135066
8.47102822
22.42689682
39.83002472
27.48122240
8.35554295
-20.08782083
-2.93011481
13.46615540
-9.63747747
7.53428849
-5.78030579
-24.26627550
-55.96187817
8.03282267
-6.26127840
-6.52728610
31.53239885
4.74771535
71.65885834
55.38149282
8.46815130
-34.58750076
8.75158466
-24.43374164
54.11971794
-13.36373786
66.47171853
60.15468568
64.50342420
30.44001566
-29.47468003
20.68727153
0.73886663
28.27538374
68.73646674
11.91945555
22.89641815
10.98212401
5.01107987
-15.76501594
0.55201286
0.00000000
-24.19559730
42.26281802
-33.07963819
14.08230345
-4.44836294
-8.56621519
30.97848295
-2.59232590
23.82586250
8.77069221
41.35462367
-25.02480817
-2.51039506
-11.47555082
49.82206446
-42.50191221
54.65888802
0.17975790
42.93451693
2.43659168
8.98485687
-9.76941966
-8.71268125
65.12887639
-7.08997244
17.99533306
-3.13156157
28.23882666
-32.34550412
7.63376081
0.44655977
31.07086386
13.40177798
