31.32457826
-3.73983977
118.18323783
48.58419722
160.38485330
9.37511383
36.31317708
54.60884050
62.36412333
40.77801680
43.72223960
34.73040837
-12.89844256
12.25237961
42.74088532
51.77904783
28.49315107
14.64397104
40.60905679
53.76472724
4.25427395
33.74246420
11.59650979
-44.47259389
40.94812423
40.12576337
52.49733710
121.27305439
116.50453592
67.41128928
-36.46345783
-5.78032560
72.50517543
23.16091258
21.37599223
47.18819141
-26.26415268
-35.29246343
4.36432212
37.13150415
25.66111617
0.00000000
24.21445228
17.05358167
18.16177914
75.72220496
52.75337325
-1.97281828
27.71575043
30.52786949
-21.52111306
38.04708876
26.00005832
61.96486575
32.64596345
67.78875074
31.52638065
33.38010683
24.55851828
32.08153771
1.18246692
7.32731929
-11.33078055
-20.78298364
-16.58074422
38.63861247
28.71114533
78.63714277
12.58895566
44.36413058
-30.60861328
41.95273914
-36.89433154
-9.29816438
63.27925112
32.52169146
35.65441939
99.69891978
130.30213035
63.46764104
-0.04939184
40.99232663
57.01715383
65.82828111
26.94429435
15.49911300
116.17134951
74.53913653
61.50916570
63.12556884
50.80488815
81.21167920
45.90774043
16.26945257
21.34438966
41.79320486
20.42631653
5.78042201
-12.18899022
127.54109795
134.98040277
65.39439469
169.43070668
155.86456256
66.62566967
-29.95271232
-3.09839484
168.01554447
89.29106015
55.05434381
205.91792635
7.22458761
22.74511129
81.66583285
67.37296277
93.46041597
0.00000000
3.74492747
35.89101994
18.84893095
133.94307270
77.32319052
24.63589550
74.52896463
64.38080812
11.23656220
71.43737619
51.15976608
71.15557957
75.89657966
140.82359204
91.80608563
47.50280250
27.65296220
51.91015157
34.30586350
26.51917016
73.02075634
-24.34480198
-17.28016492
53.95593070
28.67386508
133.83682542
74.82854692
103.80102260
-61.79738478
71.00572283
19.01373067
84.56335491
163.25558228
