-9.83026706
-71.55242409
-69.39414814
-11.67023221
-15.40820136
11.84064589
10.18912715
6.08347065
17.17118061
-21.80658703
-8.38666614
-8.22569711
-41.92382193
-22.20509671
-19.29240300
7.93879129
-9.94394932
0.40390914
-40.58938245
4.72705749
-33.51694467
23.08025347
-12.17551380
5.99411702
-46.65576031
-3.91661018
-44.58690616
-24.84085616
-24.03708743
-49.55552487
-37.74768886
3.32890730
-0.20681263
-20.90094269
-12.60357232
-19.78932554
-26.34968298
-13.83955740
-10.06089716
12.59378108
14.39606328
0.00000000
-64.75310617
-5.65670811
13.70191687
-21.89845980
4.90856495
-4.28322502
-3.88292673
8.42349095
-28.08738610
2.68450340
-11.62212167
4.08517206
-6.76836828
43.56167061
-16.53405021
-18.63418615
3.45763505
-23.91589077
-20.08071249
-9.11104632
-26.12479714
-21.00661058
8.66431843
-25.59971400
8.79875837
-20.51628346
-22.35092830
-6.23036457
-18.12532991
-6.31307486
-31.53850556
-6.16156815
-2.50613015
5.75575970
-45.92918424
-12.44610630
-13.55037519
33.26106416
11.61529015
22.66793244
8.71746003
21.02799294
-10.64136673
22.55917583
14.26322482
9.15072482
41.51030628
33.80011216
10.67951817
18.17632172
23.59454551
-20.30224390
-18.62266563
-3.57416596
15.24882479
-10.74889175
-4.32245275
16.24314300
17.05382573
-21.79466737
-26.77486570
-14.69537374
-25.47308343
-28.82982313
-17.07391501
-18.95216085
7.45995794
20.04069920
-16.17316702
-29.93488702
44.55108559
22.08785061
38.21358410
28.14352629
0.00000000
10.21492323
-11.68103815
17.88068450
-5.66195142
4.62016529
15.20966313
22.64262434
17.90587282
-12.22717962
33.34911864
9.20114375
37.84197682
8.66080496
62.65508021
11.67956186
20.10862774
29.61493512
26.22277919
-17.02798533
3.60748882
0.15783816
-24.58957039
9.92145567
-6.41608163
20.86766340
-0.53871543
11.34369726
-1.31087728
-32.58135422
11.66122797
27.71775925
19.44269596
-18.62894818
