63.42682960
6.26170601
53.59484079
24.41665152
134.22718227
41.46571255
41.59042602
38.22073888
25.32563570
4.77528107
-29.35391044
50.21541292
59.37860626
54.72720023
45.32910441
40.21053635
9.53049152
36.13961322
0.12221158
-0.11933481
3.69178556
-63.49728238
5.75177188
-6.72777240
13.88250656
0.84833743
7.85940564
26.99448881
44.74857467
5.96821116
47.36009917
18.26938388
16.20493064
44.22949267
37.51779544
18.58194304
6.81093464
-17.59472754
36.37668402
19.40444207
25.63736147
0.00000000
23.25442210
58.04403122
-52.02253846
32.59860144
30.78491046
15.69210702
24.70032722
30.98433484
4.27590252
-38.65788358
29.01038810
43.23811646
18.90389166
26.38106956
-2.78663704
2.92127967
-28.84530179
15.16724313
6.89769460
-22.08630427
63.41413300
3.61694356
16.87645538
-10.33221204
29.46880513
35.57837992
21.98770483
19.30019477
48.89934028
14.18101754
5.78177230
-2.56712926
20.89899064
103.38263160
75.31057665
38.06021769
145.01384884
29.58360008
51.02078198
37.01732930
41.54301477
59.37829521
23.19521102
-41.43939533
153.98934213
134.99420632
138.83608109
109.31027770
67.46791801
39.48761659
62.20333425
60.89978618
42.06360812
40.09973291
-16.07924693
41.49629035
128.88167154
152.29019835
128.32600442
80.74335666
87.41962385
123.42338095
42.21527583
46.19138999
70.49867122
108.34327048
125.41983244
103.36879186
163.55907288
60.79870632
120.38156994
82.86898476
85.37584983
53.87289137
0.00000000
8.40448653
79.68072856
-33.84336652
85.30285764
48.20675512
52.25178032
73.25861415
67.29052428
50.33508102
8.89913240
79.27615580
53.19696015
58.97799611
182.62139782
92.24858540
43.78727296
57.53851179
70.81946681
49.87458740
13.22024664
149.32754157
35.33685834
69.10923486
33.77548021
36.15377519
102.63135546
88.54996401
73.06710279
69.35377071
27.08016260
78.81891379
70.71979120
94.05688820
