-66.86584929
-27.18638503
-109.31665827
-68.19865754
-4.74021204
-31.98360351
-39.36061199
-35.31041965
-18.25749353
1.83951934
-87.09259153
-4.70824985
4.09173461
7.84254059
-7.37513337
-34.62290276
-15.49425768
-7.11298901
42.25069555
-29.16471787
-10.20860658
-30.22093444
7.63594595
-41.09584025
63.09029892
-1.24246535
-43.96572030
-41.93832071
-26.70352926
-31.40855490
-64.69741250
3.58400303
-72.93397885
-88.04930572
5.13376884
-53.80682750
-5.33410967
-4.25883816
7.75200183
25.09846143
0.06130928
0.00000000
-78.42985433
25.27967105
-21.68466416
-28.10647357
-8.44989702
0.54945972
-1.63761227
1.92670137
3.14791541
2.47795126
3.55031072
-33.14588162
7.67511628
25.23757463
11.55996335
45.68252072
4.18428002
17.66123047
23.96414744
1.32510689
2.37368892
-59.26405355
-44.47525893
-3.57558902
-28.23863699
-22.56925011
15.91483983
2.72475318
-78.12508642
11.41966641
19.35764820
17.68719660
-38.70003296
-106.75068422
-64.97403329
-59.03233506
-173.70114977
-51.20894027
-40.75007845
-23.56551760
-27.94031769
-20.95373941
9.48853273
-63.04787840
-155.13040839
-142.43659860
-45.60961508
-103.30657682
-35.34261986
-80.95353827
-71.57349721
14.20961971
-3.96732535
-14.95306832
-51.47916322
-10.43036648
-91.43376122
-44.98714498
-74.03927810
-19.50646595
-145.36756105
-98.10117198
-53.43671040
-51.26547111
-30.68278196
-146.45158368
-131.54808787
-50.28805054
-119.35888618
-25.36701802
-2.51671158
-78.84913397
-48.92895257
-57.18090665
0.00000000
-33.31275950
-15.45609943
-28.55501510
-106.21453355
-30.51839869
-62.78980603
-41.61349247
-54.64584693
-3.77283344
-7.78920293
-58.96529961
-81.72793696
-30.51915405
-60.83842053
-55.69162027
13.96649473
-3.85467494
-48.72167308
1.89827215
-14.62819310
-85.30076644
-55.76321940
-97.56760180
-25.50507646
-21.15769540
-87.71497339
-42.92257715
-56.70691957
-107.05575031
3.32910264
-28.61704543
-33.95760620
-138.55749079
