-95.00214153
22.13233320
-46.83160562
-23.56275592
-103.87874489
-37.38377159
7.87605472
-16.33702987
-48.44318723
-65.66792892
18.66403540
3.86159660
-15.88178188
-14.50709298
-14.72524131
-14.72542035
4.82096926
0.45514903
15.19353678
16.77367815
21.98908371
36.91360228
-13.65476772
-21.67112219
5.99069408
-11.62885251
-70.28729620
-42.34110786
-20.16390016
-38.21669569
0.45954000
-30.84093330
39.04861229
-1.09003427
16.14188614
39.12188437
-11.27916084
10.97717716
-31.90720863
-12.31027857
15.47235750
0.00000000
14.50481102
10.60956610
35.63181416
-27.61789867
-13.15345813
-8.95285867
18.26120681
-11.25861972
3.16973082
48.16353565
-38.57676781
-31.99411567
-12.47444237
-22.37056582
-22.68870540
11.73127646
-3.88665815
-7.29487047
20.60518176
9.74531254
-15.64410396
8.99915955
-34.29545250
-0.16830207
-33.53183355
-35.20023299
-15.09466332
-7.78712229
-26.50477381
-16.87725156
0.89846452
0.30684822
19.40929373
-36.75260085
-23.04544883
-53.34902840
-47.55042114
-41.34474993
-35.69321060
-2.60877653
-17.32694930
-27.91548475
-63.03574711
13.16529717
-18.61676100
13.32693737
-51.34925237
-53.04911667
-11.74596959
-18.52251915
-11.78450278
-21.78366116
-57.42644206
-14.19389084
10.82556899
-6.96602077
-19.42412590
-67.10218310
-65.33204037
-157.94626925
-93.07008647
-100.03220266
-49.94641791
5.29487899
-12.34154339
-31.73002529
-62.35061639
-33.76385658
-82.31942576
-31.31907160
-50.86909754
3.59145254
-9.40319846
-19.41203072
0.00000000
46.26382314
-41.28712767
14.01831149
-45.84063537
-39.80134161
-20.69573412
-23.55504511
-25.93689715
-27.60902515
-3.51856901
-33.28201794
-20.05087692
-28.10551106
-32.44931877
-86.73982801
-3.45301820
-71.88794051
-42.27948093
-0.70037325
-18.63312106
-56.78139980
0.62687923
-54.59978664
-34.42489816
-16.48942688
-65.79654217
-24.97543686
-32.56300499
-26.44915404
-24.86010224
-17.97511290
-40.60866044
-78.77214555
