-44.15153254
77.84001856
94.34993248
23.86515142
-39.70053703
-0.15373450
1.93407776
-10.64619847
14.09920397
27.00189016
114.27253386
56.74732811
-8.94132573
67.57116693
-20.18503877
-33.42683020
15.74056614
28.19933147
6.47665823
88.75058844
47.44435628
9.00267283
18.00062723
-36.95683632
82.82766766
36.80605955
104.99677464
-78.37065125
-69.49113501
107.17410729
12.80972225
34.25088219
71.10292567
64.53959526
52.99419882
61.61004506
48.99055055
48.47088141
20.50121087
53.53211199
34.69563816
0.00000000
-5.15189472
47.80412143
23.79299418
11.83175190
28.50064002
-15.30496413
46.18872264
16.50552651
41.05909684
-42.88449167
9.69765779
3.65991465
-22.73270620
29.05691328
48.65085728
-16.72723752
65.40303509
20.90860136
22.32972487
23.66424223
0.50872550
-2.31694435
-59.51595453
98.52535977
-2.84481761
27.87109794
34.85457068
7.09589217
-32.48011817
14.69551179
35.84997577
57.27459149
76.29870570
-71.87327906
29.37729869
-15.90334644
-35.61163386
-11.22090635
-30.87570082
-12.99271793
-10.31681924
19.17194297
44.16864228
52.87490044
-30.63135848
-35.36088630
-100.75419793
-90.94204365
-54.77980513
0.44346284
-20.33212836
35.36665867
153.03280200
2.99168548
27.13007435
19.32150883
-42.98433306
49.73837318
-42.23869677
130.06987083
-69.92433640
-99.04492638
85.22833833
10.80447191
74.63884110
25.84083322
-50.20170949
-31.75527000
-14.61700430
16.41700007
-4.65747950
-37.71606494
-54.69819593
-13.55980660
0.00000000
-28.78193460
4.86200027
22.55206887
-49.19901785
-4.72762418
-36.02054767
-4.87879816
-35.41457566
11.15049669
-66.91520728
-56.94498244
-67.25579597
-57.90575594
-1.38441865
67.74499205
-95.17357772
98.72317149
-38.94987833
26.25762567
6.72304072
-72.31357960
11.42807453
-32.14403821
79.36955434
1.07771655
-18.58218575
-35.47190573
-51.49724040
-8.62418707
9.25038613
-25.20746862
10.84487337
0.48092131
