68.22081918
23.43829297
48.03572640
-0.43121124
130.15778914
47.75234158
24.81335448
21.62588613
23.91233060
36.70481703
64.79334148
19.85958295
72.71090285
52.93171489
96.16150563
83.46539669
24.67912654
31.28718812
47.20811237
55.07202665
7.64548036
61.64795139
25.28658846
70.58934151
26.95774839
31.75020819
18.91578232
21.06795362
30.17682314
20.41198358
82.10249726
40.73398111
24.57845855
25.94192687
20.55569743
22.71604550
5.62999814
53.44001839
27.34317542
25.35174687
12.60770398
0.00000000
9.31484887
14.05667937
65.34513229
-6.33780114
3.16552698
56.55116066
13.51909099
9.45446806
27.20118989
67.70194442
53.37233789
81.38694886
62.23103055
40.46085179
30.96266409
58.27865791
64.66004945
22.63291016
23.80886967
51.74418401
68.27050601
57.82628938
91.01069606
24.26560104
30.96278120
-6.57431703
26.03999671
23.73775860
92.70874659
17.93955691
55.32628194
26.13704223
32.60057712
45.93870342
30.26506596
56.57225232
-31.50501722
65.71750825
37.73787702
29.05532368
16.82845324
38.28963403
33.10278646
43.14920896
39.48014707
26.89723632
41.56286096
61.08871541
54.37029391
25.44565743
45.04822045
46.16578105
-36.61667411
13.80139137
36.66066304
9.69726385
59.46079463
32.75799450
20.06794245
32.70372312
34.96628683
93.99585384
-0.84786238
42.26065489
39.02266253
39.42702859
12.76695734
27.69919533
27.16446314
27.71077741
37.70046513
10.31467349
35.68806972
31.11952899
0.00000000
-4.63418499
12.69671746
60.80676001
24.63089390
28.03646509
44.25628726
18.43362334
17.44187128
38.51526786
36.82327126
31.05980829
49.84980855
71.08183855
13.56606072
-6.15178352
51.81886677
59.88454016
58.97994397
-4.71238540
30.05909275
34.92018245
39.41015855
68.19496387
24.73839880
15.69749840
4.10728389
28.58651612
40.61197018
50.41973584
24.56814617
37.59307714
36.79497829
58.45355700
