-139.74484959
-203.11416584
-292.98055631
-106.36454248
-101.10240687
-67.26013164
-48.90308206
-63.11692083
-88.63141950
-53.47209813
-151.56809967
-64.70309731
-129.18220125
-71.48231808
-100.42173285
-100.36151564
-37.62666590
-42.53023540
-162.44943259
-144.51971785
-119.27276285
-157.27409741
-9.85480721
-101.54533284
-183.51304140
-74.72488433
-241.90216693
-141.59424923
-101.81421247
-213.91781738
-104.48267628
-48.28586843
-104.44769718
-168.44368581
-52.15388300
-149.03452673
-93.76794557
-141.86169600
-94.08529382
-10.01171582
-53.54569967
0.00000000
-186.58878328
-6.24329622
-102.97924274
-95.69381796
-90.97874504
-44.57446181
-55.32116181
-20.85492674
-41.13831880
-130.12214507
-65.35209888
-54.44440180
-65.60402418
-125.03655564
-148.91506805
-169.63624389
-176.56906376
-171.74006799
-99.25703342
-63.37806995
-128.03741110
-89.23849483
-98.45189378
-146.29935624
-53.51461875
-111.77739226
-44.62426237
-59.14492682
-138.34733404
-97.59699147
-99.07801385
-99.39461130
-88.24996361
-152.16439211
-305.06634967
-178.30016750
-167.17304549
-90.86102860
-63.49238841
-32.46653775
-56.14947221
-90.15028752
-83.31904549
-171.49235006
-117.69716249
-127.65193813
-13.91599266
-149.59739079
-87.76283066
-70.57232916
-67.76008310
-210.23193814
-187.67260408
-87.64275319
-145.93253255
-33.61309436
-125.83985341
-215.29167491
-98.12165796
-164.87649189
-227.04733345
-140.17793400
-230.23605022
-87.06602321
-92.46386633
-247.01174909
-254.86073322
-84.82887270
-173.51362026
-119.39563473
-178.84564983
-56.93899328
-33.56953916
-80.92783040
0.00000000
-159.11682105
-52.78067967
-107.98745919
-148.31998963
-82.55032465
-38.88952746
-86.47287728
-45.58359146
-43.73289054
-130.51797159
-113.48146574
-92.66796899
-103.18346221
-102.18122187
-211.86970574
-187.13331556
-244.41163886
-248.95341715
-59.78106364
-70.98586943
-71.67533241
-89.37167142
-131.49101150
-176.66672899
-32.50311447
-148.70321042
-74.91623152
-100.88542532
-178.51968255
-89.80445174
-123.75924448
-154.57427398
-204.94959666
