-84.86057915
93.18429787
97.43512989
2.39964987
-114.73878995
-33.22026452
-24.68215191
-22.83126114
16.07340722
22.21704761
130.08327301
45.43978814
-37.31624033
9.38832176
-84.26554938
-98.51984437
20.51321526
16.10113765
40.43301078
138.38373314
41.88162622
66.49865029
35.75832863
-42.21574069
120.67374897
75.93810565
120.07168399
-132.32306525
-125.57994651
122.27436663
-30.10880479
19.05777445
76.15746629
79.95328660
55.16042520
96.15792330
38.58312679
90.89131431
-8.91238271
14.03335176
27.51461196
0.00000000
83.26252878
38.35892430
47.98208651
-15.53922115
5.77545106
-33.84805791
38.12246064
-1.48727616
52.45774461
-11.10725027
-15.36073484
-28.40337663
-66.90409431
67.78239863
54.93833875
-11.52002748
63.59409523
-16.24981358
-18.35544929
26.42276459
-22.74115787
-10.51666394
-82.47179721
125.02691920
-6.96164795
17.20170037
10.46626863
-23.85680649
-70.46569390
-9.77268190
32.35473810
41.14771136
98.28748000
-44.92617914
36.49651338
-50.17693817
-72.56735426
-46.15116363
-64.48652667
-25.73724750
-17.55199816
24.64528573
82.89220537
69.48012900
-6.68726942
-68.77051892
-97.78423140
-100.17003408
-108.31444299
41.22627272
13.59491335
14.47328047
208.69357109
1.03599386
49.52980391
30.91277795
-74.83360153
148.57934260
25.46114556
212.85395923
-71.35220358
-116.52102470
123.64673832
-61.15644221
69.06515408
23.07355176
-71.26014918
-14.03562731
48.91182208
25.03410018
-14.90041756
-26.87131300
-49.07084587
18.68332668
0.00000000
-0.39110120
40.50520694
48.58804843
-63.28619306
-6.49511912
-31.90862098
1.14986198
-27.41837267
14.71100827
-12.23390161
-59.30153094
-91.51690136
-99.39652395
130.43966750
126.50126622
-80.83501833
130.63445451
-140.09166611
8.65877074
0.81811064
-79.68419078
4.09429673
-25.10555180
98.61903005
-0.75304488
-9.70137249
-38.24457070
-55.06322828
-107.04898246
6.78881955
-8.29648201
32.43080848
39.42332130
