69.72730778
44.98887425
127.87657537
39.79468517
134.90548477
23.87496342
45.19123569
52.99056290
47.40756441
19.74705870
46.49254653
54.27498016
14.48563849
12.37983220
44.46333589
49.49467944
10.88171204
23.76548136
56.18624007
69.41962771
23.48991383
28.59803266
6.19098071
-12.03633919
6.27334639
21.57789516
58.38049519
108.57731621
119.02292164
54.89641322
-8.25766509
6.31700915
75.54282059
25.09698501
24.62469352
43.33158681
-21.99179720
-70.81571261
1.01477534
24.32823706
23.53346457
0.00000000
69.56072450
43.96420895
5.86361437
75.91219264
61.82062331
24.59251588
25.14415546
28.61976802
-14.38532154
31.45475077
32.93955233
62.32657990
27.14521060
16.19449408
29.61962849
60.61927795
25.31434778
39.20485329
5.85286100
-1.90721906
3.03141198
-5.42838424
6.39448262
29.30585082
24.77639917
80.97765876
20.65314913
49.48647738
0.24949409
41.45564920
-40.15838461
-27.08356598
53.24163817
84.96129481
104.08752530
99.83300295
148.39956328
106.91160534
14.90771875
38.76110749
49.76139494
60.04746435
4.58314531
20.40075762
143.72119388
103.26570159
68.35074417
97.64216399
49.92102565
62.44844041
52.68186248
80.15991126
64.03336192
44.26399984
27.12156194
12.20228300
25.06964010
126.26856790
113.69204063
36.88854007
113.29661996
122.55422670
60.58149279
-16.86579754
6.16769742
181.53099766
97.05316189
56.44690486
211.45922874
23.84949171
30.93526520
89.95310986
69.99655669
83.90625472
0.00000000
45.62729902
42.95120725
11.75228549
125.58991847
74.23706723
32.15516835
72.04454527
69.79024852
24.60285215
56.96844986
73.72172484
83.32699434
75.44142265
124.16271383
103.46968665
79.66134035
62.98128401
77.73045502
38.88462195
21.29681798
89.86569251
-16.63571089
13.87968646
63.68687233
25.13352430
120.02791726
88.53167764
94.05496946
-47.07619229
69.59219902
23.43523756
62.73175917
152.50537664
