23.68015560
201.65343202
297.99503886
18.31443914
-3.93933060
50.26792409
72.28502773
45.23215999
53.66377064
80.84000455
173.52431931
-22.33714244
-16.71645578
-80.71910460
69.27374266
88.07467552
3.01124974
15.85635111
119.64948950
102.11159909
105.53234011
176.07783812
35.26845376
13.09973212
80.75380416
44.80885627
220.56400241
126.29365957
64.75709531
205.03130408
23.97173778
-25.81761213
62.74354385
132.07154958
4.24594527
91.63108368
99.52573669
140.40133212
-33.11676754
-83.87998246
10.70293105
0.00000000
241.93917900
-22.77674275
133.49332654
21.09431670
74.91433815
50.18371544
5.57811433
-2.40690524
75.25897046
91.05773810
27.05439207
90.36582366
40.11606000
101.42721116
97.99712091
134.58041096
137.95349877
78.89160440
58.78911039
57.92988942
-0.89021615
6.07000392
3.06494285
101.09198497
56.87923081
61.96212567
-8.48024478
16.06874726
-3.28035908
67.99985489
87.66346828
25.09811294
78.79873470
50.32576217
273.62652392
179.02592614
116.84873373
51.88473721
27.97290768
60.47287078
51.27059131
77.72063342
88.09191559
166.34014393
178.33960855
126.28292401
-10.58398434
169.48359878
87.12427921
152.70024785
121.60293631
58.74654581
59.11085780
74.67963406
156.55862486
77.61764941
61.15491978
88.85408091
109.77725185
179.55506431
242.77239976
140.60931201
224.07495069
-35.88015090
-11.50664174
239.12899258
136.00799831
111.75578379
131.78955796
127.53862190
116.50415573
80.75924268
62.95098346
94.72832248
0.00000000
164.72380587
102.39475854
127.51663852
140.07440019
96.10503433
106.76380944
108.32212008
72.86167736
91.43383521
138.77350715
104.60253803
137.72278680
112.32140836
130.23382555
188.18642165
138.44784951
170.01553038
123.51419919
44.11919449
62.32066850
104.47981509
27.59451891
83.33390665
126.88826340
43.58146138
148.44586254
95.79210425
86.66162135
-45.29061957
61.01243585
156.67089989
138.80961360
276.98721547
