-8.64528703
-71.08942567
-9.25498314
-29.57024746
-5.13879446
5.31663033
1.38819890
23.55466633
14.70239952
-11.75997546
7.15841240
-24.90594590
-55.47514307
-32.16542784
3.49480189
6.76280543
1.13267843
-7.75043666
-10.52636563
29.44516275
-18.48173793
13.05651406
-16.01058975
1.01001170
-19.11326880
10.84246060
-23.21319326
18.46058720
11.52763379
-40.99883812
-37.82524564
7.81255442
-10.27058595
3.74875445
8.96439609
3.81227509
-10.66878772
0.78170250
-27.27370329
24.80874995
17.50529127
0.00000000
-54.22071286
-18.69152024
23.17644061
2.26295361
18.88199281
-10.48746245
10.94106070
7.36992210
-29.32994608
10.50899757
5.55131075
36.40263409
14.68186955
56.28615430
-11.89824618
12.89480786
31.52451351
-3.46136204
4.19102771
1.77376526
-18.23738214
-28.47749482
15.72170910
-15.41630816
5.10373895
1.05538722
-5.48373654
23.28043085
-20.46664551
-3.51270716
-13.61520267
8.52774211
11.22274959
21.75581485
-22.11090172
19.01747352
-44.97411878
22.30643334
16.32112788
23.89047586
28.86215813
42.48399833
4.43547271
41.31278211
-17.54519926
-27.58966475
30.11019808
48.68097375
18.91990162
-17.03379237
-4.73212540
-13.36452266
17.04552685
3.31172628
23.64270379
-20.67739799
-22.48989738
49.74493692
21.06617281
45.43010406
21.78660607
21.05388315
14.15257286
-17.03522639
-15.10944665
-22.75992289
37.30847341
20.04518148
-18.04013477
-13.29013596
47.07170628
5.64784940
23.40339112
17.56904775
0.00000000
5.35576935
-20.97975685
30.31287510
17.21875705
30.05667434
-0.80465026
-0.55197468
2.17057409
-3.67082527
49.19082277
21.46543413
52.91674906
41.75137175
62.86327224
32.97590269
19.67171128
61.68594529
64.75042481
-12.54228540
13.23057974
14.37837775
-28.96772514
6.48942318
9.04661127
24.02321157
27.22664147
15.93896348
22.44130414
-39.64566008
14.20842789
32.08839909
29.67670128
-0.20530426
