-9.58945930
-213.29410549
-52.45472135
-86.66002878
6.85560743
5.99263333
-5.70371789
11.79004484
-53.30047437
7.44181859
-46.91062617
-113.43530493
-66.78706450
-132.44152379
-24.57126366
22.15289121
-68.01415112
-79.23114506
-95.06122619
-149.91777659
-109.46641615
0.42346758
-55.02516761
7.17923774
-328.94315138
-102.55454843
-189.80051680
24.58558021
5.97251209
-141.06979833
30.48011822
-68.09236245
-128.10364564
-160.68968390
-129.61361461
-161.41064287
-123.38056775
-104.96064047
-47.15017063
-91.10520069
-55.31925403
0.00000000
-270.64162795
-88.64185118
56.16458675
-17.21804373
-12.49712837
-33.01986894
-98.31676836
-15.06560396
-71.32989981
48.14043738
-44.93007465
61.32542089
3.63241861
-241.55609813
-106.62594846
-1.21405385
-49.73439502
7.76433820
-49.01841490
-5.63936713
-81.70191439
19.89864534
40.87058433
-64.09691902
-2.69579050
-46.33664436
-78.87795193
-7.36577694
59.08002798
-43.28686024
-86.24506060
-98.53864700
-126.22153960
-38.93621027
-230.79951072
-1.74699327
-104.30836832
-41.30048201
56.04638235
38.13725498
23.91333251
-54.35824810
-39.36603487
19.60424937
-64.84258836
-100.91944268
17.85824919
13.37084070
30.56991881
-74.01861877
-26.73874195
-156.61451574
-173.67019828
-63.51832379
-34.39784221
-74.78402092
1.69568790
-229.76046549
56.36773546
-4.83130139
110.60254916
59.12051316
-60.66785722
19.92761601
-99.54388126
-186.23146308
-149.74464953
-107.13831435
-144.70152692
-119.01515132
-150.47685777
-20.25830577
-12.02195187
-27.38800385
0.00000000
-93.85532348
-108.20689543
33.66252156
45.90987792
46.83506132
-9.73917172
-93.87469425
6.06655019
-71.17425783
-15.11845090
-20.58495219
69.12554163
36.06507070
-77.37217561
-81.56501819
50.59935091
-126.95183689
24.49179358
-94.04133040
-27.04624832
-34.39629832
-30.22140616
5.24215047
-65.27257677
13.68922238
29.02447913
-10.59599244
22.63559185
34.30253576
-22.36829652
-73.66795504
-79.52021718
-188.27420178
