58.28450256
-72.59264381
-28.46837922
2.00730744
68.29361681
12.42298829
-0.99159107
-29.10532591
-81.66766418
-99.11118173
-45.55424900
-24.89095412
11.34117273
-20.00071638
7.64156793
16.07581344
-15.78216826
-11.30889667
-50.22892199
-53.48119670
-33.10717287
-117.47514553
-27.45158342
11.37156940
-17.60526057
-5.75721949
-41.24624424
18.87576948
5.65955531
-88.99166018
81.76571683
3.50287982
30.17514126
10.70044088
-10.79943252
16.05271617
-7.36002435
-19.85624005
-11.81365442
-35.74866929
-16.14555553
0.00000000
-81.70511884
-57.26633589
-83.12654457
-14.50820767
-37.75136794
-11.09760037
3.92909894
-22.88067900
4.51390540
-89.91865390
-4.30365080
-9.73039105
16.03408704
-93.09725731
-43.05461261
-79.82816722
-29.79681181
9.26970500
-9.59144805
-20.60828881
-18.34995155
62.69302246
12.81306442
-53.04111672
-36.85582969
-14.88231055
-13.73491842
-4.44034956
79.16675876
-40.62580651
-6.87127040
3.21653501
1.72233766
-33.93772011
-71.46888066
-2.52109595
12.67242214
-23.33576237
22.90452782
-18.15074669
-22.64693941
-84.59391481
-125.13473444
-89.87066074
-49.38234588
-12.86227949
-59.72636516
-40.84568819
-2.23750397
-19.16628259
-10.84958510
-23.78214127
-125.30092745
-32.71457086
-118.19809253
-11.21457456
21.70576172
-193.99129050
-19.68137431
-62.76496411
6.96081414
-7.22659504
-92.63040508
84.07172558
29.06178444
-35.80733918
-37.99585488
-16.02394426
-83.69536865
-4.07316738
-71.13554302
-31.65156698
-58.27574783
-44.19495358
0.00000000
-99.94086091
-40.41532807
-107.37804545
-37.30483864
-47.32949860
-3.19896896
-26.57762650
-14.99400878
-8.39483501
-121.38521671
-38.23772048
-30.45497842
-20.75970468
-135.01216826
-126.59949615
-88.09480340
-110.35691063
12.99731145
-10.23913589
-41.54178779
-9.26010859
39.08940803
5.14450214
-77.74921615
-41.43580034
-40.21086792
-42.56566379
-20.27193512
124.33104373
-59.97698664
-26.14813393
-66.55518250
-73.02454247
