-120.69390441
-23.09422594
-13.79710063
-95.10415108
-146.08543709
-7.18064886
-17.52497351
-12.95590883
14.47326575
27.86158903
-53.83880374
-102.25566954
-87.92063372
-81.13721312
-4.38701236
-9.16073947
-68.98885272
-64.19769724
9.09381076
-46.28641424
-1.28908131
15.94718754
-32.32114360
-20.14257772
-46.52325476
-59.45117524
-27.30298890
-34.64131712
-27.06150978
-24.97430772
47.32885638
-25.58346817
-123.56643093
-116.14436360
-72.98436808
-85.09517656
7.17290784
-23.50572395
-96.98792628
-49.39794397
-26.37534634
0.00000000
-40.67618801
-28.63534919
21.11906361
-37.84473179
-12.54480274
-27.40075663
-32.24213603
-52.91309065
-11.79793657
58.70832800
-22.63568360
-6.74828161
-7.71600371
-3.66456505
-18.67470506
34.92302492
0.01811183
-5.35462360
10.86909265
2.73216921
-106.26555461
5.27780485
0.15141241
-44.05493003
-0.31980212
-45.44735093
-24.43545990
-22.31203960
9.62720097
-2.63608244
-5.34026968
-25.92761227
-79.92715168
-68.10791795
-16.42068289
-31.94409754
-70.20559446
-65.64841183
4.58845621
1.10677027
-11.55603335
11.08372270
12.98018510
-17.14060773
-77.50394294
-55.10962663
-49.13055084
34.07431484
16.42761729
-43.56175032
-42.50663004
-38.41056196
-50.54472058
14.65648909
28.72695324
-16.18133417
34.75693186
-50.30217228
5.16327991
21.90501282
-15.52065949
12.06263987
-14.97057047
24.11300510
-12.13307856
-88.81550593
-79.39770723
-49.37359040
-82.74626519
5.61187720
0.09399444
-44.17797041
-4.42422170
-41.31134498
0.00000000
20.00701773
-24.03619600
27.31265046
-13.74367093
12.32438775
-31.90421079
-19.15220949
-42.30517315
1.23483024
64.21451600
5.28496822
26.34253024
32.24623514
41.51265605
1.20961922
72.78103425
28.27394381
-17.97800736
5.29472318
12.96766648
-22.16748387
9.20260438
-17.64546117
-30.48266270
-4.86654646
-18.34354363
3.54149475
-1.04953632
-11.79571060
-1.66451992
11.35369769
-25.96698766
-87.09254159
