40.03624266
36.55319765
100.11621456
2.58303689
30.27639496
10.36430077
3.75621383
42.20682016
31.57430506
48.56828932
105.20000069
6.63342532
-35.74749005
-20.33088571
29.86433850
12.80413319
12.52043260
10.67698149
44.96589885
102.86067667
-2.01899089
60.01427496
5.35959170
-20.54010824
11.05591201
24.27870344
58.83303321
4.20300947
14.57551467
58.17097069
-35.61526062
22.25586807
42.39784360
7.80191019
-8.64248921
27.61157420
-16.32648344
-22.96670381
0.35550235
-7.38294109
23.58169586
0.00000000
39.99283599
-27.77890435
52.19143203
13.99945135
26.06630921
-11.62104698
9.04303180
2.77555161
-33.28941845
43.97632028
23.05360055
31.56129337
25.33422543
54.72088894
11.51516251
76.99172683
64.49627794
46.52324335
-1.07836507
15.92078611
33.45417682
-8.47281129
-6.82231087
42.81289557
20.78921499
14.21410929
5.65367285
19.35877717
-13.21099839
10.70298094
-32.52857700
-9.06431577
37.13238348
85.15915945
93.71616662
80.26313768
34.36864773
87.02905540
17.80857425
25.76227086
37.22702750
51.78131377
50.76456543
73.54981850
60.86988424
-4.59276007
47.82274706
79.93033881
33.32590107
55.02711063
31.71863925
73.68301205
83.96024809
21.87764813
40.23502044
-5.58343918
-25.27149448
126.45037013
82.69808100
107.51930208
80.69585009
105.50732879
58.37128781
-14.17943113
0.71320766
118.32038992
84.47503091
24.17887039
125.17755342
4.64777621
43.01583304
43.86920234
74.47625713
55.04721272
0.00000000
12.71111335
-19.91094666
62.41614244
59.89925383
60.46777822
10.95107527
43.85453153
25.56163629
9.69735702
56.97574729
52.05887705
47.88398653
77.51712440
112.50658063
69.20763834
77.93775072
116.73880127
112.59554633
6.82432970
33.62826423
54.56162926
-0.03865908
5.77020931
78.51875731
17.06655175
68.14428614
42.09928597
76.39094056
0.34482517
45.31770273
15.68421177
71.67718294
137.85220495
