68.14120355
78.29609858
-76.26491943
-40.72174541
-10.56446861
21.97082438
-8.62432029
-17.25170350
20.51902129
34.59060767
-48.09543367
-17.67816245
43.49219798
-9.79359206
-4.43002899
1.62960977
-10.15984891
-8.89412012
-27.63890803
-57.99472718
-1.00309363
34.48942480
37.03656684
15.80961657
-25.99395957
0.32230826
27.62977341
-63.97714964
-74.18071798
41.83547077
-4.94613548
-37.01914716
-51.64160427
22.47693793
-18.22068499
33.23044184
8.56624359
64.75790637
45.52328567
-49.35611796
-14.74225199
0.00000000
97.66509993
-10.64355723
19.35442876
-56.16241846
-46.44809001
26.65314240
-22.61806733
-16.48232707
48.01003230
16.31779554
-9.84401151
10.39591597
-22.23124612
6.01429674
-17.70034276
-28.85722953
-65.72963832
-52.57830812
-42.23271828
-1.66735295
48.06703863
16.99923061
4.94312140
-36.92956150
6.21568411
-31.65194941
-14.22841272
-35.76660461
19.81732313
-25.40623167
38.73272755
-21.85751257
-9.55588917
118.41754001
51.29053323
-71.61262614
-44.88073239
31.90848788
14.62401069
-7.43084213
-26.30637771
13.57814322
43.56364297
-25.13222449
36.91028228
91.42171131
-18.45233760
81.33227199
25.23777724
20.09279912
36.31655629
-71.02453795
-11.72455918
-15.71045953
32.67654219
37.52201838
49.78598062
66.60331170
40.16944763
-2.74673401
-45.46473842
-39.44410243
14.95943607
-21.58789886
-2.39003593
38.36080491
-31.59773489
-23.04149332
87.78726055
35.49315158
11.35553238
31.70246192
42.95423935
4.18933639
0.00000000
53.95692074
54.27217160
29.60496105
-47.58197745
-10.37250322
55.73964673
1.20902413
6.30727231
31.88416193
-5.61345241
30.56957995
19.84331670
17.19820023
95.57412705
33.14784276
10.01216263
-51.67962312
-97.30107590
-47.82086817
0.94638284
53.67113718
21.09671969
49.98229761
-45.35035424
-0.27055921
-11.34196268
16.60773848
-13.72130572
-1.34603557
-19.68249078
43.17898511
4.74785407
133.76277754
