213.75605634
147.76719603
152.44511241
125.33037991
173.47239336
92.76208796
63.79497105
67.08423609
86.94607608
53.37987961
113.59093396
104.59904774
171.18753920
136.37110133
128.48592875
102.48140022
35.95537334
61.19315450
90.50321803
84.44651373
97.18391670
135.28925945
7.08420557
89.12218080
137.21320177
67.46776173
145.88014398
65.71807312
94.33192609
122.95173770
90.04223818
18.42058564
119.38106884
138.23239790
62.59049138
132.02109902
103.00893694
109.49497279
107.82889952
49.26688229
60.50713377
0.00000000
153.22342836
27.10058959
88.06516616
85.11477004
83.12978207
75.20417108
63.17416268
36.88589160
55.52495660
108.51950305
99.40677852
122.07463095
70.72037456
132.34541160
116.42740401
97.64986495
122.44101592
95.63663007
61.01536074
51.64917437
168.26777419
50.96188169
105.19073848
90.89456630
55.43358268
82.88545920
90.17704795
68.47673196
124.98235228
75.12934298
85.44462371
93.15747663
103.87932602
107.37058600
130.73744658
88.28693357
138.60728513
81.78524311
80.02303256
34.19193357
40.36892769
78.00819373
26.87913262
130.11166127
107.58528075
170.82352524
73.32033231
129.29849531
74.76822166
52.63421614
68.09052947
74.07792692
95.36102542
41.54867924
98.34462829
35.02792398
156.61772987
121.97770669
98.98097086
32.55338253
128.54320579
121.27498859
116.02201807
94.06003864
73.17698738
171.26747484
180.01756195
76.84473152
113.10991990
73.84467728
97.96015393
76.68553247
51.14999477
44.46485264
0.00000000
100.69019902
48.87430428
57.93695420
94.57999211
64.72174100
80.65024913
67.83586608
23.14080671
52.27279781
106.57503365
89.15616967
91.14768171
71.36637408
134.44811711
108.31861268
108.21985128
106.34174872
63.07901946
16.35194418
34.77686734
123.48565117
65.71778616
112.21127264
76.23134023
25.75384359
83.38682383
73.71815227
59.43093725
128.30254164
60.29498446
109.93160615
70.34012830
152.68353996
