138.71527164
47.45871195
-129.13301990
-45.74644533
40.10881699
49.08262832
19.74180035
-15.28439743
6.64983589
-1.13977357
-52.93387462
-3.17127175
41.97721452
21.55332179
35.25538131
27.88153052
-23.36257396
-4.55610008
-32.57876368
-35.02687992
-29.67809714
31.31523395
23.59230451
18.87660108
-27.49729601
-25.35555093
12.05739549
-70.18179812
-54.47779650
6.29605529
-6.46148638
-44.81405737
-62.31508503
-12.10709636
-16.38246235
0.95379910
-12.56618740
7.75483769
44.90897943
-29.32828565
-24.07528526
0.00000000
74.54772285
-28.17570891
1.63495490
-57.06292518
-49.07803445
29.69005946
-44.77020390
-3.54276643
14.27425023
9.57359819
16.72288174
51.61285635
-0.31310726
-10.07256615
-27.22840937
-23.41825899
-59.16999513
-72.51117829
-54.86540943
-13.76822578
65.92121283
15.38857714
13.67469660
-57.15819524
15.65636902
-35.82905370
-8.56970861
-32.69435031
23.53681584
-29.57925001
2.09190312
-59.14654859
-33.60711271
146.79187304
40.00520906
-80.12342932
10.64708217
46.26485542
29.76298849
10.66021182
-11.20648593
4.70187221
18.13378173
-38.93211109
88.35105685
146.15837613
62.71332089
138.19455381
41.55571332
54.69166915
60.71563783
-59.93403570
-27.08701895
-15.84131396
25.82887854
23.36531128
73.13117624
72.44368745
57.38551029
-40.01381687
-30.22044757
-13.15593742
-21.23041543
-34.52248656
-30.97603564
69.16944309
-22.76182111
-6.67778215
118.89666374
5.25543572
12.69697114
69.23331594
94.27317743
22.64025828
0.00000000
45.34468576
32.72158662
15.45636828
-8.36871961
-11.29460515
81.70450604
10.05092068
36.49807291
2.48601893
21.47502874
75.95590453
80.45621007
34.23674444
94.99488958
33.72907361
7.82497861
-31.29757814
-74.60189402
-37.24130895
0.76745160
94.67335458
11.68864671
56.02473593
-42.05670196
8.65959632
3.58998781
52.56589223
8.65914984
-11.27148888
-12.60623970
21.54558650
10.20457718
153.48097463
