51.11088685
-22.89553729
37.52386392
5.36879852
45.45257908
21.12883071
-0.80071435
18.43600589
13.92042320
5.04467999
-28.11291779
34.64484114
46.61595974
53.34089042
11.34166726
-0.21001854
8.37415893
21.99009442
-8.95040445
-16.01172353
-13.18877936
-64.81115637
13.58763799
8.49300367
35.16152218
-6.85182103
4.28066263
13.35259070
11.76790438
-8.02685799
18.61546401
14.92458884
15.12411544
29.93721946
31.65392187
-19.17363280
-5.29877818
9.11872024
44.67995750
25.92936160
2.04149436
0.00000000
-7.48589911
54.48380899
-39.43342482
17.33695666
6.47619860
6.01764004
5.92608848
11.44915638
-1.39770098
-54.24828007
14.90242681
-1.55638971
4.06926945
59.09905102
-0.36537257
-0.26833724
-29.25425553
-1.01614630
-10.53930543
-21.89311482
53.68459158
3.45300864
3.13914837
-17.19544751
11.10056433
11.15868756
4.40431787
4.40390661
11.75127326
-6.03818582
1.35901161
4.31758597
-6.41261287
77.80305523
53.55587669
19.78529004
107.34841463
37.79688660
32.21213917
15.84173777
26.14528091
45.40418420
46.88321621
-35.53259798
112.95134132
54.96574988
146.09035734
80.63064869
29.57584797
61.48128553
51.79413506
59.33488758
48.80255054
27.75200524
-15.33861905
30.64539840
79.62129517
152.78857846
110.12671993
102.87639781
77.41642665
93.25374703
36.44411197
23.03837054
55.01095755
66.07641217
75.35700246
79.78732800
116.30174212
62.56723431
110.94172723
63.80345858
79.79023691
53.85013070
0.00000000
-7.46975558
79.22033048
-15.65308970
68.80384289
33.03184797
30.51205079
68.85545518
48.52340648
37.72297161
0.09265135
61.68257898
21.36885089
44.96637209
166.60261905
93.21231107
44.45105956
72.95450637
76.52897230
43.02398639
15.60922272
121.79171413
23.17925468
60.23382536
39.60538207
24.47488388
80.99398188
61.30748940
60.46241745
36.80112196
25.57444034
73.89455118
70.59158249
67.17423377
