-8.20337898
-13.00941480
38.91848996
53.61388962
-41.90947520
-12.59255657
-2.03285807
-2.95394588
3.12337595
34.66115437
70.49708750
41.60371598
32.55572749
67.61087371
-17.61344972
3.52859929
28.65227758
17.72784169
-1.01861528
49.45294779
13.23785061
3.78669949
16.28560434
10.11196004
-0.12101426
8.05607246
31.66967146
36.15027632
36.38806071
26.86041152
0.81759401
33.66501732
7.67818159
47.73569570
39.14690317
1.80738513
29.64493048
16.73354215
35.57350946
46.45378784
14.98825679
0.00000000
-70.79531423
23.46995824
4.58365210
57.50565045
8.43257033
-0.92176167
7.60400926
16.87019790
7.26889150
-19.13674865
10.68525890
-11.55712982
-7.42846582
-56.55609377
41.85013741
-22.80995565
53.57715436
19.30050789
22.48680572
16.12890256
8.78338145
11.40893397
1.03212065
68.57591279
12.81617884
49.67104320
32.04208051
29.79914627
-0.49809091
32.13027432
8.53572792
43.36451270
11.72675720
-1.03984117
-8.66249963
34.60209864
28.11125948
-21.82812006
-18.90630745
-12.40715242
-2.79136745
-33.18707809
47.36354235
46.91970769
3.98394162
28.56984551
20.21898514
-76.31748898
-24.23950233
17.18717238
2.89040583
46.69022841
69.32996022
7.50832725
23.45207837
2.93920315
-21.22076903
-69.43844422
-7.77432592
58.71145232
100.74995528
58.46500156
25.07633114
-13.46843645
39.61351276
-82.41257841
-0.44297490
15.32809178
-26.24268265
22.78929208
-21.67283756
21.99422107
-33.56246183
2.18160130
0.00000000
-61.06528099
28.05984446
13.66864019
63.96277300
5.98581650
-8.41263769
-1.58924204
15.99994021
14.07193838
-15.27188007
-17.67782033
-36.25147394
-44.61807615
-106.16720396
35.27059678
-15.19271375
69.84514117
33.42617099
28.00335925
19.00317114
-33.55838562
12.35786831
-4.24574265
66.25959283
-8.62085252
54.63417580
-1.09973826
23.80797216
17.32673546
11.25439438
-8.46057262
3.51968278
-57.74973596
