58.78785293
63.01046797
154.65595932
32.71456734
78.05068050
25.95923001
37.04711119
47.11538611
13.56449332
-1.28030338
35.76084638
60.89295062
21.96338007
5.05464033
20.36333206
28.01616993
-2.61645600
29.03426984
46.72219315
57.95877934
21.18605570
3.19752418
1.18812672
6.60245422
-47.49625598
6.89620122
42.50215071
71.96224686
83.75814162
36.20495217
9.38866057
19.67439199
58.63690294
26.96057889
14.13881574
17.60892565
-12.11240877
-75.92718669
-12.20149202
1.08485141
13.07690010
0.00000000
79.81473254
33.18078639
-12.51729161
59.82346521
62.15879812
21.81886292
7.48653703
21.52081966
0.81082003
3.76365793
24.71603774
50.39994687
11.07344683
-54.97485675
14.42813301
55.44038312
16.31469503
27.57627403
-4.40278701
-12.21555319
13.88905260
1.47916376
10.16745838
23.91854756
14.46912192
65.65140114
15.00106588
34.56945581
10.54461004
20.89025436
-28.95022978
-39.36586544
24.05709888
84.55921490
119.37430804
114.83572057
146.43802832
123.58674546
19.30878137
32.89630841
41.26221433
37.91621992
-6.27733350
18.73992733
155.50644279
68.42008471
78.02796557
100.15689078
31.26869997
40.47349452
47.69025297
104.69737681
93.69732254
32.83622490
16.90761627
18.23590070
23.16942576
91.15248670
103.90299341
65.48930309
81.30603155
93.21279970
61.06301361
-29.01360807
5.42147823
145.87300161
89.78839866
55.41357673
183.18682175
26.24630758
29.77544336
74.88985643
66.33285214
67.36109233
0.00000000
39.52361247
27.64978679
-0.19507053
107.55130673
66.12931560
16.65235999
49.31840430
64.77156598
31.80379829
13.66102127
78.48999630
68.22544489
57.87465083
101.10279834
100.52607651
66.55164621
83.58393481
81.62856253
38.57701031
7.28987228
69.63139317
-21.93989519
32.35547208
69.14163464
18.94329116
107.17689898
78.19540629
74.75971146
-45.12469513
51.46169984
28.48123266
38.64393083
108.25926445
