9.03989832
41.36999207
98.73595294
12.79931699
37.22388172
-15.16725736
-7.87668119
-9.50229440
16.97925996
-0.40574190
17.17803296
-14.80769322
22.18448129
32.41324131
29.77904930
18.17182825
-6.44957857
-13.03459994
65.06719834
60.88759666
5.73638367
-17.70981166
-4.63108213
-2.51898129
161.07787788
-0.79173990
136.07657638
41.45771105
28.48610740
79.02662044
-23.41141634
18.61383962
-19.87440712
9.50825600
13.06351925
6.12536021
52.78422000
15.48569484
24.26507515
11.17210014
-8.84883448
0.00000000
22.52874826
-16.40519658
-23.91207936
5.75999679
1.83924901
-9.30507980
6.02234672
-12.66156790
-6.42872291
-33.89725913
27.13566982
-29.87659852
11.87062320
91.98375024
96.85454172
26.66735121
55.49362397
44.45248822
55.38773237
-5.13771876
35.47607338
-12.15537470
-28.84134522
68.56217233
-0.80594835
16.68416765
18.96432829
13.48132278
-36.37365122
43.60336123
19.34401262
39.29024350
-29.87985012
-19.09583270
54.74110158
62.42732026
3.22554746
-38.10372315
-17.47806545
-17.97953903
-4.15179029
-10.20105078
11.69827438
21.62841888
-63.87328799
-37.58142537
-16.96853392
-45.96662137
2.04859846
-10.29998274
-26.15798701
75.13887595
31.68304270
16.81250644
-24.09525247
-7.06095262
-11.78758687
46.77800926
-48.25973348
71.10484164
64.42014000
46.77289319
59.92512673
8.85179417
10.76646485
-48.28032046
-5.12695315
3.16429875
-74.04903209
19.11681571
36.83847343
-27.50753357
-35.52618356
-25.32616067
0.00000000
4.63929844
-6.50877587
-20.34801036
17.13321059
1.14178666
-10.96454384
5.06025199
-19.14733871
10.66415806
15.98244671
14.83165444
-49.54871809
-25.09963101
-20.12901924
65.06905983
-1.60591163
64.69256448
28.22609876
50.10848185
4.01130201
-0.97670398
-0.56308668
-24.15060155
63.84057418
-13.68475951
17.91440358
-5.39027857
0.58056929
12.75572427
19.70573411
0.06984499
26.80868122
-43.19271360
