-24.18442682
8.70652151
83.82254369
-44.08737163
-68.67036100
-27.66702735
8.91348294
-19.78515745
-16.31678294
13.67027499
93.49980469
-95.25857049
-141.94751347
-135.20793272
-7.68596391
-15.08712291
-49.95540513
-57.07192763
34.05421856
75.90216081
-0.59329517
48.26469476
-37.84679646
-41.15798991
-76.93431507
-64.71320879
32.64840270
-45.86052624
-66.22093743
58.72924404
14.97833710
-48.73331969
-89.06979311
-42.51149524
-69.60939972
-40.00857916
-22.85719802
-66.43379061
-86.59146831
-72.54152348
-40.51863846
0.00000000
123.44303186
-42.20513681
62.24778367
-52.76521480
0.33313967
-58.45880722
-49.47300587
-35.48373688
-27.92136886
43.06057436
-25.14388055
40.33354171
-24.96696612
-85.74798203
-29.95174026
41.17519058
-9.95056465
8.94248120
-12.98298414
-6.47613609
-146.80261425
9.78439726
-42.23265042
-7.52706528
-4.08679681
-46.05434250
-61.20305802
-41.80787348
-16.92032854
-7.14683327
-24.99335286
-66.01021037
-70.59410136
43.46295148
106.28899482
20.27416939
54.53700038
3.02167173
-2.80931743
23.56030100
1.60557010
39.14903865
51.78911502
84.65903992
15.41417676
35.56966314
-57.59492963
88.40752416
25.98252924
-6.46831313
-11.08870097
32.91732580
0.84233430
19.06561428
97.27933331
-22.94575450
-3.58348012
39.41594374
25.04330101
84.70898540
22.61591320
30.22297352
104.10092675
-24.50211168
-70.97318063
35.64198919
18.60231393
-37.68047895
82.74097254
38.07982497
22.68583125
24.15131855
26.33483011
14.41731407
0.00000000
137.52256063
-57.36092243
96.95106194
37.46948015
29.57228936
-7.26122993
-13.04946915
19.01568954
-2.49783178
77.65308703
30.76682891
99.93268798
54.64590566
12.83259001
43.11861000
65.06896055
6.68504281
47.07237605
23.86527493
25.35723111
5.59604811
-33.91714353
-19.12437169
48.59354858
17.31282603
25.89053142
27.43861758
22.54238182
-57.38763431
31.34374556
27.53802890
33.28293974
73.76437311
