10.44575508
216.28166384
223.54307654
63.71664782
61.35836453
12.12300445
32.88879506
28.91765350
57.73846136
105.28199865
145.29094013
63.21412040
11.97461116
31.59605565
51.38921580
46.81587877
23.08969699
34.06499857
124.33173337
149.72368562
91.94123642
145.00841392
32.31181212
-4.44236960
122.17096595
71.25997902
194.13124438
75.27967537
67.27289696
202.53166899
-7.01042594
25.67431158
36.59449991
84.94596056
18.85256353
120.57919956
69.07458881
59.52490414
14.24145781
28.00057513
45.93841748
0.00000000
244.89115729
-6.89691970
91.81538622
54.12936706
76.96549763
25.46821550
31.29462821
28.22789684
32.43196576
101.47275178
45.27527053
29.45900888
13.05007565
92.30320208
98.56476245
124.20814796
138.60478455
71.27328505
50.90031244
44.92781914
19.83409570
-2.53310527
-8.54521428
105.51415850
38.51728704
77.36088302
45.84039107
42.81828685
-7.38681606
67.68162249
41.05438747
38.25806463
80.55618541
-24.09668479
195.57146290
113.60277830
78.21167397
-4.49982543
-17.26544675
11.97649504
16.98789413
45.58751270
80.87879878
126.90414446
61.23181232
64.03757687
-6.42717398
18.02637581
36.20487665
36.95452907
13.32518506
61.65521461
153.26456658
48.86274555
160.29965100
17.16900945
-6.13621848
74.61304304
55.36710617
108.62244765
82.83811159
33.90082925
164.61105733
-10.36441803
33.73447901
137.48528036
70.50301284
-0.23523710
109.90058206
32.88249673
42.45700627
38.40786690
52.96276805
19.52755192
0.00000000
142.37740755
21.38710045
94.90127350
42.66853188
45.28324139
13.05744249
23.88272803
16.64899823
25.78054811
119.95967967
20.29502140
19.09996660
11.32011279
62.85964214
97.06659086
53.66178537
116.76220213
-13.71740798
15.93918925
54.01383424
-21.76262177
3.70300897
-10.18637337
93.87310825
19.82057310
63.93119959
31.21763201
20.59537357
-21.48820753
47.28121151
6.42610697
23.99831754
143.97490236
