-78.65986537
-91.29111023
-231.48842294
-122.62879033
-101.67575928
-64.22988079
-64.66959726
-67.27360786
-70.96869772
-107.61032082
-157.60712325
-103.74253099
-125.95881149
-111.37568197
-81.47045195
-104.38174324
-39.20285527
-57.80518543
-93.13489665
-99.77043080
-63.30572786
-125.84334497
-24.61962588
-66.31212835
-102.90424405
-98.12904711
-133.04999826
-139.38526209
-116.48939240
-149.89497579
-71.55821773
-39.62418240
-151.67472418
-134.76424972
-44.21110253
-182.39584668
-37.67998620
-95.63787002
-80.98795933
-63.11023427
-78.83109417
0.00000000
-78.19423000
6.37081647
-134.68010863
-106.01436010
-98.64913323
-48.47926866
-54.61918292
-42.67709590
-2.70167679
-92.43779655
-54.92270630
-55.84295096
-54.08122342
-167.95889885
-95.46397795
-97.18135932
-111.48197768
-115.53884477
-63.25475484
-52.95330696
-100.72287878
-69.90415234
-76.51203565
-121.84734985
-56.20816394
-108.28861218
-67.55773933
-66.23721866
-107.55163950
-87.43998722
-47.99336086
-101.74758111
-154.80784739
-72.75587542
-99.88759353
-171.79383617
-155.95539484
-30.52403883
-49.66297445
-44.21947754
-50.49595804
-59.94249605
-82.93458437
-132.75442178
-140.99020894
-180.95802606
-115.27371040
-45.14176806
-67.84321554
-112.28290631
-92.70941446
-55.45739767
-31.87545791
-38.43443596
-129.62720449
-2.64845143
-96.96186404
-118.33464609
-89.01460705
-93.69390550
-172.49540288
-139.26941556
-115.76331058
-60.29505084
-59.80611699
-255.12910907
-168.25109852
-44.30279310
-143.05146486
-10.69625929
-77.40052081
-96.08805905
-67.18354794
-94.15130310
0.00000000
-60.07913223
-7.91547119
-108.26235225
-146.09161937
-89.11509883
-65.55395953
-67.38861539
-63.69625606
6.71981588
-98.83901850
-51.52855684
-43.25821588
-54.76057701
-107.69035414
-108.84582038
-62.81984689
-93.47316872
-135.31578990
-8.06416715
-55.59637374
-103.05250319
-55.40774055
-81.90556529
-111.02928693
-34.33758560
-124.62203147
-92.27729163
-68.81503898
-109.88632653
-77.75266681
-18.58053740
-114.50134027
-209.82553182
