-55.05521710
44.60056902
47.21597069
83.32137261
-12.13461457
-25.60234101
-51.87609185
-47.48636111
-5.74125448
34.18186970
100.73794191
23.22892672
21.32660649
66.03061825
-8.41659435
-12.15505045
43.45242361
18.82585852
13.22904351
62.88936723
57.51980428
-42.72408674
36.15105029
-23.12946376
171.97992025
25.66239064
98.59827758
-33.71177714
-48.67356398
109.94386536
30.65365040
23.55231584
81.54966186
110.39317110
64.58411019
60.45942395
39.75183299
100.27959143
32.40089101
27.87335801
23.47039636
0.00000000
10.63455300
70.57200211
-13.10218861
26.68226650
13.57931497
23.21878687
45.21413520
3.76884373
36.28874363
-43.54459690
-23.11336125
-93.43898677
-29.89787268
76.90168855
61.34580529
-23.80469418
61.45504652
52.00262849
54.28229778
18.91230791
-8.55135212
9.99571307
-26.14624258
84.48552746
-25.90334331
-8.03728166
11.96304506
-19.69102134
3.57594553
59.16034595
66.30156969
125.91879006
68.67622426
-162.28095042
54.98791921
-5.79221675
5.47591556
-120.68497497
-52.22483471
-81.13804880
-56.04802496
-25.82684847
55.85750766
31.25233272
-65.22036078
-31.29202904
-100.28404526
-184.93826783
-62.63500440
6.38188115
-24.11397441
23.40262440
81.74569340
3.05119244
-6.90630686
4.88772349
-21.64472072
2.72146850
-144.37838309
22.11680979
-108.25262047
-122.06255979
59.25633395
65.78990247
63.11980356
35.77507103
52.64985788
6.36132106
-50.92212631
22.90305044
13.41970204
-64.44505925
-79.94034564
-13.01585078
0.00000000
-69.30575669
15.22207539
-16.51042652
-51.14257334
-45.00180510
-30.83851795
-3.07468398
-38.58673258
-23.96624957
-61.05324649
-108.82539111
-139.91841404
-93.22355081
-134.19128688
-30.70417728
-93.36783382
53.22614515
71.29767762
21.23174157
12.07264555
-108.48713930
33.28806900
-68.59662349
59.99755086
-33.17583822
-64.09982380
-56.91436133
-90.46777996
73.28898685
1.36646979
-44.11452146
53.80464292
0.08097414
