101.78563458
72.42256010
148.76967600
53.05073636
159.40019781
32.08070067
27.58645532
51.78653663
55.53218924
18.14013367
-1.72073292
27.19677905
43.63974475
-8.03434491
48.63937239
49.15429203
15.87430903
19.20419448
60.04101198
32.60423937
17.39671818
4.25016584
18.43412922
15.05080239
29.84849364
40.95645875
65.05024468
52.33783608
59.82494481
84.13188940
26.54762839
9.79437694
48.47124207
59.85123083
41.84878206
75.97897042
23.35516160
-7.55244723
4.66229421
-3.42412881
29.77735447
0.00000000
156.00791997
40.30308615
-32.01035652
44.91441355
38.10355902
20.55020399
39.14327274
15.46618306
14.85051532
26.52192059
13.43113363
52.50685605
21.58323460
83.54589352
11.28490375
34.79916002
-10.62710182
52.16448717
-2.99468363
-11.30522932
40.11029612
32.38156372
30.55924370
17.83712792
26.10759183
52.34208778
19.78456476
11.50267045
49.21511401
36.40214300
6.91646779
8.77917478
56.11535794
139.06297029
139.85547921
95.14444340
116.11634952
82.63571012
33.61271564
18.88053457
38.67735963
56.18966344
22.63936365
-9.12621697
102.08791982
108.82382631
1.38627729
93.84529033
59.18538272
59.58417527
42.54181818
96.79441990
70.12593473
25.01077226
14.40528076
35.99236086
85.98541161
166.79665832
124.12252648
126.28819871
147.66729827
134.47431088
99.61141449
45.97548085
56.03058440
167.55001474
123.43526206
76.97542631
200.12718307
64.43287493
105.72880044
28.97915608
41.26078997
65.77082686
0.00000000
90.26765403
58.65562538
-17.16207847
96.84093063
50.18916504
24.48396254
71.60993223
51.89708172
48.95663382
66.26120905
44.14007211
53.04004596
51.34948410
173.18062788
97.35345385
104.33423776
47.24926230
105.22370215
-3.33812245
-1.58911808
77.24446088
37.12154561
47.87132656
47.73495196
17.45315900
109.09254882
60.08419069
60.87969284
71.72725948
34.81533037
67.01345092
81.24226984
157.96075991
