-5.42854269
-16.30038020
29.38941510
23.81564875
92.01388488
-2.35776777
-36.46169650
-29.91763722
-30.72531478
43.59624290
76.95723441
-48.56836080
42.67868465
11.84557431
12.42285872
57.33666553
-4.01665456
-37.35941244
6.04814797
-29.94463967
43.36094268
34.86161598
-0.01783047
26.28620083
-1.19813021
-53.46859308
-41.92648100
18.08677233
15.14182395
-6.05232565
106.47120908
-7.74951837
24.32881559
5.80663633
-37.29095523
-6.98858602
7.28472922
21.94854590
20.44093617
-35.39792205
-0.10573897
0.00000000
-68.66848822
1.49800363
48.07821504
25.09032880
5.31296115
-21.75516757
12.82981612
-24.23572399
30.76492764
15.09372280
-39.28444036
-62.25498577
15.43049689
-58.54774174
-5.38238359
11.63215241
31.52694189
90.97356612
40.86587389
47.10040181
-6.44608426
64.76655325
27.13884832
70.35971389
-25.15277732
-21.52497086
-15.76555349
-19.28704161
105.42529734
23.48834321
35.32715070
53.50717181
-2.10426831
-76.96435113
-9.77385500
43.53269104
23.52643484
-80.98403145
18.27401435
-31.92657457
-28.72272248
-47.11215630
9.02101242
32.60613219
-111.36972273
23.66690625
-69.75254888
-95.19725423
11.42298337
-44.63956495
-56.56829675
10.73962054
-83.26880001
5.90103672
15.35290287
-12.57525790
40.29759413
-142.92755331
-129.09750404
-53.49777108
1.26483414
5.51049604
-26.90107787
146.69469308
41.10135604
-50.56249894
9.32506427
-38.15080998
-140.55460075
-8.86207063
-48.37590820
-64.55097339
-122.67900497
-47.12189673
0.00000000
-64.99852257
-23.09334775
10.78750126
-16.27982186
-24.73659447
-38.00318424
-28.78040156
-54.78612340
1.59027053
-11.87951890
-72.14430205
-69.03778179
-24.90010975
-195.49877717
-117.01625399
-22.36580873
-44.44863358
112.01113701
-2.25214263
15.40988440
-64.70000569
74.65590550
9.61421214
20.10353042
-29.56989570
-69.92271735
-77.72516285
-71.28981413
196.87055030
-6.35535036
-23.96416273
-11.63174396
-90.85079742
