178.47805544
99.54559384
107.82735668
67.00225700
84.31734010
73.06443237
31.84381974
41.12183376
29.00914992
28.81662199
41.02208473
62.68138302
119.06256342
66.21393302
67.74015882
66.05709264
15.30040408
41.70693272
43.34797408
55.28717377
48.44508581
69.65236479
8.35553872
77.68743001
19.00289269
12.38573638
77.64345800
62.41286041
75.89873629
41.80316457
52.09252185
3.15490952
85.18991955
123.09101449
42.21632226
82.61598000
25.62631865
34.69923168
69.08121528
16.71484416
19.50073678
0.00000000
147.03803505
2.39816313
32.27380178
34.78594111
30.05368924
33.10108580
38.68913932
10.55993125
34.97048520
47.10131678
41.65575855
47.41948814
25.51125194
-11.93616434
12.75871419
52.72075716
51.66665217
-3.23419457
4.49375666
23.29148779
140.53226219
45.53175156
70.05810212
33.57664187
29.58842280
29.71624131
19.24632259
22.31856462
89.04620582
9.03724191
23.86546199
1.30909850
69.85041813
137.68573232
136.48042847
56.46026984
134.54206346
66.60888231
69.94705666
20.56373271
36.88749148
34.81076074
27.70886150
72.01124697
151.68111869
160.33802314
61.48285873
151.03150152
67.84842177
75.89728944
74.30905535
41.56044772
74.13073200
37.44618866
66.89848456
28.32681852
117.49380505
68.40702166
77.67250024
25.53250976
116.35696242
120.81333004
85.55451352
80.00605318
64.43655410
193.50586962
171.32552775
92.59311476
134.93654970
15.90425654
59.38615349
101.18841806
67.12373419
52.24603272
0.00000000
63.44160745
44.93621232
28.98464304
74.97897631
38.94587592
86.97513773
78.50734711
55.34067704
22.48542171
57.96748362
79.41404548
87.05028545
68.13358917
97.03343603
45.86699057
86.69079151
67.47144181
84.78949857
1.71190907
20.12922050
148.36036293
66.94561422
115.36930257
47.34504478
23.36193247
58.57822607
57.49033688
68.09132401
144.42297614
15.11619560
57.49451862
53.98130264
170.88261592
