81.10215373
244.78113043
255.22751338
54.88465981
41.40129279
45.03686728
55.17931760
55.78786459
78.80913604
77.67204471
141.61116674
35.65296885
83.19514043
14.56561539
49.48852839
72.92737709
26.84661586
47.12659480
116.71595271
80.91614891
131.86682093
174.31635972
44.09517162
72.95194557
117.71073401
65.07342841
203.07462968
132.09191184
70.83348176
194.92507529
37.34507948
-2.80825919
86.56804805
173.96633601
36.00532520
119.75506825
117.97375315
169.17432009
47.15708971
-20.83679748
38.14690772
0.00000000
214.86242294
18.18082865
116.66433469
60.53834549
73.18174126
82.07733030
37.00227778
17.01931074
86.70340711
88.02886714
38.50867775
60.31244652
42.41723817
116.63512601
121.54208408
126.21696171
145.54678502
103.95717538
78.70088170
66.48294571
79.88976281
16.50723726
67.14758211
113.20992687
55.20677122
94.71188006
24.92851841
30.34789629
31.79533405
80.41755388
99.84106793
74.16869367
106.85589365
64.11978097
280.40715682
150.87564935
119.69001782
34.43762630
42.24595197
38.26072749
47.75183387
60.92988757
74.23110498
169.89337106
146.07089863
125.41237192
44.66844728
120.59200053
58.78472488
104.33901199
98.93562041
93.40013503
107.23985190
80.35926791
140.27441803
74.19149718
90.61188375
108.45401325
89.21667552
150.99586172
252.73166605
105.03259369
194.62418711
15.80532747
34.05005462
200.16000408
119.85844279
100.20161128
89.22841600
93.67445674
109.88137151
71.10057920
47.88973549
64.75111267
0.00000000
165.45906146
114.55222063
107.98098200
114.64523949
72.15550580
88.08591548
85.96983797
48.95156708
72.58096816
112.62420595
94.56887693
84.02924667
56.40252250
117.00914691
173.39883368
136.44681569
180.39983626
123.83476964
21.99554658
50.89323848
101.51502650
68.20551119
126.08749379
115.21270868
36.71798059
141.06522734
59.41467726
56.93285681
46.98651769
52.74799089
117.42920296
110.19116240
213.13161875
