-80.54959350
21.98573675
-59.07895231
8.80373061
-90.94936932
-27.77003576
4.25931872
-12.57587282
-31.14096666
-45.42347437
37.79469918
18.70634938
2.44536524
25.57309864
-15.69218734
-10.93898599
16.14223179
13.78095271
-12.67120589
-8.15186076
17.06990440
11.45717657
1.60869899
-6.26528111
29.28243551
7.61827846
-50.12147922
-41.06596699
-12.58075867
-20.61030654
-4.64245695
-8.58428766
49.03235892
37.43350207
40.39377091
59.84883643
-15.23100291
18.71537469
1.09105589
20.46420273
24.89327388
0.00000000
-34.05752124
24.00932071
23.30269365
-10.62647217
-8.88274724
0.96023640
27.91797906
-2.56161398
6.96546128
6.71125308
-30.23470544
-38.02865222
-16.64490763
24.03613503
-7.02545616
-30.54119447
-19.36398901
-4.98351415
9.88776304
12.83012649
11.49391193
2.15384397
-9.55601366
24.63027214
-22.46572528
-19.24896357
1.37581640
-8.94733210
-21.44982784
-6.80771162
-8.89819977
22.80043023
43.99102350
-52.46291951
-16.30672524
-47.50871484
-29.99332268
-57.40489038
-29.63566050
-11.88933484
-12.03528731
-28.72857208
-31.21332876
24.82351082
-22.04254889
36.42558035
4.83853544
-86.13691272
-28.64906454
10.20567546
1.01182277
-15.85688736
-27.31022872
-7.61403215
-8.29818568
2.80289873
-29.61232235
-27.72396353
-79.02385320
-133.70053295
-91.14786820
-64.81104216
-42.55329730
7.32563364
20.44024332
8.49674701
0.70923959
11.71785610
-44.74192191
-31.28186526
-33.00287645
1.59704006
-0.58296829
-7.16605284
0.00000000
6.78908801
-12.19953588
8.75176688
-27.63949941
-29.78206660
-11.54871707
1.68434645
-14.96158396
-21.29782455
-23.71433354
-37.42586005
-45.09485327
-46.27258815
-30.47747497
-65.19778835
-25.87790900
-51.62828109
-16.09589075
5.12559896
-11.51166964
-55.40325268
7.80751572
-40.75551792
-3.00398037
-14.82076171
-58.63000812
-15.27482805
-29.36721725
1.53181002
-6.57065614
-18.88168965
0.20389737
-9.50001157
