19.43729132
-73.09698747
14.46054222
-31.51742653
15.32012708
4.78725539
-0.05662713
33.66824312
-4.40422178
-9.85798823
-23.78436306
-17.33312682
-14.69896598
-13.19694310
33.78041814
9.57449519
12.14833340
4.48803975
-16.21122962
-11.30196470
-24.92445054
-21.28683246
-6.29516537
4.50314714
-9.96723217
24.04153709
-45.44778231
58.97349714
57.23243300
-54.88270470
-28.13745394
13.92686042
-16.76331334
1.39975696
27.38019214
1.16298742
-2.18769687
10.75939069
-25.23457470
34.10995461
5.16317295
0.00000000
-47.11238375
11.26276888
2.66948529
16.27406362
13.05493863
5.35688814
14.59878955
7.61430312
-13.40472534
-11.86668082
29.36099061
62.59779565
36.33337091
43.47677833
-31.59051988
4.55161136
-8.13550046
-13.74572584
-8.47674550
-0.30102308
27.68188056
-30.73097534
17.56731301
-34.82797535
2.14453797
11.63303974
17.27901711
42.69491714
-25.42492472
-21.78824291
9.48310942
3.17105417
9.85308491
22.91498937
-51.67440205
28.55846188
-86.76441733
-13.32632869
17.44730728
15.13232430
31.08143093
27.54750016
-3.20266567
4.64573559
-51.12522590
-65.50469270
14.84600324
39.00435503
20.52908231
-65.41275759
-25.71007843
-28.45686435
-8.64616163
-19.33034701
-9.41525215
-12.63174627
-24.56764925
35.86670634
4.21712866
51.00465126
42.03931149
49.33111662
8.36356487
0.63044692
-6.26260844
-49.60146877
7.45997213
15.95053492
-42.18125004
7.12752372
20.28789404
-24.96217496
-8.77741854
-15.56125555
0.00000000
-19.11723676
3.06890888
4.52012669
17.52259049
19.98100036
-10.33220076
-29.32766395
-10.72388151
18.04652904
-6.52445088
7.31417164
40.70490007
49.54403361
7.30527930
-9.66752268
-11.75010227
-6.40629245
23.65825611
-31.95145837
-5.14804149
22.44917111
-19.31263841
2.98702687
-23.81264061
11.25153011
25.45824060
0.57441762
34.76820256
-31.45956230
-11.48199399
20.26445935
-14.99542527
-26.92216094
