63.75370494
111.55004078
-31.61748066
74.05176082
22.31722473
21.78188281
20.45283136
0.42775865
18.87232903
58.31170832
126.36567470
83.54449868
134.64780060
71.99289681
10.29093638
6.12746336
60.44993788
67.87537894
40.03056954
35.09284170
92.25576657
117.07483929
15.89623945
85.35959151
-22.02883779
8.65391381
-23.52759055
-52.69399452
-18.71117409
31.09890674
49.20880504
0.60224732
112.16478597
108.23536181
49.87840416
58.30691396
5.06085286
42.86037344
116.46955952
28.35051428
34.28210726
0.00000000
60.38298676
60.49689025
96.25824443
27.71379970
22.59779179
76.55213101
35.08177652
47.21649260
14.18695870
99.59825847
5.93605798
3.58675182
7.53536251
-43.25169493
26.47967805
94.55270818
69.35358596
78.33872496
54.29627952
54.12729949
97.91277741
23.37069407
70.33392753
88.22431928
26.05656937
8.84951452
24.20540465
6.69938270
91.24228711
39.88591891
29.55060072
53.01914298
86.67423479
30.13181794
81.54771495
-47.95004517
43.65977324
67.43742053
31.16347778
4.43094852
-0.17113839
12.48057964
58.93496465
131.62404230
45.34467519
99.99958159
53.72711127
-22.22113915
-11.33141118
38.90762105
40.29500233
67.15281687
47.46821293
21.06400794
98.02782731
15.10192994
67.74074831
-23.98402997
-97.00494413
-112.61415991
-71.81916497
-74.54643777
13.35880306
66.03261537
10.23260727
85.06857047
111.36932394
34.70736740
-34.48337429
-8.65131556
1.15410663
30.49997678
-6.19726741
0.33085588
0.00000000
83.89942668
12.56189872
82.60944679
-23.71381039
-15.63689539
45.44805707
15.53982318
7.26284574
-17.87757432
68.28902601
-3.84700260
-1.43193670
-35.37365831
-107.10622880
-44.48622301
63.68957968
35.01207282
44.43894222
-18.89304756
25.42915030
16.47239251
47.31337793
75.64181391
62.94943780
24.34087040
-63.96340865
-17.25285189
-43.06486582
120.04281727
21.64366255
-20.04016315
20.51731127
31.61613747
