-11.54881318
-18.88117439
12.73580080
20.75235903
76.75075662
-5.04728940
17.99075972
39.88821278
55.52633947
-43.30602208
2.18675447
54.15387154
43.00645503
69.72405261
50.95883706
29.43812875
30.67102415
30.12198921
-31.12784118
12.14616968
-4.70491210
-16.42084043
7.10246786
-9.35370000
82.63867591
50.31433167
-25.21419467
46.47071623
71.60575375
2.65407262
-20.65812907
8.05357451
95.90339122
34.32962030
69.32882819
70.28690791
-17.56945332
10.78339158
10.71571181
60.00210707
36.18111500
0.00000000
25.87883307
73.27884355
-4.88100742
53.29043656
14.41063888
4.39390199
49.84827637
22.24333906
-13.92780534
4.89449594
32.49939670
36.69233548
18.73999875
145.95444408
18.82080998
-29.92462361
-38.20034067
-31.03819882
-16.83222759
-11.47742331
46.39246698
-27.16804909
4.09284312
-8.46243219
9.03672146
37.08597774
21.70072987
22.03586606
-27.99123577
-10.16217784
12.84601147
38.09914405
70.76723928
-38.43630648
-39.89850975
8.70237872
15.05120379
21.65144816
-8.95753608
8.02236735
21.03973718
47.89730756
-10.37869953
-4.07010009
25.65090716
-0.80312216
-4.66696520
31.03736310
29.91535846
-26.55621983
-5.85341760
8.50121121
40.06632161
-10.33740080
-5.43829734
-5.05684164
-6.89435511
173.54676093
6.19572082
-31.68184066
-32.33608159
0.86762813
10.77022020
-19.42333459
-13.54554815
47.19542089
12.28184397
-0.20364436
50.32708264
-11.90129550
44.34856507
-16.57618044
-8.17257779
16.36274012
0.00000000
18.73082143
2.40281044
-2.12114709
5.32934084
0.82265218
-38.40356710
-4.59720295
2.64375729
-17.99281114
-14.78229434
11.16721978
15.12400833
17.99645775
90.55957698
28.70153225
-34.26127175
-44.96899038
-38.76835359
-1.54423297
-8.66014779
-11.14160208
-29.18693698
-40.98408376
-13.42449919
16.81779149
10.10480118
7.50226923
26.00073617
-43.04639288
5.92386780
-9.94799169
7.49221797
-15.66079360
