-130.09981228
-197.27750960
-305.57908734
-106.54300487
-92.78625075
-54.85393045
-37.44380662
-51.47145131
-70.41427807
-15.24973738
-128.78857858
-30.51713654
-98.34447639
-37.84500256
-87.49581585
-91.92380682
-31.84635718
-27.86326482
-107.03222786
-100.05457587
-105.84808997
-131.11115812
-14.49138127
-105.94853772
-155.01024961
-56.73259162
-220.46839495
-129.36130311
-85.54175948
-206.45602269
-127.79328302
-37.32704886
-85.32471497
-173.55923092
-57.24749727
-120.04559006
-98.12133694
-150.30836423
-54.27568019
12.68166868
-38.90476338
0.00000000
-221.73763604
-24.14241934
-81.86767230
-80.77713597
-70.74206990
-32.34500229
-53.92160367
-8.98278934
-62.11851232
-79.43734699
-40.90854145
-49.10638786
-48.05015092
-113.28506671
-115.07005253
-103.86948650
-132.45654436
-113.72541290
-67.49839840
-50.23369910
-79.74426039
-93.41130270
-106.89903678
-109.26733792
-37.75847346
-94.67462377
-24.67389467
-37.45863361
-147.07025195
-82.16393888
-98.63719397
-91.79586467
-78.85439674
-154.55958013
-297.71993187
-166.00991432
-159.79540454
-110.77660744
-59.10167946
-17.23700688
-41.11456274
-71.63651682
-40.53379297
-145.16502664
-92.49964166
-112.42816510
27.50859580
-145.00512004
-85.28165873
-67.52445363
-42.80039036
-141.00236358
-134.32962267
-72.48357697
-128.97399081
-41.07963693
-137.95022996
-183.92151807
-63.88144693
-143.57929329
-225.49020929
-133.08333110
-222.79874313
-95.51838910
-91.10215146
-197.99639538
-177.19212756
-71.72099659
-117.26559846
-117.90089667
-149.53674652
-35.22245821
-5.27231873
-51.65422189
0.00000000
-160.82257227
-65.50954195
-84.38022272
-127.34521165
-66.27138619
-22.19668160
-77.86538201
-23.77038860
-56.69563440
-88.97706284
-83.48389236
-81.99017569
-89.37350466
-90.53553574
-167.95857000
-142.27989903
-161.14731666
-176.23542938
-34.10598172
-57.07558897
-54.91830852
-85.54090490
-136.49692569
-131.69139429
-19.93547465
-123.88370912
-40.19574085
-76.85640076
-177.74641032
-67.57719750
-121.33967911
-109.55771236
-156.09656047
