-18.05740547
62.00256370
77.42816772
57.09752507
-72.10177883
-48.65320258
-6.40188311
12.63472329
17.46391169
31.45188429
48.00978665
52.00787781
-11.60982707
11.56707621
-32.62276356
-74.25199568
17.72658167
7.09033739
73.91450903
88.74721304
46.60297606
40.04445407
-4.92657095
25.93451582
53.73634380
61.17302902
126.50352446
35.93909244
-15.32622321
80.55127414
-36.63095058
47.85646904
8.54138135
27.84753549
-4.19484566
50.11529117
33.12272566
21.19254315
0.82048680
11.35031957
24.38762720
0.00000000
82.18673388
-35.34787223
26.94120864
24.30635561
40.28871302
-24.69462691
8.95469469
12.04566697
-6.95422418
11.81641000
19.80292286
-54.65511911
-4.95089163
91.81453906
87.78950663
76.07322752
102.38000755
44.95330794
61.73630737
20.48861057
32.72752267
7.67002508
37.96210007
43.15438866
8.87364111
67.31230408
39.58932272
22.16890611
-15.14715970
35.38952167
10.13663219
19.15335706
29.74196662
43.82681129
48.84729701
11.62616639
5.26352406
-25.32558494
-27.04682801
-5.49810189
5.62236983
12.97571536
28.95552105
63.34219128
13.97438587
-53.41278411
-47.77858044
-65.48550674
-65.83605913
-5.98103637
-27.95288220
49.04176575
128.39495488
10.15315705
35.85167409
-22.05422280
-41.25135709
67.92494454
33.76028298
81.10452745
33.46334260
-42.14399691
71.47179693
-15.39874237
53.49919062
2.63546944
22.30912834
-27.80154793
39.84839929
-8.91441227
-7.56532066
-13.76789978
-15.28531128
4.06645571
0.00000000
46.73836867
-39.97771629
24.14314275
-8.54721529
17.20220327
-35.62863304
-8.33153743
-9.34334377
-26.66379557
20.28623872
-40.58655847
-59.19336420
-46.58676253
58.29152547
93.18359683
25.48441415
116.51995103
46.62783113
13.04420474
6.91301593
-45.03304859
16.29968107
7.20085000
51.84041541
7.43865968
20.32170751
-17.62771185
-9.67448978
12.03006572
14.70830802
-18.10887612
1.12016825
58.80190100
