7.61640882
-12.22589927
85.78341389
23.58509307
9.64505235
18.24458388
10.13920190
18.25982101
30.13976595
-26.34187872
-38.19944637
12.31888123
-23.28088481
-5.65493505
5.12171335
10.25280541
10.81297144
3.75806427
-34.33178006
-25.77736230
-18.60121076
-31.63773426
2.03003749
-6.38532122
55.78623579
1.49067816
19.23640539
28.59476090
29.57546181
32.80572734
3.45302774
12.76657771
23.20576844
-8.44530127
12.02760538
-29.51798731
-7.89143921
-20.52330266
-13.89526071
12.00048595
-10.76650378
0.00000000
35.16507805
42.11125127
-37.15353872
20.43174975
17.49671501
-1.44921637
2.94731124
11.56625226
-2.08371175
-27.90574116
10.10265929
42.31532832
2.99634696
51.56499156
5.55549953
-68.97887497
-63.05717013
-46.19587529
-39.15994186
-28.47385915
-0.05974849
-7.84225772
-7.95264768
-11.61331266
7.76524127
9.88745496
-10.37889843
2.30197954
4.99613494
4.06783655
-18.77010751
-25.01478100
-21.44109888
56.78334022
16.73856528
55.55956935
54.42059419
61.79975705
5.91702990
12.50665798
20.45574120
44.80531622
-23.80260360
-46.75603856
50.44892894
-23.27364603
33.75756287
77.50590253
21.74269069
30.28991724
11.06131975
1.73899796
10.02832760
12.82303156
-31.42853264
23.16843780
20.83263362
152.16836657
27.06331232
2.62778253
21.79206301
22.49185323
37.00788664
-20.81698891
1.17709915
57.06717979
35.22173392
44.00489555
53.34129278
40.47324564
67.74334073
27.63157526
34.59986835
44.18125508
0.00000000
10.17281201
45.22987352
-31.36615561
53.04888780
30.50863359
-2.04161775
38.29968931
14.27175991
29.25710131
-12.57861954
60.14500472
53.43827050
47.27802600
118.32157669
64.84629151
-40.53082081
-22.51335801
-12.54374907
27.89001852
-2.77206908
50.52264457
-24.60429605
28.13564549
10.42493706
17.56038665
50.08294174
34.66770633
47.31370596
-56.43173302
27.17486071
54.95774143
48.88781289
9.60870730
