48.22993780
-57.30618395
54.40139535
39.42826881
123.88438872
8.99876600
26.35496532
50.49679282
1.94170665
6.18927699
-38.17860074
40.15171387
33.23589408
40.15770865
45.84227042
32.93870137
36.17247618
44.22810021
-28.11987162
-62.51190877
-39.41259126
-23.45481027
13.39393925
-17.95037952
-21.76081194
57.01564847
-52.12391882
111.23499424
104.24316627
-20.70092195
-38.17896765
9.38633775
31.03175048
-8.28441397
19.21557421
3.02528602
-5.64954171
8.22145391
2.04482743
45.77198909
7.24183940
0.00000000
-16.50739471
7.52937020
-10.66423226
42.09340210
18.58746167
6.75100170
7.69126116
31.84197295
5.09294956
-22.83434835
43.63862584
74.38623054
44.70125117
28.68482801
-31.03367874
-26.67642760
-53.81735800
-22.43283149
-38.99757363
-1.92199457
66.76695914
-30.97011682
-10.77665805
-31.95985811
19.06289414
43.87997244
24.77404567
36.66066479
-49.54191059
-27.18091834
14.56608193
-19.38172890
25.18741730
-17.72149530
-93.20540812
69.18841729
-2.29458950
-8.94414315
4.93987334
27.92203103
38.52228335
8.39255848
-8.80686515
-41.37532041
28.68462234
-35.74746013
55.24821240
11.38521669
30.22216764
-17.64536754
1.95792626
-54.03164890
-81.26215518
-24.71942460
-45.06435529
10.65405833
-41.56472779
2.99782673
71.94081186
39.77208942
128.08265601
115.75927361
0.23961159
-27.22091886
-19.51414059
2.37767241
-11.17217153
20.42625807
31.67484751
-2.74900712
-2.86261318
-4.60145213
21.94961227
12.67041046
0.00000000
-45.25389364
8.88184014
-23.11453577
58.01043058
15.27799404
-0.79618227
-7.45080336
26.10807182
20.76045269
-57.35713966
-5.30815562
24.34867836
41.00076983
5.08776002
-42.97366435
-40.43281426
-117.34993477
-43.82203105
-22.03170338
-23.49874142
30.99192652
-23.82876824
-13.66019856
-46.24687165
10.37161627
62.66733468
7.58855383
60.70474647
-34.52566855
-10.75023606
9.71371997
-24.24439438
3.82139374
