60.84728894
20.34239109
4.94006311
67.50652080
50.47318096
54.20144450
19.85494820
24.96710957
37.22781646
42.80409021
-34.80562427
14.90431841
117.75561708
56.61996156
18.28174489
52.22288362
26.95249135
17.86633905
-20.73122189
-22.54071840
29.16054120
22.95578867
7.42696367
62.43417549
-26.21080708
13.22161607
18.80682583
56.05046730
53.75191068
-6.83895101
94.70515614
-12.67851547
83.12364907
74.00909326
14.88175741
81.58546975
8.90178521
21.13152549
71.31617630
-17.68127477
22.68760652
0.00000000
-53.57754878
-6.90932114
-5.96153578
52.65474153
6.81686131
35.47224708
30.15734553
-1.39447846
3.73558259
48.59061566
2.12732905
5.11495107
7.88110461
-28.12117356
7.67004745
8.43799008
39.31514309
19.79768709
3.44315339
20.25618548
121.06370033
67.46651612
48.14308717
31.65222256
37.31137029
38.97144397
-1.32334212
18.71469634
94.44346682
4.00263166
13.47674890
13.86949756
50.84004990
57.73134667
53.19203664
20.01547863
124.95600298
-22.92659006
47.53427513
11.26085779
14.73512785
17.18636951
38.90300150
16.85092379
119.52453865
148.56500421
63.69579136
89.73248357
43.64987425
89.68090949
62.93904104
5.04869802
15.57084347
29.10781634
41.92239051
14.66984634
122.89190972
10.36268965
62.36160336
18.50569692
112.22321947
84.47073344
29.70642129
115.26317877
43.18851955
156.67860509
184.43696834
58.88731298
108.87500419
26.32705621
34.61102967
48.06447180
51.17221805
45.99824562
0.00000000
-35.81101143
22.52062388
8.91454654
85.91465067
5.18642664
62.10517354
63.96904493
43.55371175
9.74941979
33.25473831
62.22298100
60.53593132
41.12731819
35.64336747
40.39692852
49.74402267
82.75578046
115.91313710
3.97779442
26.66041942
84.13050102
86.38167707
93.60725297
36.22572181
16.55127361
65.55687925
34.86513625
44.83976174
201.42635762
9.50712856
47.70464344
42.45165886
124.71310059
