-13.53871110
19.51227571
-39.22738755
-80.80830123
-75.41556306
19.91696054
13.04729813
-1.33034895
12.08341609
4.77210318
-25.67453239
-63.35420691
-67.30017100
-44.65968694
27.06280604
7.29724427
-56.39851174
-39.99306771
38.46109023
2.11030836
11.26163941
37.29261286
-37.08506192
5.03919925
-55.59880418
-51.80272779
-0.21611070
-32.79784003
-18.15380453
-19.00723183
45.85506717
-33.54765936
-105.72064851
-85.37553707
-52.31797577
-52.10851237
14.90114981
-44.00562480
-71.29276717
-27.98449819
-18.26519624
0.00000000
30.73058326
-78.65474570
32.86118710
-33.23976996
-11.53570079
-10.36166995
-36.51482276
-29.40397244
-22.50407228
77.02838445
11.88754123
43.44590375
11.63655567
-27.78226690
-10.79665501
69.19942669
30.91006876
-3.62658806
25.20109748
6.27440433
-58.47837369
15.11040995
26.41793311
-49.73500650
13.88215084
-30.74362055
-9.56446189
-12.34291810
29.21260030
-4.15242581
-8.69080607
-48.29551568
-63.69191121
18.06383814
57.32582294
-41.77155392
-7.42692182
0.75188182
28.61333999
24.18664535
8.01073266
25.21504745
8.57473767
8.71168491
8.16289878
30.07060605
32.69974018
109.67780381
37.56448159
1.82161579
-8.85027796
-0.37414364
-27.43809260
29.13430963
55.80137223
-18.08922371
57.77889552
-24.37779561
44.47419558
7.70406306
5.64346072
15.78439483
-11.22112969
5.01227834
-43.54220344
-14.20511973
-22.79557388
-36.96816294
-11.66887551
-3.47720977
22.44933898
8.71541241
68.86766102
-11.21304067
0.00000000
72.53281541
-62.54786710
47.22251405
12.28414927
18.82416392
9.69380655
-13.53936669
-9.45302836
-19.24170099
106.56953338
69.29606420
90.89305670
59.62700666
58.77239037
26.07653820
90.95562373
62.73904794
18.72647005
21.67263898
22.92204539
47.12699729
3.89013877
21.83823570
-12.77033801
14.79719870
-0.25844584
48.69556548
17.02704934
-6.28996814
7.50106338
13.50097389
1.83065804
5.46911712
