-66.15203298
-163.56184631
-208.69239158
-65.51132015
-55.36871661
-38.73169067
-46.60623035
-46.48454307
-46.31115091
-67.14906596
-144.04631685
-75.67424040
-76.15555900
-38.09357291
-28.80386655
-49.10103563
-27.84625304
-50.74667322
-147.41611174
-124.19409982
-96.61064130
-160.88535666
-30.86009881
-55.07377242
-18.91794775
-49.93606796
-134.76401358
-62.89296996
-50.05405383
-137.89543336
-62.98397116
-43.53040856
-132.39440480
-101.53420206
-48.12459752
-133.74497443
-46.12071561
-63.54179042
-47.08193340
-32.33441341
-62.19429941
0.00000000
-179.94691111
-12.51238843
-128.33003709
-39.78450560
-62.00674877
-44.91071796
-48.66078787
-29.88992186
-17.96026558
-129.42610696
-6.88148170
-29.51087946
-17.08013532
-75.62131523
-60.12963873
-146.39856599
-134.45982486
-100.55869848
-62.28004715
-43.77065354
-41.68497574
-59.90111654
-65.00668011
-85.72786136
-36.17602684
-56.98494829
-28.79506720
-39.99462090
-64.12232285
-54.99099139
-38.42469552
-48.85288935
-124.12001224
-106.29250000
-229.67525978
-115.58367806
-176.86203495
-60.69959183
-41.23396547
-50.93380428
-41.36542151
-59.59890445
-72.59444016
-153.50327213
-172.24595053
-179.27744305
-134.11670177
-98.55470198
-53.11628385
-115.56759889
-98.55813664
-129.44595063
-107.44914836
-75.08270965
-184.87500122
-28.14833198
-112.86516772
-148.85294628
-147.85020339
-114.26271416
-161.81664389
-124.77660168
-136.43879328
-45.06467218
-75.91086159
-276.59738351
-173.83441809
-73.32048179
-230.47795591
-67.38779751
-125.20495204
-100.51522672
-98.99931668
-102.12111415
0.00000000
-167.59914142
-47.70391606
-128.42524836
-108.87705594
-76.22052185
-67.26870738
-90.27127039
-74.63581461
-32.33178620
-152.85860578
-78.05831036
-68.44122213
-64.38784229
-149.55655875
-116.02691201
-143.88540422
-160.45661723
-141.33604300
-37.66484442
-71.47487642
-109.19863884
-59.49226489
-96.81191381
-114.71163945
-33.12649294
-97.54064338
-103.34570672
-63.77970602
-82.15520040
-61.71554596
-82.76791318
-123.16016045
-230.44009674
