-12.37259507
62.03039267
170.97347358
36.99228963
29.31507542
-15.77546725
-35.97264425
-21.71204047
24.29642853
44.59714624
78.98638924
-19.72004003
16.31527690
37.35715818
24.05401163
20.72321885
-11.92320634
-12.81764836
85.22264690
68.73870367
35.14812200
13.86628177
1.23827125
-15.86267796
195.56670585
28.50299608
191.85597318
43.89821652
11.88618282
144.50992546
-4.70178955
14.01746354
0.35107405
30.39258032
-9.28848258
39.23958495
61.10906306
75.38514208
-2.17114758
-6.80667478
15.53119520
0.00000000
46.24702676
-29.57274137
15.99604173
38.76512525
41.68607808
-6.21010171
5.11321156
-11.14544179
11.94615706
-11.32180363
12.62294438
-47.69077670
-8.95217511
138.26140113
131.10503096
60.65050880
106.71399582
92.20104653
74.61130367
14.41709099
25.95749955
-4.23809916
-38.55592807
108.04457983
-5.81135536
39.44216899
13.19412840
0.68490347
-10.74505315
74.17911382
63.01549671
86.36104603
2.04489969
-90.35180517
79.02401206
101.55625777
5.67258639
-100.62430381
-28.28378708
-48.75428864
-25.60271606
-8.28191139
51.83586408
61.63006057
-67.33926061
-40.88621127
-41.23848562
-111.32979316
-17.23337970
-21.84445287
-40.72322215
46.67284387
50.86839386
22.49676453
-3.95279667
-19.50089357
-18.99642538
57.82290416
-56.30319978
137.83165053
65.06334948
14.52436369
122.46504555
32.83864793
9.78030247
-51.02956489
5.27116830
-39.90362048
-98.23556110
11.29407184
51.12404491
-53.16206834
-51.68955635
-17.56330729
0.00000000
-17.46072026
-45.05519461
3.53492853
35.44283518
20.69549074
-25.60795589
-17.09353496
-26.38354519
-14.81095759
13.90672328
-34.53435804
-92.58517535
-60.41199168
3.46904529
91.26374280
13.20079427
104.98373373
80.95507444
45.64308841
10.60481619
-45.37046550
4.37499031
-50.36398345
87.62407772
-21.15561476
37.17359067
-11.63913450
-31.76434854
38.93688784
37.75814180
-4.60092576
61.15104361
-52.18245380
