20.41284431
-124.23775851
-61.63318570
-41.28191679
21.23339095
22.41684175
-3.93040626
-11.59253623
12.27459841
19.16988510
-30.16559716
-27.76465156
46.87093695
56.69717284
37.31765953
44.13813070
-19.12228489
-8.56753639
-45.22148125
-65.45560728
-55.09254816
4.78670677
-28.35659813
29.81746711
-88.22225637
-18.42839367
-91.51655554
15.89307541
14.59567588
-78.21767534
53.84403567
-15.28297157
-44.49945462
-81.08570578
-44.95485785
-59.01314554
-58.50403128
-17.51516356
12.54693823
45.27552954
-11.61956849
0.00000000
-101.02274447
-34.28127684
36.49135632
-24.41479170
-5.72428906
8.10927049
-28.69984232
4.50453044
-28.43174498
29.01464926
-2.05818035
48.80358738
31.83877428
-8.51141496
-34.32628510
10.35182400
-14.14302409
-12.75869387
-2.65750064
3.09981496
16.39954779
31.32667327
28.27057371
-57.32160970
3.57831665
-9.28153237
-2.45406136
-3.57132259
81.24165780
-6.86731340
-5.80868940
-6.57763074
-46.65416716
-11.30110891
-145.91968042
-5.39599371
-96.01009004
43.29446798
19.71973662
10.76525665
0.74822362
18.31771997
-17.61443077
-21.01030584
-60.44999086
-1.80421139
-5.48276436
4.09980829
18.93602232
-42.05925269
-33.96745517
-74.02058039
-152.09966800
-33.65544980
-35.75606190
-25.67714122
4.70848778
-84.67056515
-51.48537145
-64.54852765
-9.99468981
2.56428943
-87.47705938
4.40822063
-39.10949030
-66.16279985
-119.80807018
-56.92142519
-127.34885361
-52.69694129
-58.10243359
-8.78004037
-15.62567577
-22.23125778
0.00000000
-55.40107742
-48.25072185
9.38276841
-11.14398014
6.44843140
-4.90414826
-36.08141095
-16.92495716
-30.48955909
-20.79432643
-37.39212670
22.06535346
31.77378616
-34.62186081
-65.18874622
8.63053280
-63.69011167
-10.88511404
-42.43235761
-15.82983952
-20.50629742
-7.91695831
-6.68063002
-54.71007775
4.65747841
-27.01224630
-28.84087540
-9.59032211
-1.77404808
9.86821856
-30.76403343
-38.09214168
-70.54623294
