55.90121902
-67.64708099
20.63445792
1.00722426
67.31414114
10.02270220
13.93844688
42.11363566
-16.96205299
-11.59432838
-54.16235248
18.99748649
36.52984238
25.19780724
50.56507868
20.08454315
25.85714982
34.41236647
-34.58392382
-64.50817037
-39.06769068
-41.34504594
7.00291137
5.40731974
-24.98735751
42.22763205
-72.87635986
90.53639780
92.36234494
-59.92769488
-26.40833465
16.98381577
1.68872321
-9.81255762
30.81199256
-6.21008198
-0.59541147
11.03377260
-7.37723664
43.24936809
-1.27362953
0.00000000
-30.48644560
28.64167287
-18.15696826
26.03481784
7.18192275
20.13666080
9.55667101
19.81747924
4.36782097
-34.78344755
47.37391773
76.16470987
47.65915287
21.50696433
-47.56450431
-21.40709202
-58.59700274
-30.88443590
-34.90510288
-5.90201959
75.75991026
-29.84958863
9.79140156
-53.59757596
8.06040708
23.44308669
30.82090183
44.48347282
-35.98650306
-39.81071787
22.74647030
-14.68603026
10.60770876
7.60130013
-91.97947200
38.86132744
-74.39211610
-25.78518277
14.70669800
15.70171496
29.37337004
2.76829144
-19.36803561
-39.70048487
-30.58557877
-67.12810499
29.83377443
20.07601020
22.57572485
-70.94581031
-20.09697760
-46.00962287
-64.81550999
-39.68271241
-46.78940426
3.96747084
-27.14165646
-2.45347975
15.14053205
24.89141367
67.09798371
75.03418345
-14.68814944
-3.51079993
-9.35895812
-51.43678314
-27.11656979
14.02017885
-37.17139019
9.48625656
-2.71893163
-32.95244864
-10.10944176
-24.73521192
0.00000000
-37.97635924
16.45205012
-26.17942528
21.50572495
0.80084453
-6.86080397
-36.05642321
0.10429307
29.28678370
-69.85758334
-9.03983059
23.91723856
40.15440015
-36.04982194
-61.12457168
-43.14414817
-102.93712320
-37.26565104
-42.97661324
-28.68198236
27.55974578
-14.90091370
0.13789544
-61.06633619
3.02217737
25.33688946
-8.68536598
41.74199102
-22.48514092
-31.67491623
8.94575425
-54.27547244
-44.29141951
