-22.00088062
40.09493506
46.42034658
16.33695709
-48.93790062
-35.75042117
3.83564721
5.66622942
-19.77472604
-27.42856915
-17.12906057
23.87621294
-31.36994475
-21.27558771
-22.84980552
-71.77019809
-4.45080872
-1.52875853
51.63438534
53.57606503
8.24968019
-21.25742526
-17.17233599
-4.45440946
58.24180577
47.24940441
104.42066236
20.88659480
-24.86648759
24.20278495
-36.75974440
31.32313057
2.15547885
9.01663322
-5.83518430
39.82157686
2.95437189
-4.79880079
-18.49390113
-16.19304717
8.26756095
0.00000000
49.08384201
-54.92433546
-32.06905915
-3.02405914
22.64001834
-29.75219548
0.30148568
4.06791295
-27.94077488
-18.71722779
7.44720277
-45.08808703
-5.00714414
65.55132284
52.79255040
49.19344241
69.59815676
29.50611308
36.30842541
-6.96699704
3.86651298
2.46840343
13.18964634
-4.87499363
-7.80816580
46.18768631
21.88066231
11.39893624
-16.29689479
6.73441969
-19.87046584
-5.57681235
9.25609459
6.49883865
9.27646033
3.95211531
8.67181643
-12.60886502
-24.09761869
-2.27272071
7.61098553
-10.01346669
-40.05483734
-9.93661152
20.49955013
-62.32869292
-51.01717132
-45.02263358
-56.87929255
-5.52246450
-20.21783379
16.69020896
83.59343817
-0.00771234
-33.79482335
-28.48371559
-47.23655520
43.88189424
45.38414651
46.56489956
19.13962465
-40.63330511
17.91414954
-9.39162135
34.68744067
38.57698884
16.68154910
-22.60945852
61.55833072
-32.51999941
-28.98456652
-20.66888528
1.02114277
-1.91912551
0.00000000
5.12208949
-45.65244530
-42.79771184
-19.78776718
10.46691618
-25.77669669
-4.87918915
-3.33782937
-45.90436303
-18.64002646
-33.10271524
-44.91394485
-35.79680725
62.25621141
64.07804091
1.42274149
76.95429595
22.13378569
8.04887083
-14.52362914
-42.72923556
-1.08696682
-21.55470746
-1.61037881
-2.66295452
22.50066091
-7.91053268
-1.10591411
5.19051790
-8.94347005
-39.86653408
-20.13511962
60.51272668
