-42.31793015
-70.23307193
-82.04487654
-28.36909912
-67.12160784
-17.50526852
-37.51848797
-30.04248461
-38.63112232
-19.85302140
-45.02435894
-14.54144574
-10.65142052
-11.90147581
-36.45218862
-26.46948437
-7.11778491
-19.82798473
-49.24922244
-94.94623507
-34.91500912
-38.06738827
-9.71479147
38.48240473
-102.72297146
-26.31201727
-72.97918776
-71.23574830
-55.97071143
-64.69295868
3.71303499
6.91861037
-44.36548886
-67.70619870
-37.64700218
-59.53637480
-25.06639810
-23.33555669
-6.53744494
-10.20431907
-30.98165402
0.00000000
-147.53052833
-60.33156191
-20.14845466
-22.27718195
-33.24137689
-13.54630351
-26.09957554
-18.62862219
-9.37033935
-29.67959570
-12.91136465
-40.39219263
1.31156029
-60.89737071
-34.34777890
-50.00235792
-38.69142085
18.47634424
-15.39665440
-5.43669481
-8.36729617
20.58904453
56.63616963
-23.99583948
-30.64374063
-27.50307121
-4.75253207
-12.09049547
42.25595244
-31.91466988
-14.77199179
-23.14295098
-51.46135582
-15.66226470
-83.96930959
-56.78941842
-66.56040516
-40.01534391
-6.14764916
-22.12303818
-29.14638298
-54.27131257
3.49708514
-53.13607862
-102.82608612
-75.39742618
-13.95670324
-75.27691462
-43.65706619
-44.69454182
-32.56084475
-64.82624918
-71.55100985
-34.00542647
-49.58510750
-23.70380697
-16.68441991
-95.49705949
-42.60250114
-29.97137788
-81.56298633
-59.06851421
-76.28418018
9.35458521
37.97275860
-147.49259793
-60.40203018
-50.07657709
-90.26909688
-41.19055433
-93.28745124
-70.43561568
-42.77399623
-44.63088199
0.00000000
-113.18057392
-53.92526192
-36.04844204
-64.56444609
-37.03288529
-42.46566974
-71.77826701
-56.82206992
-33.05581601
-66.60061591
-54.81497493
-52.49418721
-48.66771513
-110.48768031
-60.33766854
-54.56716575
-54.25857680
-24.97767512
-36.21521495
-24.49200801
-84.68951877
26.57150308
23.64032324
-34.90344841
-25.19382143
-59.00562633
-59.01829195
-40.17170793
57.20267703
-35.86683064
-56.43174660
-72.28618487
-58.91412524
