54.22942727
140.06097117
-31.51689966
50.84327629
-35.38875314
14.32305391
16.27710578
4.82912026
30.53052574
46.41989356
78.42361618
73.00963367
107.92112464
31.41426045
-17.20761963
-24.13577146
55.29363476
67.48314435
38.28334280
14.31373964
92.04281872
93.47415703
16.13285631
85.29876380
-53.40472856
38.50635882
-1.44813048
-55.34532226
-46.17282719
42.08628726
35.42415744
-1.53886393
84.94175194
115.18437232
42.30412863
86.22194846
29.28897994
66.65318630
92.41685272
10.81200971
32.78843214
0.00000000
128.61248042
25.78426430
85.49964415
-1.06144630
2.23664134
79.30413460
35.49728457
32.10962166
35.25975273
94.25296400
7.57733613
8.54794050
-9.65329008
-38.70181972
18.22505991
75.29678187
36.45226996
46.53062118
45.66882105
40.65363421
79.52247069
24.11474482
66.27365145
38.62137305
25.33131287
4.86971245
18.46880778
2.90038836
71.14008891
15.34994189
50.47566816
39.59628480
88.12772304
73.28877084
115.26777974
-74.06887351
-5.22678645
95.56032071
30.21290092
6.98610652
-6.82967469
30.25974222
52.94724514
108.87585853
53.67057859
75.70401832
21.16789681
11.23075111
-8.93987978
29.09784443
45.09213849
51.20749521
45.65965770
16.93245123
92.56861474
31.01471086
59.79599295
-15.77996079
-38.30606175
-75.64749465
-83.68951414
-98.20745492
29.69248968
28.35985614
5.47649629
72.52450679
81.95371388
17.30008682
-8.05259330
25.86004298
22.14506035
31.25170728
21.89593149
-0.79808105
0.00000000
135.40711754
8.89542935
86.90751652
-59.35354683
-16.34215398
52.20787577
8.84983070
3.80976469
6.88987739
48.67111270
10.49679148
3.07569391
-19.20849307
-34.40001912
-20.28218087
76.55729119
8.90509418
-14.32861438
-25.03803695
16.00148828
40.23439375
37.11964885
90.69762337
23.98543215
25.04464028
-61.03994906
-5.94993047
-36.38744952
75.74682858
3.16239153
19.51980794
10.23762125
61.33943646
