-102.42790415
103.16341412
-455.74274079
-25.86129313
-260.27176831
-98.09043774
-33.53877090
-100.25317081
-82.08243604
-154.43008161
-148.28851588
22.99981214
-22.36742379
-58.81602189
-147.49698759
-175.33772993
34.73905123
13.71683815
-17.00897201
-26.03718858
51.11766566
-26.33545023
27.47340154
4.96509585
68.52802334
10.35821098
-136.56271945
-172.77937236
-135.45614596
-155.30770504
-85.21213076
-24.07514417
-0.21378710
5.83464735
60.01857785
41.25677651
30.47058005
10.25448995
-14.39822680
-31.66453622
-23.16613145
0.00000000
236.66267227
60.19295991
-101.78719281
-123.06979633
-151.22298455
12.86309596
22.57126617
-30.09730591
37.93262053
-29.12871256
-68.72680162
-210.73974066
-97.63278362
-20.06625619
-83.96783574
-112.11128795
-143.96429595
-160.34444386
-48.88534030
-34.89374817
-62.20433991
-32.87469401
-26.01573267
-140.75308685
-57.71983439
-111.45990047
-16.17398765
-80.15238549
-102.03669614
-94.84119141
-6.78590895
-41.81963179
4.91531435
2.57309249
29.61260606
-346.25057728
-102.05866005
-98.92239954
-100.45838160
-74.92878428
-109.17940025
-97.82592572
-114.96962203
-151.56633547
-75.09652334
13.22181207
-99.00253591
-109.00381761
-130.06093877
-18.82013224
-10.93158820
-4.57091664
-24.33522743
-16.46973413
-29.08339748
42.59294084
-49.90732133
-93.88942541
-182.14346436
-429.54151609
-434.14129884
-346.50537837
-237.52532766
-80.70497753
-24.67299339
-94.94612853
-46.29861496
8.82576143
-57.22905663
33.27272522
-43.44847752
-44.89021028
-57.84801873
-85.90480447
0.00000000
152.04761036
74.72891229
-97.45886772
-294.14410347
-220.17033018
-4.38894325
-18.65605868
-60.23841811
-0.63623095
-23.23055695
-73.06281752
-126.15856945
-157.63460115
-176.89569108
-231.45036383
-86.05603492
-205.87116798
-303.63465072
-0.63611199
-41.08073868
-65.99517939
9.14801384
-33.43484021
-189.30138450
-57.57578769
-299.63446009
-99.66674800
-162.19621126
-95.09882284
-136.58855003
-12.49370122
-147.31460931
-76.82058056
