-99.88352547
-110.81186082
-223.90901620
-91.42218803
-54.07158392
-48.98698054
-36.36747555
-42.18765767
-40.44698940
10.38558631
-101.44454733
-7.29952413
-41.57946908
-4.32940873
-51.89504491
-69.28888196
-25.14480553
-15.37118510
-10.60612150
-49.27802943
-51.04529014
-73.23606617
-8.69030799
-75.12748647
-51.41011918
-32.83389623
-137.79277306
-85.20829424
-56.62444474
-128.31374850
-106.18506852
-17.71351206
-83.22908641
-141.57649273
-31.76705954
-80.94983024
-59.34180176
-99.24350273
-10.68952828
28.27681032
-15.92116272
0.00000000
-162.78359183
-7.20321989
-42.93295138
-49.56838976
-35.38554210
-17.20696555
-28.84283898
-1.45359870
-44.20594952
-14.42664280
-12.19895943
-43.13299870
-18.74460021
-60.45956077
-42.94158407
-5.70475070
-55.31061175
-23.11628848
-7.10415382
-20.11740352
-32.66087207
-77.68105927
-78.04395755
-47.99170863
-29.55399298
-55.51635041
1.85488660
-13.94418576
-118.67717131
-33.76425371
-47.08666070
-41.45198160
-67.27316656
-138.18357298
-180.39252822
-115.90094274
-159.83578104
-96.12663299
-49.97019228
-15.34492052
-32.12282874
-42.24297348
5.09378691
-93.57820460
-119.94393200
-117.82111343
8.75807578
-129.83971123
-64.42229104
-87.89465872
-59.54943807
-28.26157187
-50.44760223
-36.73092555
-80.83245871
-35.21101959
-123.14770448
-111.41339158
-62.98067341
-82.32764937
-190.46337912
-121.00655472
-145.44007648
-71.65925097
-66.93710688
-168.13059583
-133.03401519
-69.92827738
-99.88141711
-80.95360356
-73.76148500
-52.30819517
-16.20111513
-48.94318293
0.00000000
-88.78565330
-59.39861389
-43.94033782
-114.87309182
-45.71142864
-44.75607327
-66.56257555
-35.68103338
-44.41312487
-33.85510901
-63.56434321
-79.48647850
-61.40854695
-88.73137138
-102.77841275
-46.52436619
-59.55915733
-82.87261134
-5.62429425
-31.32509014
-69.20605803
-72.03925325
-124.80452797
-66.49970332
-14.81056163
-101.08403147
-32.15082764
-64.40061331
-137.42016466
-26.74546459
-87.95724387
-65.60077911
-145.13112376
