-41.42421175
-185.00826776
-146.26490411
-68.40461559
-27.99929877
-24.79281584
-5.59830588
-4.35270762
-42.62099764
-0.86090972
-12.24923941
-73.83355539
-36.55279860
-86.14489327
-50.28313547
-9.31549704
-33.38619447
-33.33581565
-73.27520781
-70.80063056
-94.93932487
15.56957167
-45.99022573
-7.67687916
-289.69806686
-78.43645354
-187.67108795
16.99822955
19.77410656
-159.12115796
3.14909348
-50.07003724
-98.08617325
-147.28551224
-82.49756027
-147.54987958
-119.48624660
-133.47876451
-15.34260018
-41.80844481
-42.22724726
0.00000000
-177.62274806
-42.86265273
58.62930273
-49.50212663
-44.58952181
-2.79587231
-70.16110177
2.93748909
-85.64487461
61.77818079
-55.79042914
-5.37835858
-12.08907895
-189.82836633
-110.95674432
18.04699994
-40.50134994
-3.00651494
-35.64270543
-6.27092846
-73.88845951
-5.36553876
16.52977579
-74.50500751
-0.49428536
-58.91925019
-61.11981238
-9.19193533
19.74331395
-46.80835441
-105.23163782
-99.58605291
-108.60246734
-71.71777469
-200.18763787
-90.32347604
-169.50519852
-39.91299582
7.49788772
19.66850790
2.64299102
-42.47762659
-39.11911902
6.20283213
-79.89044645
-82.09984601
-18.04799617
-35.45358627
-0.50091379
-83.96467109
-26.26284944
-113.51093395
-162.49299611
-59.24510411
-43.05774386
-51.56052421
-37.29224485
-207.77613411
-22.40874759
-107.78044667
-36.94672773
-34.25970314
-130.63037119
-16.67940489
-84.54734949
-178.80383851
-166.27568045
-75.03445948
-153.69521236
-104.57859887
-161.14585277
-22.68208479
-6.03646376
-50.08782160
0.00000000
-72.09500691
-68.10854096
16.42000679
-55.93200920
-19.56997001
-13.04271058
-77.32497045
-4.21320289
-62.62674734
-14.43567461
-58.51553248
10.83184751
11.00531520
-135.02106298
-153.50004008
11.30772013
-135.33511689
-50.13593679
-69.78817155
-31.18295634
-55.90725794
-30.37894170
-33.96239859
-72.38358773
4.45372582
-66.76834005
-41.72800519
-21.58488783
-12.50293255
-33.56975156
-87.87928586
-109.16685248
-177.98240307
