9.87578336
31.30325684
62.92357626
80.01487817
-57.18943256
-32.77603190
-5.73646095
5.84196107
24.81790479
50.00613936
87.14020653
68.42498998
33.25075781
59.15044504
-23.37682514
-36.92726338
36.68402096
22.44520024
37.83754571
80.13156858
47.98688376
44.34378408
10.02144073
41.80116731
27.57064390
48.99030544
86.66698470
39.59548747
12.87703806
77.01149207
-8.77653141
49.04540653
24.02429311
55.78276013
22.26954456
40.53117371
45.12603568
34.69052781
34.73736106
41.77754285
28.50646181
0.00000000
23.15193934
3.96014938
39.74060008
52.29208127
29.65029832
-2.85662938
15.34742526
20.59952076
13.56596415
3.67950841
28.71715054
-28.46550860
-0.47985998
35.90906718
80.91424697
32.97205492
90.87318549
35.19140191
51.50187604
30.60681240
49.71747841
17.52231295
41.50841644
72.19725179
18.40844871
70.35811359
46.75889796
32.69148255
5.39361019
43.93014125
27.05238749
45.16808575
42.94070588
48.16301279
31.13680596
15.35298820
12.34635129
-25.81192528
-18.49011078
-10.55829490
-1.60335627
-3.16970080
60.07974188
85.81199781
7.32886104
-5.60969500
-17.18263709
-75.50142371
-50.37624318
8.90100604
-11.54702779
54.45373280
108.88770911
6.57890728
54.73486677
-4.74196401
-17.86296045
4.59787096
8.04138553
74.39385132
64.08401025
-4.21662499
69.46277629
-10.59803253
59.46903538
-53.77164229
7.61541062
-7.20209405
-9.89883185
20.05476346
-9.49734566
9.12126363
-34.76259198
1.38543944
0.00000000
11.18381025
-3.62165386
43.60871098
22.81250605
8.13052941
-21.93643246
-8.26074531
0.84451474
3.18807226
10.95190496
-34.24952984
-51.20719524
-53.00575144
-23.12703548
66.62831310
6.12401213
97.11924431
41.76246491
14.57780733
16.65584116
-32.59522306
28.38780828
24.42034532
75.42919298
3.21529386
27.10015015
-18.74443605
0.71847602
28.50515953
19.53313559
-1.46880728
5.28900161
4.20580564
