13.70114813
-39.65885490
65.47668141
75.89641635
-50.81045610
32.41978510
9.96030886
14.26016600
22.12687823
23.57743713
22.16197506
30.67167313
39.11158633
46.57009599
-4.39495879
17.52662895
12.91526904
21.41064578
-11.29124927
12.08605518
12.79123664
12.17925800
-5.66323561
25.03998875
100.91264967
44.72261724
100.32776709
80.06062664
40.76575010
45.57371687
-18.16182518
29.44171567
48.73000878
92.49003634
9.52713789
52.93861640
51.32821468
56.79893905
29.94359923
16.69885872
15.51248935
0.00000000
-125.40341823
-40.23028996
17.78551534
60.55111944
30.34942267
12.78838115
13.73229549
5.88000230
-7.71541819
-20.98176711
21.23566318
-1.09609887
14.12990681
86.91601663
81.96965430
-30.11634309
49.29827873
42.26692338
34.84338875
15.49579429
32.86775005
-7.68693946
13.79809068
88.17586039
12.47397768
58.49594866
33.02217464
32.53050679
-2.40602335
41.21148371
22.28213707
66.20968645
46.53847111
-18.44189257
-56.14503125
58.96358451
49.76846216
-7.32255126
4.18327916
-13.03893182
4.93611619
-16.06080974
18.35632325
32.80967322
11.64123941
39.70090215
-1.13047580
-27.04018058
-20.86261040
14.26261379
32.31495545
-51.04203556
-14.33862517
-3.25127104
18.96059935
-18.70979048
-6.84255492
-1.46643348
-25.03331132
49.82741842
63.99288686
9.88618416
35.21747956
7.97579504
30.83680397
32.90229312
96.67899360
27.34984068
-6.84723535
-20.53428137
-8.20957730
17.97026199
-43.33271698
15.97792539
0.00000000
-115.04666939
-10.08744561
-1.89058211
58.47406787
9.80084962
14.43873101
4.12897913
9.09330576
-32.70539745
0.96119379
24.76971973
-21.44802664
-30.92206509
-56.07976685
58.65607757
-125.89332326
48.49836351
34.30403720
3.37279129
8.06732643
24.06387667
3.03164871
34.89109896
44.59427795
-9.93749734
54.67691352
13.47597774
0.23490271
27.49153308
16.16715686
-24.26922731
45.99150793
52.63444711
