-45.66669492
1.74661410
-65.50312960
-87.92641174
-44.44072999
-42.34848166
-21.54346028
-36.93575172
-36.70245027
-51.78450444
14.43273780
-32.84375892
-61.91305577
-68.21054460
-65.15730602
-88.21159107
-31.65251277
-23.68575802
-3.13607347
42.35987494
3.07293430
17.46655891
-7.10412278
-51.74212860
-32.13426304
-37.62482244
-4.71362425
-111.99554174
-93.24066932
-10.75834635
-11.82096153
0.96529143
3.77817061
-45.58831134
15.55495518
-26.56703572
-30.21419982
-49.92034159
-56.67920732
-31.05485715
-19.33939241
0.00000000
62.13552385
19.54498469
-9.42168856
-75.64051258
-36.82739259
-19.68028405
-5.44375508
-24.63981933
-7.37187067
-1.83409336
-30.57474459
-27.01344085
-56.64029845
-60.04363301
-34.81891684
5.00281667
-5.23876330
-70.97813484
-27.42608506
-22.52903630
-48.19569184
-30.39110949
-48.35488730
-34.57544318
-28.30007788
-42.21087607
-40.64791335
-38.97234125
-69.23651700
-48.54742927
-35.80393705
-57.39877132
-20.12050550
-27.28122525
72.88904715
-91.30421614
-4.41880596
-49.90315600
-28.15616004
-3.15205161
-13.64279940
-0.84298819
-2.40423413
34.48761769
7.83979285
-23.61273614
27.06917960
19.72788031
-56.21988670
8.06680644
2.26394195
23.70992512
94.27656822
20.99100295
45.66725771
11.02886699
1.87042083
76.72659491
56.46480296
37.08346797
-64.84589112
-60.22108862
36.52112905
-53.71498980
-11.02895696
71.02019734
14.85560918
28.77716723
88.01042880
7.05322701
44.92561888
6.10692211
11.39007547
7.79910552
0.00000000
80.50726702
3.48935139
24.83755282
-55.86531595
-22.25988431
-15.45832130
6.24170500
-12.77799403
2.74277047
49.67057874
17.90254228
6.61916595
-28.60492917
101.45167337
33.83140937
30.24834339
44.30697798
-76.69342978
12.78555206
10.91901595
5.32074140
-24.90801623
-31.45434681
9.81022768
-1.48716591
-35.17499402
12.43239335
-20.13183458
-98.29872426
-23.54876024
24.15008517
7.11294112
34.70960051
