87.51964526
54.61180750
94.04252771
49.48748194
188.35214281
46.20426227
53.87368194
50.12141719
43.22969135
4.81634032
-32.32796435
48.60364507
69.00952137
28.46392608
61.28442383
63.47900948
13.76169034
37.41421053
34.38451204
12.22830970
19.54418943
-35.59591620
10.43842688
5.63033470
18.47128842
24.80742380
36.40675235
52.22482321
71.23953503
44.54335941
54.63834900
16.94261305
25.17886070
60.49438479
46.90370510
59.28178600
27.55993857
-21.53525751
19.68261438
7.37202223
35.66613574
0.00000000
107.80871634
59.01030709
-55.60687379
44.01756224
38.78549197
30.79975674
40.18003945
32.95650399
17.42852394
-0.58172101
26.28115537
61.01389853
25.67221488
46.11989841
5.43169915
15.65107168
-25.84786793
38.74572826
11.53248329
-17.09907958
56.49629081
20.22687854
36.14173608
-0.22267359
34.96301629
53.19419194
30.52403431
21.41359127
66.35874900
33.79771144
14.31652382
1.43114980
42.83054074
125.65929478
116.08497457
63.14724427
141.29593893
48.95983507
47.89655440
33.81747274
41.60822663
58.05624895
5.81366125
-42.13593582
142.18656368
161.95827042
59.67484891
108.19079570
78.98495474
33.62795484
56.46533917
80.29799975
42.50290666
37.65877967
-3.77595432
46.13221323
135.30049480
149.47621949
126.57044183
78.36874596
109.69458354
131.29177657
63.71414718
60.82549118
74.99249474
137.31511292
140.38953278
101.75319152
191.83514897
68.45362379
121.03853158
57.33783977
60.31897587
52.33595253
0.00000000
59.26474667
77.00969093
-43.61929211
88.34017496
44.30372765
47.72807275
72.30596707
67.15929025
59.04411235
41.10175771
66.43315902
60.62969008
53.58384066
171.66405605
83.37627764
68.17985830
33.70945731
76.02772299
28.87839675
1.51141481
122.77543655
43.27813546
66.00166544
27.07171706
29.28312500
103.92778661
82.76746727
62.84050268
89.01791316
25.05040825
79.94617956
66.51049625
121.66335872
