-59.07892360
-58.12460934
-67.83456787
-66.59647116
-76.14297508
-74.83710293
-37.75137244
-50.67409570
-53.64015166
-42.40005968
-24.07135949
-97.06403363
-141.33833377
-111.27691676
-60.51201740
-74.22233406
-53.27372096
-63.64392539
-44.10232874
-20.17574931
-41.84713890
-46.85866065
-35.46990661
-42.96603646
-118.62532392
-91.29745300
-96.67913137
-100.27024566
-104.60602221
-52.16482725
-9.64350981
-48.91511094
-137.89302571
-100.06773199
-54.80837958
-102.52098360
-51.87610988
-110.95854905
-94.47812981
-38.90353530
-49.66606642
0.00000000
43.02919921
-3.46944249
-12.39587540
-72.31662018
-48.84303550
-73.39621459
-44.00587752
-38.44791691
-32.13220167
-34.95606468
-52.18560030
-18.29103228
-54.07536706
-127.18621746
-86.88939177
-54.74423321
-100.83550534
-62.96693086
-44.84325442
-34.68039102
-172.10247817
-16.92384803
-38.15983843
-81.89345007
-45.22977880
-80.90038111
-59.23412415
-64.24851310
-46.85394606
-45.41466101
-53.15468508
-72.72467629
-107.53044593
-24.80499330
-25.36183340
-81.08265564
-44.22732686
-26.64894959
-29.85193899
-20.26912413
-38.52735648
-21.74940791
-17.23325244
-18.67043914
-108.59254129
-58.66799722
-77.02872354
-31.09028756
-31.73051822
-97.61809415
-97.89533460
-38.96513822
-68.03838818
-24.33415075
3.27795465
-44.53302010
-48.63320384
-54.21952142
-72.76772759
-28.94906019
-103.17517911
-72.15230549
-27.68751851
-18.55809693
-76.60057242
-147.39250955
-154.14819323
-105.85375700
-67.60214025
-41.14925918
-63.89645247
-46.68961582
-32.43556229
-66.54831974
0.00000000
71.37565467
-84.93478249
15.86795728
-75.94821421
-36.18061758
-75.40205601
-77.57740710
-45.90412925
-35.08199825
-24.20298429
-56.80530627
-2.68208438
-31.20185313
-78.23344524
-92.44115137
-28.98366502
-137.29409042
-85.99359755
-22.29652736
-20.21569401
-66.02198948
-58.92891541
-69.76976126
-60.14490213
-13.72027206
-79.09648514
-57.32496917
-61.11018844
-69.40630493
-22.59939833
-64.53460269
-85.29420580
-126.63241394
