-6.68265944
30.49974656
161.35095864
23.39275891
14.62939152
5.45092762
9.77166082
31.68643121
-11.12078758
-11.17177350
20.76146657
35.68812065
-4.25431202
-13.60677296
-16.53794595
-4.62508931
1.23528191
12.05920703
22.38733023
52.22281289
-3.08566915
-33.33402299
2.90340880
-3.87991955
-44.49610892
-7.16578757
26.15206734
19.67356807
21.74115226
27.59342446
-0.27336302
23.13066039
30.03902450
39.85074021
12.49427142
-11.40045964
-7.84214136
-48.27294401
-14.00410763
-15.41717660
-7.37349337
0.00000000
33.42488095
7.11405396
-34.35215535
27.28119817
38.03781938
-11.75140670
-6.81296888
5.14064959
4.75397137
-29.44868460
0.34355382
18.59038898
-6.69074630
-83.65719946
3.54765290
12.28626590
6.74082167
0.05251982
-17.23523394
-19.45128434
-1.14366102
-4.96930847
-9.59230937
38.26359764
0.53697194
28.64844087
-4.24947730
7.90781093
-11.80651646
2.07894732
-24.77770062
-28.52336599
-5.87131504
41.78136872
77.31702457
114.28145278
122.95536136
97.26247907
3.31770226
20.98665615
35.62182775
16.97785244
9.71852183
13.25529321
124.97993450
-7.67633285
69.78464519
67.37874127
2.00922289
46.92453485
39.53349076
83.31239829
111.37180797
19.47204345
-1.58845047
19.26016374
-12.64663913
71.94803136
95.18361726
125.71238402
83.35505814
84.90810793
67.92321248
-55.50613800
8.29531889
99.76780964
85.32935100
73.56776568
152.21535209
19.86424097
15.83286701
53.93961679
48.03123744
58.02991041
0.00000000
-14.20666349
26.22480872
-9.98623682
84.83395881
53.75221082
-7.44128855
36.75207616
47.82596984
28.82861615
-7.34816672
68.63595390
32.37854320
34.07346366
86.83140829
96.22632496
9.88386639
97.56215630
61.37313571
37.73875589
2.03662102
28.45703115
-30.56470338
22.67338058
83.29027211
11.68389226
94.66137787
48.43687815
61.01609420
-63.19080781
33.02747077
24.51987663
45.07624782
82.60390205
