20.67817610
51.40698695
3.60085876
53.57531932
69.83375094
10.13785006
-9.19221682
-15.22579277
-0.56711963
73.33335807
123.98434509
19.60396860
99.64752990
57.61688083
20.34292429
40.90388599
30.36293358
13.00728213
29.69721748
13.09453448
72.92138883
102.47059734
14.21079491
51.49047707
7.99186817
-34.80205841
-30.56835965
-22.49601532
2.50241645
24.18902453
73.01875281
-5.62744923
71.14597421
54.61107162
8.41169750
14.35535469
-3.45265172
32.19160500
82.02137311
0.97282417
18.68854264
0.00000000
-20.36998320
52.58143895
87.63982066
37.31984405
25.89713941
26.11926188
22.26902334
18.20828554
16.07588771
72.03619791
-21.29824472
-34.47992785
14.03889463
-37.49777187
20.60052844
71.02904709
67.34392125
97.76339507
51.37366167
59.79729572
55.53320954
36.54938002
46.71058867
108.29816683
3.89100624
-3.66633002
6.75339574
-7.22341119
98.43146652
47.21584438
27.19145783
60.14316332
40.05555320
-38.13628431
31.04324199
7.79525264
47.61281363
-18.71900392
20.70535662
-15.01280583
-11.18855218
-14.84517661
55.40348371
99.86927139
-33.35604088
74.68613502
3.69060561
-69.32198468
-1.09082049
2.18154511
-10.51633814
40.54184358
1.05166597
18.88259387
73.81549559
-2.84965595
54.39688060
-56.91330725
-135.35837078
-86.47165301
-32.03217543
-25.71389697
0.71657950
113.93553202
26.96083442
29.30044571
75.52560141
3.98500502
-82.79152045
-22.19145970
-26.56347711
-16.30968490
-72.07984528
-19.41297315
0.00000000
-2.85602699
6.25269470
57.32874334
-4.01042152
-12.82267026
0.89783582
-0.99606110
-23.02288056
-16.66197009
49.77374500
-42.60379197
-38.05083218
-35.45521542
-158.64139115
-70.63822803
25.90163735
20.16546199
96.72574348
-9.84344382
29.99231998
-37.35239128
62.22334031
33.53093866
65.24643299
0.64070263
-62.29167728
-48.91722680
-59.71389307
164.31825097
21.69132009
-35.19973631
16.99263900
-24.80486399
