-12.77701535
-105.45185394
-334.09218328
-113.88202736
-126.21450347
13.15909117
14.99184519
-36.92791412
-97.20867241
-112.09571430
-291.01462909
-99.22379260
-81.96115724
-89.62645293
-9.98529271
-3.61219574
-104.90021015
-89.14104942
-150.82804925
-323.81822085
-45.76920272
-110.99185035
-90.05036753
1.43771968
-245.94246748
-138.05225017
-251.77929778
-28.48201135
-31.97699804
-249.03124993
-4.23154988
-75.85866827
-191.73009365
-210.61511610
-163.95967619
-148.50919997
-35.52866866
-116.07401466
-74.56032489
-78.57115568
-49.25432298
0.00000000
-181.72440611
-139.74857151
-97.19010679
-38.05232099
-41.88174126
-64.75506858
-91.54867914
-34.08707883
-37.37754577
-55.32587398
-28.06108633
4.00079414
9.85344749
-228.63347224
-134.52094283
-99.61199060
-167.89851764
-82.41206836
-27.14546447
-58.15183712
-63.89029007
-12.15519916
21.77686949
-234.92470404
-45.13819574
-56.40078642
-39.49845764
-24.14207114
33.48352999
-76.10091662
-43.85085361
-105.52045344
-175.91413891
32.37004807
-181.70597330
-108.62159990
2.27388964
-2.78379361
62.43668621
21.58206468
-29.77550058
-107.52559977
-215.18119534
-165.36634676
-111.72835794
17.21739413
12.86042055
64.69235409
49.30368360
-143.17822490
-114.60996010
-156.00095798
-274.89600600
-37.24876006
-76.83790747
-70.82065261
22.50991797
-367.57519747
-94.85938838
-401.72906398
-100.11044901
-92.03009384
-244.58330198
31.05995515
-157.10794460
-238.63271719
-94.36122290
-169.49188087
-248.33392894
-101.74891083
-75.33641752
-27.19881977
-34.56564575
-125.50766058
0.00000000
26.60866910
-166.55832924
-93.86408586
-53.86269207
-44.11432386
-24.27241198
-111.74498393
-50.25459592
-69.83345110
-80.06445042
24.82347228
85.17112238
10.51432698
-204.59190788
-198.98893301
20.30616315
-288.68201548
-34.24940920
-33.52906032
-39.75666138
9.20762853
-46.23370152
-8.38080619
-263.66940161
-19.43644526
-93.59916514
-27.94010147
-38.33024786
67.78851339
-92.73125839
-34.15766813
-186.13594370
-260.30084035
