25.90646453
-23.61454095
-9.93344445
-2.00396410
11.05966971
-3.81578997
12.37389622
-12.43738135
-63.09792697
-91.04799498
-57.68554329
3.32431948
-9.74935756
-23.80169221
-2.22693759
-31.80327521
-13.28804885
0.48877040
-12.80208703
-7.15774755
-31.29761349
-96.44524105
-25.04287584
-7.26414492
25.61826967
23.08965858
27.76396896
9.67495530
-13.18509212
-53.23611222
13.01720538
13.91521873
19.81030054
11.96442331
3.25703267
27.49915337
-15.89379325
-22.63287029
-13.79050766
-27.53745072
-8.33277246
0.00000000
-30.64279155
-56.53145118
-86.62829600
-16.90569286
-14.48848877
-14.41899536
-1.07610100
-4.64161064
-23.61235736
-69.97896973
4.47578106
-12.54981608
5.47147853
-21.65181183
-4.69760790
-29.39069030
8.83941311
4.33156372
-1.10357552
-28.24129440
-7.81539778
24.51824154
3.74095682
-48.28097785
-24.02178350
14.67771620
3.12526353
4.62223730
25.07244373
-27.63913413
-29.55979962
-11.68261506
4.65452838
-17.76212933
-50.64950397
-9.58663938
14.59569596
-1.75439991
-0.66559918
-5.97136948
-3.50924714
-55.80769373
-109.13818774
-77.79898809
5.74334847
-34.91308266
-43.18290114
-28.54352926
-30.03719890
-0.49964675
-0.78245269
-16.84622526
-23.95025955
-22.54927897
-104.84404740
-19.89232650
-16.04772569
-73.16597378
27.82263376
-19.95690908
10.88784217
-23.01749289
-55.87111881
25.10425154
23.90103530
21.91911297
-10.92224849
-7.06402376
11.83971427
-26.77024973
-58.04620929
-15.97517105
-10.71096226
-20.21084228
0.00000000
-64.74940380
-36.47650613
-104.10898401
-26.71945183
-19.62968972
-2.22215713
-9.47984275
3.32325302
-35.91360977
-86.38305993
-25.48948995
-24.40201307
-27.24257691
-23.19784019
-30.20249101
-54.88982335
-23.49102980
-5.26141772
-4.31389702
-38.12230569
-17.46520954
6.53147687
-17.94983780
-57.67253984
-22.79792345
2.08276611
-13.09084336
2.70056171
45.98570868
-42.11613317
-42.36221518
-50.84651565
4.25367846
