100.93821339
82.77540414
76.82026523
111.82605341
144.57435849
59.64128673
48.68422844
50.29804771
63.84173000
36.61966008
63.64537978
75.64857735
121.75241187
102.67455767
98.06571567
76.98441213
36.65977593
46.30442765
71.02958192
38.88471540
62.56171348
82.88114741
10.33271457
53.31193967
118.61789045
71.53154274
84.15952527
63.33127516
73.72514126
69.47913833
64.07056030
13.65064657
99.37144938
80.23171014
48.52457615
112.17106701
86.10654133
94.58853926
64.64422353
30.78917821
50.05032685
0.00000000
37.91212549
11.83340017
60.43466253
72.44602766
58.80260502
64.66408399
54.06810084
27.74196366
33.79534586
82.01219666
81.23610173
80.92080064
65.64568818
139.18067571
106.09055315
75.47357297
94.80403839
103.05891848
65.91782666
42.92252229
121.64131704
31.08199875
76.72256407
67.71849618
40.40695443
71.07396083
86.41395808
61.86348015
79.85210790
59.89301383
75.31223546
84.55363809
80.65742336
1.17042658
36.99661136
57.87753654
76.40840417
40.14217823
44.54760142
18.49071333
15.82045943
46.46319668
12.83296425
74.16774695
28.46479223
96.76747777
15.96633610
41.50673599
38.68434004
30.89349710
35.17524688
38.80335022
27.04726221
11.34130751
49.81589401
19.63252970
95.94832272
46.59081994
56.80371926
-1.39204255
74.19387389
57.42616587
51.40464381
69.74157452
51.16719494
92.40749372
110.33817494
35.10797080
29.97253308
40.28034292
39.73118627
6.95547418
14.29780101
23.51393254
0.00000000
28.73263566
11.37734992
30.10081225
46.41007363
32.91900384
36.97292120
37.03289912
-7.31875345
26.41401443
49.69515105
31.78200128
31.97365584
29.50291636
51.46913997
56.32170962
49.67822542
55.04754949
35.38973078
-4.55331711
22.22554798
43.23326569
39.45716518
43.50660477
42.90436152
10.37254466
34.92332035
32.25667457
16.73928773
88.77245786
35.11697935
56.39196778
22.47131628
74.79774213
