-35.59870819
59.40303730
13.78317818
61.78710503
-12.56323731
-6.88883806
-12.37993596
-30.30855420
-4.73327849
14.01012581
86.40161776
53.59823036
21.36482307
87.70326168
-0.71856587
-12.31419263
38.18019771
35.05526151
-11.66359738
56.40584757
56.15300664
-46.34669138
26.26837070
-22.64255133
107.90815894
14.65347973
67.98557044
-52.58890071
-46.45135357
77.80252418
33.99729127
35.29566935
82.67566510
87.42911389
75.71268553
49.85895266
46.23703593
51.25667137
45.87304313
60.96728757
27.82005132
0.00000000
-15.26182955
82.84264567
-16.79568538
14.67603924
9.48964925
18.83868073
55.76431874
17.34791073
36.79497252
-59.83293054
-1.32067032
-46.79570304
-13.90830888
25.47388636
34.07775863
-40.10127275
41.77424107
28.63933877
44.55272260
16.44271307
1.46061582
6.62353351
-29.43102039
62.53808331
-16.08833981
-1.43811432
33.32274830
1.25888707
-7.85079994
32.97527093
45.23519887
89.60708223
69.04231706
-118.36368156
38.24714843
-40.38760799
-11.02258784
-49.53155373
-35.41128952
-44.57627562
-36.91187386
-12.59546588
22.48552818
17.83214581
-58.07468017
-14.83011750
-108.80058161
-136.21798163
-47.63507868
-7.41457333
-28.35196294
42.30945356
93.59970230
-0.45371172
-2.01905237
16.59205733
-19.41359515
-21.61824587
-136.55004818
-8.07540749
-135.77843833
-134.76033864
24.45389008
60.35523941
76.26062631
37.78359753
7.85032240
-5.25132040
-48.43395764
22.97989212
0.05100612
-54.35141094
-71.24886740
-30.48447297
0.00000000
-45.94893701
17.30306843
-17.07114334
-77.06577717
-49.78654679
-30.37963650
-1.00478594
-42.19013372
-2.79526315
-90.95414793
-86.29209710
-99.08287569
-66.73047423
-145.93679273
-37.21307994
-114.18006896
37.14912968
22.56061603
26.68413731
7.65806977
-88.34609143
29.98477865
-49.44394558
42.75166151
-18.49811975
-79.31800008
-54.00193818
-80.54519758
63.20661393
-9.47134785
-43.90897991
7.15845119
-10.08318710
