-17.04955510
-47.62458970
-31.44477162
2.81861215
68.17331904
-1.27582929
5.27998621
32.86501313
27.58254738
-64.95092328
-5.74012437
36.23549456
10.36920234
42.80794410
41.76732991
16.59179164
20.64227692
21.55667914
-21.71462243
28.88951924
-36.80460148
-32.07610479
-1.07848536
-27.80700891
69.27391394
58.86793058
-30.73823859
14.24836797
43.04369323
-13.38109430
-51.05100245
15.73054415
76.57698883
11.22909391
45.08691058
55.63207547
-23.26855896
23.44614155
-8.14580619
52.27120980
27.04152566
0.00000000
4.32365117
36.74593777
-18.86642090
12.73027630
-0.47275475
-4.31855655
31.77728094
14.16026040
-20.33482375
-23.04838713
17.05179520
1.40769240
11.69575486
140.96829384
-11.20370021
-11.17679031
-31.02214282
-43.06218989
-26.94929544
-22.81642337
32.52691507
-37.26868165
-21.40425590
-26.24358946
-4.34145016
6.19688741
10.27668657
17.07738394
-58.29405919
-22.83996531
4.86827286
30.40241407
69.46875589
-38.36477908
-62.55831810
-16.28154333
-35.02332561
12.64010046
-18.58393940
-1.84850425
16.64285106
29.88027257
-39.89705744
-14.08144171
-4.95042785
-50.50951524
-19.07863261
0.15924706
12.20066164
-25.67404502
5.49216781
-13.92770473
25.52899773
-29.80990001
-29.45613169
-15.86013522
-41.14429207
122.53330185
7.34098294
-25.68597625
-74.64398639
-16.15344710
-8.65064139
-49.35846981
-17.81748830
39.22118491
-1.93570134
0.36080437
31.38545971
-28.95178231
25.53754270
-23.58606807
-14.78843019
10.00699807
0.00000000
-2.72637498
-11.66389638
-14.00999940
-25.16153633
-14.98697329
-26.48998661
-8.75408841
5.07175377
-26.26613181
-22.60141882
-13.71575091
-18.33471285
4.07113929
78.00784462
-8.18672182
-32.27539783
-43.49795185
-56.49108840
-17.31901023
-18.70416140
-24.28384063
-33.96133605
-57.34496829
-26.05965131
0.56549466
-24.28374582
-5.20524021
8.70294822
-72.61428794
-8.80880266
-26.31656955
2.13443104
-3.97565296
