-8.82989077
98.41837847
226.58598218
-17.69119096
-47.19947423
26.55797492
55.97002792
16.61368822
20.62398823
62.38536157
165.29177652
-73.59026197
-104.31357419
-135.99678316
46.87683912
54.57074718
-28.48161812
-27.74378301
87.42098145
112.27452356
50.23840007
130.11386125
-5.16084139
-31.84495612
-4.41611171
-9.61846740
155.43554321
46.00597867
5.33359685
154.07081111
22.32522020
-43.41405882
-5.91219987
43.40033776
-47.32113779
30.88883563
36.66109037
36.20114617
-76.65524022
-102.08029723
-20.38561523
0.00000000
191.54434697
-54.35352217
115.60507031
-21.89480948
47.75451814
-8.55944997
-33.50571315
-22.79894415
18.82690976
83.69531435
3.13064730
87.29857498
12.75946915
10.35606125
37.31441991
105.81027370
80.42849548
49.96023195
20.60204252
28.41921183
-85.85802165
11.81800099
-39.67843571
59.64626939
37.42444611
5.96201470
-44.80381965
-10.79914136
-10.70159416
33.83273795
30.88106722
-33.52903535
5.43403682
58.66789083
204.63443982
125.80732616
107.75728659
34.69736797
15.54532583
58.43774518
36.61838137
75.60526143
88.54273627
143.30965071
137.28548099
105.24861950
-38.14695133
168.83047129
76.44712704
110.81111906
85.30311785
44.68600127
29.38301215
53.14791315
148.36111156
32.49047950
33.05247462
77.09828504
98.77723617
163.02621580
156.14318601
119.68581166
195.63574186
-44.46756280
-51.36875100
190.31922476
126.48180227
57.73515710
156.16581710
109.53259044
87.87412732
74.26982586
64.82887105
82.67771209
0.00000000
152.58303019
26.37583831
131.92517807
124.11483255
83.53291251
74.17345415
68.80681055
69.84362170
56.70816642
136.87799229
91.86384521
157.49113484
117.37716127
99.16923697
149.28167890
117.75805335
118.39523052
113.50265956
50.30917726
56.56643237
74.45341552
-6.58554165
33.14201504
114.18852655
39.24861561
114.40746686
92.82808840
83.65004195
-71.09927945
60.05627233
124.40632351
122.02510058
241.19920954
