13.80005280
36.18791653
-43.76100517
10.16525059
-0.43087074
-23.85425623
7.84119997
-7.73073746
-43.58823372
14.17979464
126.94162916
-5.36431808
-31.62884399
-59.14343893
5.00638438
-31.22117144
-8.19758293
8.39725385
125.97596085
131.34653790
37.03757514
66.66342735
-9.51907942
-18.82553694
-3.99431149
54.32353499
259.74120417
-2.20276138
48.96852820
95.04389262
-38.77796067
5.94239708
-8.02223260
-33.32235392
-21.90886107
-26.48516980
-6.12698989
-18.92085682
0.07209159
-15.37703889
1.25444045
0.00000000
-50.11076423
-31.31854964
42.43385531
-0.40479651
5.92185762
8.39518365
-22.81038416
6.80638433
-8.70322181
47.09329060
7.12577004
-7.61834188
38.76834140
-33.98302463
141.27140413
139.21477075
240.27477225
76.53081096
25.33642401
30.95647878
-15.79283253
-30.69318589
-20.64688597
74.47587774
-16.93973910
62.50000097
30.88404593
56.98194062
-39.14898810
-35.99003647
25.63065948
-37.84765656
-24.38959050
5.70231610
24.45362253
-66.64595032
10.28887580
2.01340719
-14.91139360
27.25269528
8.52180091
-24.85493215
43.90876976
122.13641848
28.79737508
-12.05645467
-17.17261905
4.33366462
-19.41155142
-0.31347213
19.52372794
85.98670577
111.16148216
29.56127448
73.80694691
-16.40690674
-7.16848974
4.12707520
79.06827221
181.19021983
-7.06775300
5.74334553
84.25278677
-6.58917288
5.35335595
0.77510363
-29.40554813
-7.21118627
43.47302091
5.90713931
-21.64879510
-1.00030963
-19.09897180
-8.61169415
0.00000000
-35.25636090
-22.41621085
45.91235681
-6.32379140
22.46167740
1.02875669
-23.79476374
12.19597210
-0.88261952
59.21171818
-8.27659836
-12.15946147
24.21655303
41.57425035
122.76838619
23.41535282
183.93939880
31.90938355
13.23608618
24.45248074
22.04617975
-9.14615343
-7.33728425
65.44688689
-6.10796197
52.45855727
57.64773677
58.60302537
-1.84321549
10.92750285
2.41900746
-8.04361216
-0.96988005
