27.30546302
133.83788954
285.19017826
168.35011285
51.02005465
38.22390498
73.21622505
81.78650076
41.73280058
129.17919284
170.10983264
36.82070313
4.87938935
13.91539285
72.19700859
63.37031909
46.07016211
41.33575504
175.37893590
224.44469143
142.49158898
179.01283157
24.41579132
14.00825269
103.68441310
86.37564005
401.71834645
516.81567671
303.10689177
274.59360639
67.63490252
37.37976156
87.79362836
43.28458184
29.82597072
30.01861727
54.04152627
37.12628656
42.65303164
0.37447563
30.69486149
0.00000000
10.03298231
-13.05537131
125.00896088
189.71497544
148.42054934
24.71428094
15.36140633
25.82037656
9.30583065
87.32610562
59.79630199
36.54138032
67.39964465
-19.88307671
182.37995136
135.46439464
256.90173078
190.48433320
72.83659439
58.40117031
37.39788622
52.35271250
29.24939045
179.19790663
48.42548439
212.96195037
43.34579885
106.17751352
57.92800358
65.43554723
39.86105907
60.40542816
63.23599080
36.15916218
177.40521613
388.45089875
180.28831035
93.34948324
17.15250189
38.25660853
57.94950979
13.74257756
178.45034130
190.66476630
65.84550344
-16.74006241
71.67196299
77.12487895
48.95805508
72.81252832
57.32592021
143.15444498
172.85334323
111.06836237
146.38970769
13.83509432
19.17139606
56.93385444
122.72879429
336.52312353
444.19815460
263.65538338
290.15948739
33.06963958
25.39888358
97.37298727
101.38310230
26.15003729
82.15824813
3.38455402
42.25295616
20.29847619
46.36692118
71.15839668
0.00000000
0.70974239
21.96015303
79.64173117
244.80250594
124.49579578
39.81143438
21.87929297
38.42843421
-2.45943440
95.37231298
74.63349803
70.91320539
96.54616415
34.31552220
150.17173415
-8.89218929
180.52122712
188.34017268
79.68530041
50.83339838
92.66169706
31.99436281
38.28825678
185.81478555
40.98212226
235.32231738
71.33739660
115.96497823
31.68795878
103.41302724
16.92881601
73.84329276
139.02805278
