34.74947185
-24.39880737
-209.75636564
-105.80303801
-6.51778941
13.35013498
-30.86564551
-51.03328379
-9.32109589
-65.23672116
-142.83331125
-46.36697201
-11.97987991
-43.82869415
-18.69698090
-57.23372467
-28.34538819
-17.20907120
-113.79222110
-167.98197462
-66.48478156
-87.76491448
-8.77560195
7.72889210
-54.84078568
-58.17207767
-250.54836174
-330.69767124
-218.07792854
-129.17946934
-38.57095464
-8.96998383
-27.74755894
3.09353702
0.45686912
-11.09920509
3.14994435
-13.42374293
-48.77592278
-16.14063582
-16.37891542
0.00000000
31.55994720
26.37098278
-63.23412316
-122.99270253
-62.01612088
4.25303604
6.83345737
-25.48376173
6.25412146
-67.63937532
-38.65214796
26.98939137
-18.75493509
10.18598757
-126.33002122
-115.80345796
-149.50223207
-150.85425916
-48.57884586
-44.06289421
-40.67755991
-34.58091385
7.47056452
-97.37114905
-13.81325039
-148.07054177
-38.11960398
-70.22408425
-28.65482334
-26.87418876
-38.44015623
-32.70699690
-21.34158273
44.45484783
-127.92784789
-249.69088097
-118.01575130
42.33011612
5.82735992
-23.44305743
-47.83115434
6.14896151
-96.68621690
-120.65123055
-30.93736976
0.88682731
-22.98574190
25.40618655
-27.94360233
-47.90746676
-28.88623401
-74.20030311
-132.75832056
-63.83634802
-80.29249995
-3.81536594
6.75451662
10.37146322
-52.64517791
-116.66320067
-308.71202294
-192.71161181
-88.44400712
-22.54094235
4.38570432
-38.33725054
-50.01151980
-12.28259500
-37.65833580
0.16117262
-7.45875249
-4.13599534
-30.20556285
-33.46446206
0.00000000
36.56447178
3.49211880
-51.49861097
-161.56275732
-61.45298549
-15.20866668
-11.62222477
-24.92654549
-5.22289647
-71.70147217
-12.90824215
24.25039853
-21.46262732
20.21334841
-43.38151188
-1.43317007
-104.98763451
-137.57182732
-47.08282301
-29.07940362
2.31354779
-3.37476104
-8.11370273
-89.54755775
-3.10898152
-159.56388382
-33.66300525
-90.00350159
-15.45826402
-21.92748774
12.00130932
-25.81646298
-59.43411127
