47.35728667
174.33265590
292.45232754
46.84569833
74.39402218
63.53823559
91.53608788
75.41639772
50.49192848
96.72658496
134.03044005
65.06357115
74.58280769
80.91477054
72.09157751
122.44772048
54.70658675
34.65242969
241.45913516
237.04204086
163.14982947
201.58073906
25.94296396
21.09614585
104.69749153
84.33574705
271.72466539
255.97915158
163.71370236
229.70151446
64.27599951
51.91226412
99.18021756
38.81948272
36.31110946
60.28174663
93.85063767
45.87649808
53.17430798
29.03361171
46.51044025
0.00000000
150.45683786
29.43126884
166.03696280
83.36033618
108.77036839
6.84707085
35.90064986
31.71201985
18.05895435
140.89164752
48.79674281
38.40015561
46.30749205
128.68762462
161.58179927
282.12894266
269.78020505
237.40812767
102.22688133
69.19717111
23.81931219
39.46367620
11.65710230
127.96335296
62.13582229
84.76320064
28.45178321
36.41712545
56.89807979
68.60223244
83.82595088
73.61327480
84.46400699
49.14675624
248.15915470
303.46445270
37.43024152
102.13109889
29.94537769
50.16266218
48.91025915
54.76018876
131.80730070
203.43732254
57.37754023
45.71346523
42.78761251
101.38093710
88.07721392
73.82205925
65.15049330
192.84325148
175.18571418
117.49869274
159.63267073
35.33397356
57.20363485
73.07981963
71.76233204
202.68986903
67.58688616
64.95155603
227.33007734
52.42498665
32.15691867
81.50988396
90.18505383
73.25984743
67.07662626
63.23423251
84.19875337
42.54374470
19.82470072
63.15377750
0.00000000
183.94246259
61.03223311
125.85534931
74.98611622
75.26013121
54.27664121
57.50921026
30.14583825
23.93337144
97.75092789
102.04249660
70.08379252
57.74790091
76.08230817
154.74282504
287.79978463
190.75453065
156.72318493
115.10336726
47.58673600
98.13784736
39.57484128
33.75507246
129.69166628
54.39035939
60.03486404
50.73758866
17.12248386
46.97900968
85.64593658
75.06458436
80.89102295
117.04237072
