-23.21376145
38.69329269
-70.25574368
7.48867972
-41.49854082
-0.20293626
-5.20908893
-9.69092408
-9.08418320
-22.29084377
-34.20778679
5.58348290
32.09376701
-1.57293768
9.80308576
-7.67275184
-7.53045164
12.74152355
0.15000849
-55.21400723
-14.88422993
-39.33035033
3.45646015
22.89787661
-18.49511168
37.48667683
-34.62631593
-73.93989367
-12.20920457
-77.12129029
9.53720713
-1.83527942
-18.10944956
-1.42658172
-2.17819529
2.82413592
-19.03776207
19.75710370
4.17133629
-6.49424600
-5.07367986
0.00000000
-8.30643234
0.66504077
-59.78218200
-27.80930154
-22.33662585
4.75289553
-4.70634537
-1.92864579
3.32090088
17.79055936
11.75367187
11.81290463
3.53064475
7.46244723
-9.27741301
3.82029421
-38.54930374
-1.69402444
-9.67176940
-8.78911204
13.75476265
6.62576233
15.34456417
-38.02368008
-18.86610590
-20.59806712
13.54832959
3.92250988
7.14121538
-26.37175360
1.16272778
-14.53020723
-24.94788827
-12.51705240
-15.36165272
-50.03909330
-1.57918932
-37.17300408
-4.35560749
4.61433468
2.46123126
-27.46241460
-45.20638331
-46.85793768
44.59196176
26.42567604
29.20388877
44.84288468
8.24147101
7.55884748
30.42673631
40.18447838
-34.27307725
-9.01999926
-41.66682254
4.00928783
30.77593255
-1.69173781
58.04964169
4.87259589
-1.42635422
-33.74209932
-60.70763542
8.00961160
6.69743581
-7.41427389
-18.58108510
10.66352900
19.74933976
9.30512495
2.12047557
29.49299575
25.57124284
-2.82287531
0.00000000
17.94588387
2.20112784
-31.18551498
-5.92209770
-2.46560797
27.94410427
-2.36712819
19.62984065
1.62151379
-25.52214095
50.78137488
4.03539110
-6.03665987
66.84987963
44.24492576
104.49027519
10.94770739
4.22114869
4.21300712
0.93290337
65.34336872
5.07760009
25.29758304
-33.39112637
-15.02578211
20.49466765
62.76961963
13.54434721
3.91369348
-38.23321866
16.64050354
-12.85311176
-14.35904760
