25.42702658
-17.15752178
41.96764951
-19.94277406
19.79600980
17.32610326
28.80700737
19.79766263
31.49268993
27.04858726
-21.78538840
26.45435509
43.89574494
75.36994197
-7.87692940
55.24952515
0.62516528
5.12839628
-6.43261825
7.17555596
-1.18218165
-1.24614248
-2.33983182
13.75220714
62.18923174
-15.18420592
-13.49119977
23.74904098
18.78932347
44.45743965
38.00607247
29.85985521
8.27731373
18.61575515
-1.22352805
25.20734206
-18.98954896
6.72283720
21.84373047
25.44319347
3.38426792
0.00000000
-21.41440011
10.49374197
-24.72490831
-0.54016263
19.36929518
11.13505928
0.55868725
-8.77591263
7.05844881
-16.11917809
-9.65817782
4.86496815
-29.00327769
75.90435949
-38.32910454
-42.82964728
-29.18048949
12.60546656
-6.70146381
-8.33388022
5.52371312
13.15377956
7.08286473
13.43977760
21.58246819
-4.26005979
-6.10183686
3.03794685
25.62401043
42.36780513
-18.27125679
53.15930734
21.95151032
-2.05490318
25.22064048
80.66649639
-32.16738501
-17.56208218
8.55321179
2.00347851
9.74402593
33.69692947
28.52153263
2.54806915
-18.88189564
14.18196325
25.27208912
-32.98252161
31.14403380
-25.74897191
-26.92155354
-14.27795900
12.42413144
13.74234510
-6.13791064
-12.37043566
-2.74754048
8.22525357
-58.48653946
-5.22436374
46.03496492
48.84994130
26.23235219
12.39874789
12.83004410
-19.38851760
24.17020702
-22.19255339
-21.78019349
-17.04003256
11.15338283
9.84854844
-3.11793008
-10.52763087
0.00000000
-11.71034059
-5.52769477
-8.54311380
21.29511017
5.03791896
-0.70626610
-25.51406462
-14.00184577
-1.15624720
-12.62953173
4.93466602
-12.35828524
2.84072322
-45.47625448
-19.79772265
-18.01509198
-18.96553925
34.34399585
6.82033132
3.37181338
-54.11547383
4.00587334
5.89330386
22.01809394
16.60735095
15.92968202
3.64331071
5.06750728
5.42789015
20.98945459
-18.19162344
23.35886089
-8.85485374
