29.36048706
50.85488537
112.77019295
49.05904815
49.16880031
21.06951200
39.67269958
30.96986151
23.40300337
54.01877152
42.40174401
47.80554344
79.65944645
61.60861223
70.71951747
74.72008722
3.51751976
12.28765675
73.13468095
80.92124810
73.26333339
92.53797350
-0.56771656
30.07572478
107.26670640
8.90924016
122.31113356
203.64490974
139.36201157
100.01483675
31.18951500
15.87746759
18.21426055
23.70612449
14.50458692
22.68417298
57.94877114
25.25671874
71.71080327
16.88156957
12.91270842
0.00000000
56.98701087
-2.60655842
41.28676080
77.53132622
22.95445611
23.10400817
-9.68260282
15.08356354
5.45503886
86.71818499
45.74911995
21.79821834
52.16000422
42.01079146
99.51940238
95.54908840
64.03636163
116.50337188
57.27619248
30.20557387
49.85859322
52.06333955
21.76917511
61.19228076
19.96933400
94.02468985
26.38738922
58.58498863
54.95688773
35.40631363
66.29049699
38.40073508
46.97060212
36.23449710
102.85842174
122.53383402
51.87237691
51.75007991
5.82620974
29.78066430
28.33547707
-1.07176959
42.75952301
67.78607746
25.79309240
27.98099856
30.10408090
57.36015463
58.30016513
5.19122487
12.00367348
45.81142252
84.67652790
50.69479743
60.95679951
-1.83323720
28.35209524
22.15401491
28.76070509
100.31091029
182.04898490
130.13741944
72.92864070
27.63043050
13.20941932
29.43428194
72.57452744
-6.36251949
0.18702018
26.31495105
29.45575306
28.58877480
20.92879028
11.98219172
0.00000000
22.40297314
-19.03672618
13.01725210
98.52762478
17.28585782
15.53369634
-6.86079906
19.37464055
4.94445071
59.76520448
47.64982317
41.38173887
48.05456378
1.31471352
48.42283924
29.97724284
55.15515653
68.59133541
66.57465839
11.73478329
58.72570514
22.77370794
14.29895770
14.72524449
7.12364660
85.51167161
39.94874144
58.16408718
30.38902083
19.34007347
20.69161361
13.03933396
56.79519509
