-45.38123261
-192.43982912
-153.65719792
-100.12992912
-21.74540918
-32.81399898
-54.19919573
-46.46114439
-27.40219538
-71.11213138
-81.80087009
-59.21670786
-80.36827248
-64.24429885
-46.89128306
-82.86787060
-22.88277118
-34.86407036
-201.47362554
-142.88706335
-137.09619022
-125.05958428
-14.92605889
-39.99763037
-81.97057051
-31.84287373
-188.24452828
-145.24578129
-166.80703624
-114.55004824
-61.62623011
-29.40687169
-60.28838277
-76.61572066
-34.37448379
-66.63926266
-74.46360958
-88.89087594
-84.20757113
-35.50140097
-28.32956658
0.00000000
-100.91334226
-17.86473717
-77.56753847
-85.12182130
-35.13695414
-9.95265663
-17.27770190
-19.70094043
-19.40735449
-120.18511445
-17.05743612
-41.67309140
-39.14911806
-89.04587273
-115.02315069
-211.03197805
-195.47567414
-175.79415336
-65.97335069
-51.41395781
-36.19936652
-35.49777268
-15.61657444
-88.65856396
-31.44186352
-52.89964803
-21.66907451
-42.08183149
-65.30136302
-30.08531773
-81.14961104
-50.19924262
-62.59229461
-43.61126118
-189.75950191
-177.47294773
-96.80710539
-63.15240990
-15.68274768
-37.02626407
-37.99027675
-37.64835447
-75.28815789
-124.65087978
-95.46418961
-80.31205394
-106.11238105
-83.71671612
-74.61750409
-55.24064523
-62.90170733
-139.73972634
-126.85147147
-117.26635044
-91.41576867
-20.13197969
-62.19596757
-59.58614457
-77.81012574
-157.24677927
-134.18024103
-56.92446643
-116.13981730
-42.30070171
-25.24848863
-80.66966626
-82.16986539
-43.34157797
-81.34313014
-57.88781630
-76.36837697
-75.39288371
-73.31938501
-40.97551657
0.00000000
-119.97750450
-21.39992134
-62.27136204
-99.77584031
-33.82864915
-53.65136500
-38.08161232
-44.77556809
-14.42102347
-98.07914525
-83.02351986
-43.21682678
-39.58698666
-70.56760867
-138.56038350
-203.46854709
-168.04279580
-112.01850344
-118.87586567
-39.81146646
-71.39432681
-30.59158450
-39.11186509
-80.53477803
-27.01500800
-58.40359080
-101.72268685
-40.13974341
-23.38983033
-43.22297388
-76.35872978
-75.98140883
-122.58170056
