24.78042861
-24.99443217
153.30731634
105.33800996
41.25565117
11.20107229
53.56535501
40.61464170
23.74914825
70.17882921
74.52135357
93.36254835
79.44714664
91.82260215
83.89701043
99.56422265
0.84526789
12.48020879
18.44762720
88.14890585
56.25187802
44.00666335
2.63013172
4.20753658
134.19371812
40.15837559
167.26121180
263.89429141
220.37944067
122.45431071
21.64978959
1.04408156
7.53826044
-7.11488174
5.43684973
4.74600689
-4.93610118
-13.37189637
113.64967179
69.48115685
30.32232800
0.00000000
-56.07823221
-14.46440818
22.03060224
126.76597166
27.80168397
28.98279261
-21.55154909
28.80492366
-6.18091431
51.58228121
54.63458689
33.26035622
69.75785846
40.78546802
112.00569844
11.81522306
10.07168871
78.62062075
34.54235490
41.32369886
29.22398658
53.96085086
-7.70146641
71.21180755
13.57983869
157.81185353
69.65411470
75.08009086
54.39636629
37.85206387
16.03993359
30.13524417
25.77640844
9.47003891
29.85041927
136.93882554
111.17527385
30.88310453
6.84319015
43.71223728
39.01504012
9.50386659
113.30397486
45.48835322
20.66321464
-39.96303076
22.62299760
-6.46139054
28.40759134
-8.05640950
-7.71153712
14.76769358
76.51315428
31.82207508
50.83685403
-3.75276722
-20.82763283
27.59456441
18.26008466
96.27091552
254.96419303
250.00542461
57.80621482
-1.47617102
-11.86320785
17.15633920
42.25810141
-20.77600869
3.16511150
-6.45306315
-12.19142048
5.44600039
11.55586579
16.71139923
0.00000000
-107.64853077
-29.80506353
23.13855859
167.64928291
40.58086702
13.37294496
-24.68509791
15.72781526
8.68827578
55.51116385
23.91702561
8.36928371
60.50642845
-48.47011506
37.69232055
-95.94039961
17.25326463
95.85120404
36.18621003
15.39615527
-41.49665590
-6.77324680
-1.38031131
44.66701972
5.23404584
165.51103486
81.46878364
90.73353274
5.86275037
25.82978933
-33.00636873
7.35511256
40.17316389
