-6.93965850
-113.30645596
-235.37294851
-39.15170773
-65.14943021
6.01440377
-31.68294297
-41.48874133
4.26010211
-61.99819855
-102.34440135
-11.21395509
44.98828416
-4.82444518
-18.01318791
-44.77528077
-25.45790757
-14.03662108
-115.44539677
-176.95483166
-71.17695784
-95.76957273
2.43395587
11.70577736
24.71356566
7.50395509
-213.35796978
-209.04611613
-119.40732245
-143.62373641
-8.23430693
-3.23335308
-10.50926025
8.45584384
3.97461698
13.58001312
-26.41991019
15.34239165
2.89592416
18.99074860
-15.03749024
0.00000000
-40.19731239
29.18878029
-25.65782887
-66.99893178
-63.39241996
22.79204089
-17.53619865
-10.24479377
4.09397497
-67.04528455
-13.88675426
15.02427085
-19.01415673
83.94616175
-73.60595775
-100.69065667
-140.09887995
-152.55842934
-41.12678726
-23.92015002
-12.50022690
4.94282228
5.10630635
-75.38140842
-13.39684902
-98.78899597
-21.02892405
-56.71534543
-23.09085127
-5.91657897
-30.29762766
-5.36165481
-8.81733277
-12.88372606
-158.24666945
-261.89979887
-13.98903687
10.02970902
5.25200328
-18.76517614
-40.75704187
10.51759276
-82.78906882
-139.78316968
5.81089446
60.70248969
26.13808437
22.07937519
-16.46168756
-27.14545662
3.49322676
-104.39230353
-124.65891982
-56.73383525
-80.45244178
5.75217440
19.15920544
54.56187980
-31.17293695
-204.62986584
-242.18841810
-137.20775493
-125.18593303
-38.90959374
-7.79479177
-14.23220791
-15.37361736
-0.11951487
-29.35062063
3.55547805
15.45749895
25.63821171
3.98035815
-19.97564007
0.00000000
-77.10440105
46.57473915
-40.72602520
-94.79850808
-61.91970357
29.92018674
-4.10490587
-1.07025679
0.93744757
-87.46441120
9.98311702
24.97197572
-18.15745198
43.94118567
-55.89890140
-141.36796337
-106.10888559
-129.42638476
-45.89889714
-24.79567324
1.92485479
-0.38046015
3.85737326
-100.63065931
-7.35528742
-136.36198596
-24.71811491
-68.28165714
-28.75994407
-15.38433600
21.79863307
7.71456873
-40.33537591
