-10.98540012
28.37112160
266.14751663
33.16560669
29.35069814
8.54065893
73.40391594
61.47254682
28.05257269
59.94688713
203.35366177
37.73727155
30.49868606
30.68904044
26.01083139
112.90406077
2.09671739
-18.85576649
41.41452653
276.60499953
59.45617347
131.53996699
4.62651138
-28.81450476
38.77261750
-18.44954840
86.07609609
145.56399187
120.56635162
156.51195674
16.98113799
-1.12413559
73.70869826
10.05812120
7.72022670
43.69525950
6.49744290
-65.71464909
46.67882323
26.76326806
18.87377212
0.00000000
156.26399348
16.77378583
114.18323831
82.11364302
89.59981837
-16.58141684
17.83532011
1.55926218
0.60507256
85.15769401
-5.22439590
21.03696530
14.56799263
33.93123807
79.77080155
117.00870918
126.30833514
105.77130377
21.33001305
16.94996077
-17.39180411
22.96969760
-53.08872539
75.91863261
32.48289462
25.38017011
1.66313707
8.51919755
11.43727429
41.96730817
-23.07691136
26.66935258
68.26004026
3.40203352
136.65153729
219.27636623
99.01316694
37.73363819
6.74107776
31.08731536
38.53283121
33.23376879
113.13396742
195.78474317
22.97617773
-12.84101466
-52.47976134
67.60320055
55.00627208
40.87670430
22.63354731
136.80488206
172.90000620
61.73562848
109.17423093
46.70558423
27.41330206
70.10788677
17.63043104
138.45360692
158.69149591
126.58609245
192.00521047
41.47748348
-10.76375376
70.20154294
108.17656022
39.45201302
0.83854343
23.16809306
33.74964830
0.48319662
-30.82641726
36.72687825
0.00000000
92.56681292
87.52107212
70.78826797
128.18478669
81.24485074
32.45862232
23.45635760
15.05016797
21.28785641
58.88904182
57.02974386
50.08782195
51.61913899
59.43326497
126.43251529
119.78530991
70.77848908
93.16462067
51.21771528
30.55468447
11.32454055
19.85002381
17.60526423
126.80288400
33.76657191
22.23620099
18.44628591
19.22421339
44.31358238
43.37381186
21.63129233
40.46774187
120.36747216
