-51.98468729
-149.14197686
-232.75567503
-89.87212068
-40.90809937
-24.04138676
-85.20885687
-74.84220742
-2.86385128
-87.19483886
-114.16216804
-80.82288733
-84.87695379
-41.16148658
-63.51083026
-72.75584334
-30.75029686
-32.44698814
-138.25120221
-160.82652820
-138.24560865
-151.31587542
-9.44113524
-17.50430547
-45.45773808
-110.38227355
-272.96624800
-268.77508919
-181.94455743
-198.13639666
-47.58783261
-13.97602507
-63.20881941
-19.83890755
-17.28129862
-44.51808117
-47.16178644
12.34862333
-65.38691351
-30.18564825
-36.90091083
0.00000000
-113.25225244
-6.73479205
-150.96520627
-119.34850224
-107.46378049
-27.96121602
-11.61496087
-36.35882403
-8.05962833
-102.57703147
-43.80435060
-56.25553398
-39.30779672
-38.92723458
-155.41758634
-141.10216737
-157.61786137
-126.84979855
-86.39482983
-43.33444210
-25.13547463
-28.69437960
-17.64640208
-96.54696070
-38.95837502
-144.43833475
-48.39114575
-61.13279222
-9.44467406
-23.44953135
-40.63231902
-6.39956813
-72.02872048
-42.27288499
-174.41555986
-214.85274623
-95.15615720
-108.30355198
-12.75249593
-52.66086209
-48.54299514
10.56861042
-113.69310063
-167.75058013
-75.99288356
-5.11770463
-57.55014456
-101.59533904
-33.63126119
-53.83703753
-55.40538132
-132.87165065
-123.26852683
-110.04439654
-120.49522955
-30.06602745
-20.37411304
-43.70839857
-153.04642457
-289.05112613
-238.17748981
-86.89957939
-205.43884375
-35.40434247
5.23278109
-57.91992111
-61.87938816
-22.82916289
-48.63630395
-21.01938045
-19.51659474
-51.44016364
-24.57675562
-57.37644959
0.00000000
-96.19144732
-38.54218154
-102.24146790
-144.37245885
-91.55050683
-51.92003970
-18.60596882
-48.61959227
-14.56143954
-75.86230155
-91.49020159
-89.19436611
-64.62511962
-104.60108905
-168.70859678
-130.99320223
-138.28097168
-102.25706117
-117.98087360
-41.35258655
-125.92305269
-31.76967576
-17.53033704
-116.48214686
-33.58094986
-170.50588785
-90.47072702
-63.08876227
-38.18711747
-48.74135745
-21.33008646
-29.22847607
-57.27684601
