62.40881281
228.46478812
445.10017393
89.41305149
121.83257946
64.14361066
96.26138597
103.58048018
71.99793145
107.28040692
103.73652780
106.01286456
98.81066679
131.88925886
109.73657681
188.26980285
48.58884484
33.82198713
269.01661898
234.19559678
181.48329758
190.24474471
11.42167607
32.31234931
113.40738065
106.30372483
410.55804422
414.48909591
281.11283676
268.11891213
79.61810754
33.45268090
76.27423357
40.07950117
5.80910821
95.09913877
97.50833090
42.06873003
79.93935872
55.39909655
57.06903052
0.00000000
120.45967169
0.07687461
123.80696507
153.62416258
148.09827153
1.48417573
16.37399141
34.12410324
12.24638949
149.52874943
77.21263036
52.13943462
72.10735661
135.56770460
199.86956623
278.86180701
270.79640971
248.60325292
100.09275790
67.18591327
37.45142068
62.25045660
18.48477252
159.61848311
65.45565306
171.04438931
69.89610825
84.97678578
97.54937958
78.99408304
87.04993803
80.21394071
70.77182162
36.49736584
299.90387555
490.69544894
58.67780882
85.11191083
22.75070207
51.14169524
62.05517765
62.86315100
175.96142626
197.65044506
84.26344001
86.73234132
136.16026210
105.83569013
128.51566363
69.22240902
53.73693794
193.63126897
203.69147773
140.06136019
159.32113241
9.15982348
56.69584619
70.21319759
73.20527616
312.65776051
241.82654849
209.43629352
269.54672967
51.83688293
11.95483217
76.88738866
112.74828785
31.30668997
65.40257194
43.92880840
85.65522650
69.58561694
76.76800000
70.80918775
0.00000000
161.34635842
9.53364285
105.62937602
153.28010640
118.57787025
55.34146628
47.30967929
26.95150182
12.15782308
118.96094337
142.64339966
55.02265554
82.49231690
65.78693843
182.42828334
241.79569268
211.65640642
188.32481275
131.95327385
44.07259242
144.65353195
37.46850590
37.38441830
162.02797888
59.98333194
155.11384594
97.59912780
76.39471520
51.52101578
84.21733152
45.47478540
95.44202378
144.43376297
