14.90773395
112.96067149
231.75973737
54.79699782
45.02958337
44.07527522
40.30196023
43.24072365
23.47725202
100.51406227
159.38401799
26.12448079
22.18566367
47.52979798
7.27908946
84.89017248
13.34133027
10.79729504
122.77466705
177.74195732
79.94192590
88.65286194
-4.74598385
4.63716920
48.15272364
8.10210821
190.79372126
269.99171026
121.19581566
162.54664587
57.39584979
11.53500817
48.59058021
39.03362504
-12.87683903
38.85490751
-27.81366913
13.12420917
22.40251370
33.75070107
22.36968523
0.00000000
65.60176697
-38.27546241
71.06721491
100.72443737
75.71824451
7.90115519
8.12588684
8.26399917
-5.29320419
77.20213111
1.29020611
5.65991018
33.56335987
-20.86812911
17.02325228
119.87764824
111.94296345
176.95578243
8.34492861
19.97270340
3.45898489
20.85224771
9.86945271
120.36262223
24.27447758
96.79949547
11.96088827
49.18512936
69.48547870
37.63425231
-1.39311921
52.82714638
40.05811154
2.04655522
153.81623103
297.03106359
22.57184884
9.36441506
7.19023348
14.81432146
35.87754778
24.26399561
133.00827328
142.03996078
1.56367644
-38.20239891
3.06639375
-17.54466998
65.49397250
7.34562115
3.67333435
77.19362157
101.01630277
60.09266737
94.44247889
-22.44341838
-10.34076461
2.10776861
17.89327322
104.18802778
345.87360136
204.01804927
138.02732902
56.82497423
1.61802508
32.37951978
27.90586142
-20.80371333
20.50744536
-20.84851226
0.45931275
8.17074613
36.82203831
29.15100882
0.00000000
29.44172277
-49.55918767
66.48417834
171.69716187
83.27378523
14.32711165
-18.80218225
2.30538788
-11.13148777
83.01244972
14.12405511
-14.48258078
56.97126505
-16.52306230
25.87000172
46.29178401
58.79936396
165.96861074
38.61251970
19.21285155
-32.77620749
3.96028534
-1.87445506
110.16333248
16.88721776
163.63597287
29.67579073
71.81069976
44.74026352
40.74753285
-29.66341490
34.64241091
64.39305710
