-41.13795529
-89.24747573
-279.02997556
-109.86363096
-43.53125068
-70.52307860
-68.84384340
-77.96666088
-87.53472543
-144.35890877
-115.90134722
-79.83532916
-83.33032985
-111.63592756
-93.28071891
-145.21703597
-43.09613381
-26.70229178
-137.21796516
-192.66314515
-120.63461671
-146.56011707
-19.66355717
-33.64489128
-199.04246712
-65.29652904
-292.86449499
-340.70431434
-211.69081224
-273.48763823
-106.56580784
-43.97282045
-73.27361504
-59.54613495
-24.46301574
-68.33929129
-71.15928292
-54.57128453
-72.95714539
-50.02965680
-44.19803974
0.00000000
-65.37852123
-21.53624693
-120.67247603
-138.72566181
-114.67283373
-28.65035721
-19.27126763
-23.63493816
-7.40740141
-84.09510535
-53.05061399
-53.44812905
-93.94694617
-155.25235693
-147.95123060
-142.33555808
-139.77355991
-154.70777739
-57.62281303
-53.80997025
-32.98330492
-88.83357895
-41.47111340
-136.83140669
-68.71967699
-152.04706552
-42.30323938
-72.14213866
-112.04441502
-111.87882043
-59.68185542
-109.90495081
-87.67642834
-25.20694681
-156.45694013
-309.88965794
-89.59752617
-95.79835966
-27.19907815
-38.64543845
-49.54422172
-79.89383288
-183.17966227
-159.15530327
-19.97433904
-39.30682084
-70.77298048
-58.10393790
-110.81161116
-32.56320693
-18.12032338
-64.15569427
-135.59294673
-85.10617932
-113.46555618
-18.64354777
-42.97686298
-106.51867878
-15.67354446
-201.59929867
-303.75800608
-278.53057195
-242.20764364
-55.78106515
-27.25127592
-74.10920899
-106.25890430
-32.41285475
-35.89822447
-30.36448351
-70.97550139
-18.81676720
-26.57325838
-46.87931471
0.00000000
-27.97239885
-23.70837576
-76.81582914
-162.15526363
-86.10488054
-28.42962871
-18.84760550
-4.96634603
-11.29935470
-71.62256043
-49.51335065
-42.42763912
-99.07755006
-8.69306653
-87.55226057
-17.28723936
-77.06611318
-126.75832414
-75.06549175
-29.28394367
1.95210015
-30.34030679
-26.98421530
-132.04569028
-57.33705526
-136.92803923
-32.46094377
-79.35037793
-47.51384789
-106.36215096
-37.71470787
-90.40224546
-126.88440154
