-13.70706046
-31.99354980
-145.35639475
-51.07709021
-50.01447935
-38.66532179
-45.00455419
-48.01353030
-43.39284800
-18.57680270
-29.56844487
-36.11530194
-26.42999678
-45.46613275
-57.72279599
-87.82892372
-11.56491035
-11.12394193
-13.77246639
-69.32534056
-66.32473242
-31.37264734
-14.09176021
2.74985441
-81.19134345
-58.55110442
-107.53332627
-122.34518815
-94.71940734
-118.54467981
-41.65501564
3.73352059
-12.99495533
-14.75426984
-29.81003053
-19.30438228
-27.18614446
-20.77405608
-42.54734191
-37.89077332
-19.28382861
0.00000000
-33.51519702
-2.69421034
-23.95658100
-59.46198982
-63.87573655
4.66797313
-10.67570724
-20.11955982
-10.34578373
-24.14364485
-33.52498054
-18.29791151
-59.14287533
-32.77764858
-80.53053230
-21.89590988
-17.66870784
-56.29363104
-34.76813610
-25.65277603
-16.72718994
-19.33882375
1.40561365
-35.31755848
-32.04896814
-53.31710866
-26.48444823
-41.63575272
-40.87420731
-45.37092159
-24.77523048
-25.47764106
-12.57599501
-12.04054630
-49.88253041
-152.55834066
-43.66675818
-45.14302989
-12.48250536
-24.77247027
-36.97167296
-24.12803461
-45.37098317
-19.46606759
-8.82079249
17.01369556
27.47027689
-49.20085214
-65.45548811
-10.25614537
-6.94441170
-17.67196680
-12.95562921
-31.28932486
-21.98091137
-8.48239338
-1.66399916
-28.63737461
-46.28394201
-138.18535501
-145.00067748
-217.26494542
-96.47543102
-42.20136629
1.95291309
-2.17735215
-34.10973908
-3.45953114
-20.41978226
-19.35894893
-6.85260226
-1.81889492
-1.49035074
-16.44588353
0.00000000
-13.93926701
-19.50271042
-14.76708599
-73.57572858
-45.18588640
-15.69003400
-3.80185754
-17.92546002
-6.92980234
-19.55912356
-45.51271200
-22.97599232
-56.20277195
-18.11466590
-61.85329789
-13.44334669
2.89755099
-50.04607581
-58.66463307
-18.50566628
-16.04844165
-21.20600468
-17.51584739
-45.78515773
-23.25976638
-77.10219199
-39.52859762
-53.90748982
-36.01732560
-32.28384584
-11.39538265
-8.85896623
-8.08137744
