-27.56433704
-141.08810164
-72.08425211
-55.75469379
-8.83050865
4.91027735
-24.55194555
-29.60564108
-21.55436750
-55.20652790
-209.91641459
-73.53065092
-108.54650415
-76.22711814
-79.46841846
-36.56037324
-38.56716101
-13.83897495
-115.30130546
-246.83806138
-91.87370171
-135.25566787
-16.74249971
-22.50417870
-129.56235993
-115.82992361
-174.44310446
-141.56541311
-109.42664177
-119.66356303
-35.32398400
11.73851169
-57.21589631
-54.95188348
-46.37322561
-66.41762926
-87.55531974
-75.60755438
-60.20876159
-19.28757367
-22.90620378
0.00000000
-124.55396983
-29.02722047
-160.98662211
-46.03813258
-47.06246913
-11.46081917
-27.81378582
-16.32565649
-11.92738467
-53.25221946
-61.38775558
-35.60690038
-11.56991709
-164.07723227
-154.52534386
-115.35388653
-198.61839509
-62.31137156
-49.44462436
-28.83897671
-76.57360000
6.46786859
-1.43530578
-83.69342218
-31.10524712
-54.27598286
-38.59660864
-1.33321484
18.08022235
-40.54803697
-58.60216755
-70.61076004
-47.48897121
-4.55766645
-115.20128628
-75.72603156
-24.02438160
-10.17849778
5.49316650
-17.87864344
-23.27908121
-8.44773785
-76.09436372
-245.27995234
-41.16394622
-48.98581845
-63.34876771
-70.79356246
-0.54810721
-51.19281654
-22.03023537
-114.35936145
-184.63268815
-74.19150275
-115.86094709
-23.45609333
-31.25894677
-52.55644031
-95.67066253
-195.82504700
-107.07420893
-37.28425711
-145.42618473
-27.43754468
12.95806984
-39.79648394
-8.18461649
-22.17836652
-40.97610742
-29.80471009
-60.67089440
-43.89611498
-20.21226061
-50.69761133
0.00000000
-105.53209396
-44.58545269
-100.75900956
-40.31105333
-32.29456715
-11.98313559
-27.46496513
-18.98712805
-4.82153138
-55.10843802
-89.86747902
-30.16900669
-1.40840966
-64.88747241
-123.56927848
-150.55623712
-141.95594121
-21.24228027
-75.39327329
-32.73182574
-83.43287043
-6.57172177
-25.47694108
-91.89478115
-33.04811024
-75.60638399
-40.33863550
-24.81972445
-24.25065237
-38.67015375
-53.32066531
-41.82417135
-15.53146873
