-7.59049461
-55.44634912
37.28169517
-16.99765715
7.49074901
14.91401213
24.12719979
26.56324850
24.73868376
30.21794723
-22.09560012
29.35242262
35.97362733
65.67955764
-7.87650922
59.97452184
-1.46968636
5.88506367
-51.81875999
-4.39218707
-17.10618489
-18.69203356
2.52599382
4.31421164
0.92972511
-30.28408094
-15.46957024
30.15230207
37.87069644
36.82284503
50.66383485
21.04554998
0.73894084
1.05724540
4.01403756
16.33923386
-19.96221560
-18.91923843
23.42972972
20.65867293
3.29352973
0.00000000
-41.44216015
0.38327295
-34.91645195
10.34253155
28.59150283
2.26596850
-4.80474972
-1.18277807
-0.98652455
-28.32795252
9.23391628
8.00682712
-6.47597546
-12.39721263
-14.30449897
-96.62211379
-50.23862123
0.45033979
-3.86630775
-13.32368880
-3.95063445
36.22168011
11.82935133
7.16782065
14.41203642
3.53494161
7.62477209
8.38638803
50.15063206
36.71988041
-20.98496464
20.92319889
12.28912590
-35.19943441
-4.17105615
64.82142285
-23.12636324
-52.60606296
8.82064359
10.93428414
13.67027758
29.66177022
50.64441995
-24.89945024
-10.55178590
-6.30859821
22.84003697
-35.66710433
20.63590153
-14.78345726
-10.83080976
-43.91448288
-8.23268494
-1.89528778
-10.20324580
-3.48059970
-6.50543194
-18.32275950
-44.57243432
-20.14653644
48.09579221
74.67527353
16.93814370
12.14152184
10.30491988
-24.24157671
13.54686895
-14.21897717
-33.60533637
-15.57201351
1.86288831
-12.89942359
-11.01139699
-15.84043722
0.00000000
-39.93021984
4.69682812
-18.57673150
21.53504356
13.94291031
-3.34106940
-28.51395742
-9.93428772
3.61342625
-32.82292717
25.69444353
-13.43166601
6.44396230
-65.26024197
-24.54967352
-80.63142269
-53.92548878
11.50402776
5.42580306
-1.65543230
-47.39889697
8.06026094
14.15426596
17.84740110
19.92119917
20.01921487
26.78978176
15.42494611
0.21211411
20.62809046
-26.94982362
11.86213878
-32.54594493
