-6.39040893
57.22522774
-89.81169499
-44.24546967
-31.47493709
-0.99572860
-33.24043548
-15.53774886
15.56109812
14.12962356
58.51922935
-23.17443665
23.42653727
3.85760006
-0.75089112
-37.04749250
1.44457209
4.65814866
3.92593075
13.39566060
0.76100013
40.07732036
12.73078113
11.30192547
46.84034311
47.36280884
-55.59852564
-122.67175955
-108.91128959
22.15733703
-0.34623597
-6.40985846
-15.23695968
-1.59555835
30.84378724
-10.12497364
29.27778666
30.89736132
-25.58601549
-0.54864889
-10.20466491
0.00000000
96.17303906
36.21191607
114.18743629
-44.23259667
-2.13478873
9.30854535
-11.47041418
-8.46333143
4.23299556
1.04465780
3.30504947
3.28681258
-33.64852543
116.31036277
35.96398769
35.34158853
11.04623586
-56.17606128
-12.16227119
-6.75989747
41.30785174
-22.57921729
-11.88576781
3.91444152
22.00038211
-61.30792136
-19.12559859
-66.13671150
-34.29312582
10.98653086
9.21016975
11.47947248
-13.09766668
6.51423436
3.55953558
-91.97123304
-19.15479546
19.21023140
4.24244751
-22.49324818
-19.66146794
31.49983541
12.83346643
99.72893147
2.16725544
48.51625134
12.75461507
45.52640450
-22.88344384
10.35906074
14.01640602
10.79358040
16.47756680
3.64977707
40.02562286
33.00320224
27.99035953
64.13282726
20.29923419
15.95709796
-121.26719979
-114.34016601
86.27999347
2.05658566
-6.50604949
-10.09982447
-40.79380194
32.35464810
-13.62673865
31.85292076
37.89053351
22.61897456
-7.92817295
-1.13429805
0.00000000
83.84627339
67.15617064
72.96643873
-66.33358513
1.47318887
15.36158309
8.87464624
-6.62733265
8.13887610
-11.60223865
37.44504467
22.74657055
-18.10080597
85.75044474
37.45211345
53.04827836
14.76544895
-59.24930282
2.89019263
7.05978665
37.97976346
4.83970638
8.54225651
40.24883216
13.91787636
-65.27004104
-24.91409906
-66.26425713
0.75319481
32.89891575
59.96970426
21.89876681
-41.99852057
