-24.06943905
-106.35488731
-258.98419469
-97.88634034
-22.93483159
-48.54261940
-76.50566229
-74.04986506
-57.52911813
-127.61195765
-86.60695477
-74.36648478
-51.06560814
-74.45321581
-67.51793446
-110.04314728
-44.73282336
-25.77934634
-141.88885758
-152.34765042
-115.44989840
-133.80108087
-22.54864222
-13.26329165
-141.44622984
-56.14415497
-303.02400083
-332.33760753
-217.16167607
-257.21674255
-99.94331725
-49.10572404
-70.10534429
-47.00284729
-24.72345477
-48.09134009
-62.99265453
-24.48423220
-54.77031137
-33.46473701
-34.05855287
0.00000000
-70.66359270
-14.40316285
-108.55336906
-136.14793726
-113.93222008
-16.57887316
-19.39802388
-21.97492948
-11.67649607
-74.67107662
-38.80925022
-48.98878630
-82.41312762
-66.63657546
-138.72916002
-143.05519124
-132.27426527
-152.19090237
-60.84778056
-48.02586737
-0.13564521
-78.20611162
-29.54731933
-124.92719789
-60.95382193
-156.78222282
-50.75367475
-85.82326229
-84.41254431
-89.19823305
-43.79562624
-74.27974008
-81.29013703
-26.61728784
-175.30082302
-280.73106404
-80.26391770
-93.90495670
-23.18278398
-38.85501347
-49.27953935
-44.99953555
-160.19923452
-134.26051298
-39.41553226
5.67720202
-62.97310763
-53.34844000
-86.95239368
-39.73605918
-32.75123571
-82.94429925
-102.90628130
-89.09869571
-105.23406203
-20.82184095
-23.00200981
-74.38084213
-49.93208801
-240.83780166
-270.30933156
-223.70169294
-235.33669100
-51.57315556
-32.33384547
-74.38493035
-91.26516328
-33.66716791
-48.95154484
-22.34481756
-43.90778217
-19.70497850
-27.88155005
-43.97801712
0.00000000
-41.37123920
-27.59014434
-73.18977829
-158.24156541
-85.81278697
-30.23140052
-25.85526642
-17.30718196
-8.77741196
-59.58272476
-49.29439696
-40.25381435
-93.44425149
-19.29803125
-120.85778095
-53.27171658
-97.42438030
-124.38385508
-91.88847327
-31.07587997
-15.96983761
-34.90698178
-24.05280112
-130.90033099
-50.44733378
-154.33665295
-62.98544423
-89.70035117
-47.71329886
-85.36281970
-30.13696082
-65.43800786
-110.90245857
