-22.17938829
-85.34390540
-128.24684377
-72.53607968
-20.89068056
-1.07181418
-54.34491937
-57.17108807
-5.09361904
-30.54142872
-121.31793773
-98.76486921
-153.18968340
-115.11247555
-77.03598778
-58.33020849
-29.08211837
-9.20241949
-110.89425290
-153.71332389
-83.94703973
-117.11785910
1.23447982
-24.57310306
-102.14163221
-130.21225626
-232.42967759
-204.62452884
-164.90873814
-97.53890934
-46.23875632
-8.85891024
-60.98756221
-31.14880115
-22.54013962
-72.45596722
-71.76687967
-48.40873139
-104.24818158
-31.24233756
-37.53052122
0.00000000
-53.99897499
1.61981172
-111.08175614
-87.73351856
-52.30803291
-21.06312613
-15.32511176
-16.11100756
1.52990766
-59.54495185
-67.08868762
-27.79845265
-4.87402147
-93.96373618
-181.13330099
-103.79423071
-174.09133757
-74.98136256
-69.73950735
-35.57755243
-93.53928152
-36.20553380
-0.38761448
-77.60827243
-27.57298175
-105.90823301
-59.19133887
-36.31548890
0.22987488
-32.79398487
-67.40756554
-41.98440502
-54.66014532
-22.17392291
-91.68583373
-122.90418263
-71.11159265
-11.79635199
2.72357947
-35.14674965
-33.77369341
4.04051393
-79.98653416
-163.21509251
-64.49698333
-71.58987206
-100.10248030
-56.80546478
-7.29515641
-39.43566758
-23.92178220
-84.48122936
-145.77485804
-70.68933261
-100.54801676
-5.94644466
-31.92550294
-24.11845947
-92.35875368
-186.45742475
-157.58204429
-86.22890742
-114.83701741
-33.15420459
12.39987650
-58.79782853
-41.11666851
-3.75791605
-45.38187614
-10.41004147
-44.27832159
-78.29889113
-56.94355509
-58.14115359
0.00000000
-48.03212903
-6.14888976
-83.05004678
-102.98365036
-56.11890762
-42.98993809
-14.06956349
-26.06610103
4.63010337
-45.55450235
-101.14005315
-38.17451603
-12.07596001
-51.37981302
-126.45551861
-80.88893540
-150.93172361
-35.77136065
-70.19540114
-29.96851030
-115.06951477
-12.68313311
-27.17652898
-76.93591829
-21.86559338
-100.00740658
-64.18205657
-41.87836995
-38.18907610
-21.77788900
-30.56462105
-33.30746832
-59.96020631
