71.95212824
119.81803643
215.88707523
85.73232298
59.14778489
0.00180128
63.93148682
64.75468995
49.24423307
62.09060306
19.48274265
95.70194677
134.85590298
103.86616392
113.88666773
96.37830872
45.47906555
29.73928374
106.12548888
28.05320653
98.22107403
114.31217816
24.20527866
57.84467701
144.12015772
124.94095040
220.22831492
265.84863639
202.77264939
138.49836636
33.94791111
-8.85318487
111.41063353
86.14862867
44.23107726
116.62796826
66.90896370
74.39160132
107.10635040
31.65848594
54.78432890
0.00000000
67.45552137
32.66997974
95.04401308
100.12270406
73.77054028
35.34841024
43.64322858
25.73054134
24.67579681
90.90824659
86.06443779
49.52436518
31.91239055
132.64647070
172.81780123
130.48010462
129.79918705
85.19016225
40.28032915
41.64813615
88.56928667
27.07288473
26.64799536
83.02207964
44.35868241
124.79275499
71.99451627
50.28999937
20.32695074
78.91086519
66.99769303
71.52645294
99.10417336
78.74756144
106.13843188
229.98484540
55.25018904
85.15667081
14.46222093
28.18958838
47.68190448
32.52700688
118.58599565
74.06518203
43.43735462
76.02696678
80.96450906
98.61724781
23.55966497
41.75397702
23.96303391
111.78942229
83.31450248
73.55056095
80.85728410
11.03057626
45.08752575
86.70707288
79.95220418
200.70464378
145.34139831
92.41262218
142.57860713
21.77007720
11.21513118
78.13227577
85.16206750
37.67942002
75.96770715
23.46733604
66.33766192
51.45306752
37.28997816
67.93715924
0.00000000
86.46385622
12.35727489
65.56806498
114.55794326
64.35269239
33.17723559
38.69023065
22.42177379
5.48876400
98.88413334
105.78959534
74.90035103
25.59074456
38.28815467
125.19433206
111.86814283
127.46446134
46.49652731
46.22412008
34.73374568
48.03490121
9.85405458
42.63883137
76.87167638
50.74009364
76.23275512
25.23258335
46.86933171
14.47710444
66.73517240
34.81037244
58.03722016
108.51077962
