-34.89348434
12.07001906
-73.27234666
-2.22297386
-46.84087094
-14.82959436
-8.96418892
-20.65574029
-29.11334004
-52.62947535
-67.37381767
-15.07284419
6.21684531
-25.18397831
-29.01664708
-26.45058488
-17.75376964
5.04662151
-50.14692479
-89.12339043
-41.21153943
-85.38694148
-7.30699355
-5.03779100
-84.89589146
-22.39823331
-89.30377251
-114.64027059
-21.21777517
-127.62821198
-10.90772404
1.64275110
-22.17103854
-7.55723363
-3.05783329
-10.80983408
-41.29277050
-3.32164346
16.58678589
-7.07211514
-17.45243878
0.00000000
-36.64033384
-6.34768538
-104.98726141
-37.97214797
-46.12014595
-4.73593317
-1.76776395
-7.91370131
-2.76253880
-28.48236239
-17.67095339
-3.70530309
-11.26460631
-61.42415905
-54.39019589
-61.16010900
-79.75638032
-34.12800058
-44.97094110
-25.65504762
-16.60071224
-13.48656089
-5.41177411
-60.70810303
-31.24711289
-50.78385822
-1.51515279
3.82211087
-9.18589402
-52.91206718
-30.88651914
-39.47123222
-28.38761957
-25.39170344
-46.93880239
-73.03321926
-7.49145763
-72.86081606
-10.92238027
5.14146532
-2.86333632
-35.61431906
-87.12610613
-107.93251166
31.47890772
-4.81135604
5.34404344
8.78032261
-13.01509809
-6.18200040
13.25758471
13.22010393
-82.91025084
-25.26788606
-83.04052469
-2.95367599
-0.52128911
-25.69159914
27.46927924
-34.62532105
-32.48418259
-75.51776698
-100.00425995
-4.88380233
0.32892835
-7.52923201
-30.30068627
2.42064479
20.95405986
-6.46513566
-13.97415744
9.45607547
9.94866298
-8.65996130
0.00000000
-14.54232222
-0.37555986
-68.60595740
-27.72378964
-21.38757296
5.90819642
-5.45269379
13.43609763
-3.88260175
-54.71969468
8.38202266
-22.49192823
-25.57659811
26.59403732
9.34403368
79.00036431
-31.85306048
-19.50866007
-15.51033925
-7.28345841
23.58412519
-3.45663181
10.91691352
-55.46423606
-25.30415107
-12.66096960
50.73659584
13.04856346
-7.01757768
-49.99518507
-1.63027266
-22.00580287
-8.02165608
