41.86260549
164.69754975
260.88597109
167.30881526
8.97847166
30.70590693
59.73729443
65.53848431
22.44235963
108.83682781
162.15507865
91.57323998
109.56690534
127.50408902
90.83044345
137.10329785
53.89184869
45.60100197
201.74317781
223.58598081
161.95981320
183.61296926
25.52161079
46.06132157
108.99870242
68.84898621
337.81607517
482.18299223
321.44755038
233.13737639
94.30915492
-1.27622409
77.22650863
107.81567842
55.29608993
51.07524013
54.38643484
91.11808434
102.12185081
31.19162812
35.89899819
0.00000000
29.09871946
10.93233066
103.33380944
193.65194792
96.53790754
34.03230190
22.91364817
28.25088851
11.88081244
120.69806054
53.12951479
43.42046099
93.52287794
59.00099991
157.55577183
174.35196168
255.00614811
196.21321175
85.92326214
72.91858254
59.99265090
34.78009448
60.77105172
135.12345735
27.20584937
201.67584036
48.25010822
125.60800911
67.32366819
50.70623494
71.10475720
106.75152420
96.36243649
-8.29636260
175.26490217
367.80623615
159.98118296
45.98533869
10.31687536
45.10448580
78.15727919
-0.69298377
134.36512425
184.19971143
59.68775017
35.26483237
114.38711442
45.05503148
115.15290089
47.99501737
32.95999511
108.11749551
139.25501794
113.34333166
146.15383727
2.57368664
16.67548728
18.84595419
130.29491475
310.41235828
548.99847311
308.45496069
197.77089885
60.43500422
18.64325751
80.24366177
116.16536303
41.79981444
107.05785346
23.59987942
48.28264697
21.49742669
67.80420424
44.48112023
0.00000000
5.82964731
-10.33545596
88.95720872
271.25797360
81.29209204
24.77942100
27.38858417
25.69322633
3.27287394
140.80395704
44.98282069
22.00889489
96.40635504
-23.66825862
105.95112394
-0.92842293
178.41346009
197.21877044
94.09850698
53.08295632
-45.46552815
17.60583089
32.08508004
134.77802819
20.75524005
283.64359369
101.43590210
179.76484224
33.73972175
62.64260234
20.91371607
71.16363756
131.08344238
