0.52844542
13.88728075
-123.86828377
-48.49858561
12.22606148
-15.17337083
-28.44908452
-33.65441158
2.48911567
-2.01515132
-51.50922798
0.20928284
10.55849194
10.76837368
23.38211370
-21.32598535
-13.59904219
3.14585556
-27.84226668
-108.05113713
-20.71352879
-13.38452207
-0.16632713
6.16196158
0.07243816
-20.78342345
-118.32834768
-103.95631719
-36.17919726
-82.50171589
-34.97051679
15.81151366
-24.04220756
22.64817500
6.30932454
16.12978908
24.75214005
42.71502231
-5.33353306
-22.78360041
-15.13301743
0.00000000
31.52207534
17.31562172
18.87393967
-44.73297681
-32.99519943
1.82462819
5.98076785
-13.36790687
-0.41353287
-30.56042167
16.25320868
31.62818659
-22.36762085
17.41117457
-76.14338531
-15.30418711
-66.92512796
-77.00588106
-23.64062598
-13.43406901
16.01842779
-26.98849053
12.84491891
-42.60839744
-4.49391794
-64.34463986
-9.89109896
-20.95669729
-33.64635060
1.31883409
2.59183923
-0.94026628
-17.02846628
-3.19442644
-31.03976017
-117.50247833
-80.29461238
-15.03899569
-2.51368405
-17.97293326
-31.54825276
-12.07252820
-42.70962358
-15.04651912
-26.01522125
2.69633140
1.75602281
8.86063721
-31.72367165
-49.95005732
-47.99392614
-0.60217927
-35.65139665
-9.85803789
-14.31596306
-12.79300875
-11.93405262
-7.89317474
-80.73390693
-112.99260231
-174.79551123
-137.51144976
-66.00535422
-44.51788797
20.63396067
-44.81677774
-36.86704103
-27.50911718
-41.96637218
-5.42112313
3.46378058
-26.26247554
-19.62588946
-29.41291041
0.00000000
59.07453781
-19.74361466
15.40464693
-86.04585533
-48.31343512
-43.40191557
-9.71088106
-24.64597590
-1.68527461
-16.64911889
1.85646118
12.12933764
-21.96018523
-37.70649289
-75.91424537
32.80638834
-20.26821592
-62.81596511
-23.97420807
-5.60250729
-15.49970233
-12.68298433
-8.74851787
-51.88610268
-6.91612756
-104.69656942
-29.90883028
-49.94714869
-33.57621219
-17.59794237
0.30937803
-0.85485483
-54.50567683
