34.67925849
114.66831234
104.87836152
83.02375639
77.27476631
22.90772339
22.64016947
31.66628427
33.54357997
28.33181237
-38.38092121
79.17859617
64.55219577
136.23361610
80.70730609
68.38695912
20.42280615
-2.16962250
47.04736368
3.06053780
67.70481611
20.00895862
12.28170153
41.51310550
103.39193119
83.39558811
109.44020820
178.12057249
124.98659715
68.79885194
21.24187428
0.06067933
10.43995585
44.07566141
25.26251353
23.22325478
77.48638493
66.25410021
58.72813448
37.27784944
8.67106621
0.00000000
67.09458962
27.33161689
-8.82983684
78.38473528
25.94620311
-7.88229960
7.86900964
6.56876594
16.41244720
45.92409872
80.92840500
25.08177465
4.29681054
50.52767430
134.20952748
19.46628361
-15.40006956
50.92507787
59.07199761
6.33714497
83.17514159
3.42258081
29.63780520
6.22423520
24.10206069
88.07356243
68.96823908
12.88233981
34.89575855
34.19359846
54.29082813
44.75654344
25.55469030
26.55940435
66.55820136
125.08054013
89.98270323
44.99741411
6.59830755
2.82703305
17.60395966
15.98829755
11.31812018
-22.83447472
26.84963245
18.23981909
43.73119840
34.94236157
33.47404067
15.64976800
-2.25895998
25.04396802
-17.85475351
29.60702739
-15.46550612
-0.62667116
17.12278193
12.28400979
46.58418757
161.38210525
156.54891760
106.53064580
66.20193944
19.24719019
-2.16017952
29.50647237
26.66793729
2.47746371
11.88531690
15.15079154
13.71461765
23.77348841
20.40074333
17.72404916
0.00000000
39.96162102
-9.05082977
-19.64223588
89.22792275
33.28297630
0.72707303
7.29135329
5.59017258
-0.51168755
9.07944838
63.25421214
12.71449826
12.29980178
10.10560583
79.56466871
86.08709344
-0.96850850
55.17244796
60.26878819
-3.15378458
10.82661179
8.33504667
19.22851220
19.40514219
9.58365571
95.33230898
32.48618979
20.63191157
7.30901050
18.22055705
8.73391616
1.85666358
33.39769292
