15.03982286
136.62046683
81.03215308
43.65921032
22.94288991
33.77674956
10.40992967
31.57418802
24.70426265
57.21164380
84.51560223
0.62343232
52.79587142
10.77998301
-4.24332370
1.11813705
29.53416007
15.17725124
120.17481953
54.40562385
76.24603682
114.77770441
19.36506738
22.04168823
-2.28909032
53.28970569
74.21478561
108.75065190
35.38639216
77.82306359
31.44576610
32.13324676
52.28161312
24.81956279
39.57283642
26.51785887
38.90895422
47.42327842
3.60792518
6.82052897
18.09470601
0.00000000
88.73693718
23.72872843
152.39911125
55.22811622
50.06718214
16.20083994
19.99875725
-1.48933203
7.84888530
62.09940605
4.50738016
5.77852521
-15.74892045
57.77795375
48.16364482
157.15424048
109.12950825
55.42748990
24.15895673
23.06613473
36.58931275
13.99299927
0.79153179
46.29273646
41.17637614
28.31710736
-0.94975030
-15.56611769
23.67670335
13.64472841
39.80022912
23.73553042
38.76612546
32.69848694
99.76772865
111.61094434
55.08245001
47.12560075
17.12139850
3.56105417
15.67831964
44.03087398
77.14716284
157.10132347
39.21745235
41.18269644
45.84243078
50.77567030
6.50226924
36.99146409
32.57753360
62.04896361
73.94643649
64.51064178
103.58587378
25.65241931
31.31149298
40.82353711
75.60887317
101.40915002
107.65249876
25.13991970
145.91613855
19.44133523
4.14820746
54.02310561
5.61225873
42.02839677
48.60434765
29.54459370
52.45814985
36.25679217
12.00051861
41.34385470
0.00000000
117.29854860
50.79650342
122.46464447
63.30219118
40.68570788
34.31543211
28.52605699
14.99702709
8.61653698
47.48454833
47.37677569
37.73930054
13.26610145
78.85343477
79.77267967
106.46495770
92.94532689
27.67573256
54.49323221
25.16424689
59.11696432
14.78543379
16.39106022
93.64838334
26.31530268
58.61831674
15.65439291
-7.15775745
18.93100267
59.32800835
51.55204367
42.27210386
51.66086055
