47.28767371
-33.63727166
-186.70955574
-29.77045308
-3.82738322
36.19573490
-17.89287440
-26.48857887
37.77925887
-17.07018061
-68.96662967
19.63999867
81.94760845
36.60246851
32.34077934
3.19143589
-13.31657951
0.48191996
-56.48914214
-133.82643263
-23.30212291
-30.82505402
15.41624175
41.66717326
89.38017332
34.48008627
-139.87937091
-150.08342499
-57.22191489
-76.45543110
-4.57326974
13.43711924
-6.84334927
30.74091663
20.16825080
35.46948736
22.92226842
54.76265738
34.24703237
11.21371620
-8.10219533
0.00000000
29.04324726
48.74893841
18.94723878
-40.84874750
-34.57884571
43.37269213
-9.92692241
-9.42703502
18.78864361
-41.46157401
12.55800775
42.19401112
10.31450267
124.11378764
-26.15800245
-39.63257131
-72.81068534
-111.15876111
-28.34423269
-4.74798973
36.96000361
4.97161285
32.98338973
-40.22545179
5.89151405
-64.19074282
1.53792515
-38.92368794
-2.47590533
21.58848448
12.33712180
24.05036362
3.32032853
27.86044612
-91.77097616
-191.87802312
-21.36676102
48.91192367
17.81719948
-12.72908386
-27.56878089
37.56649841
-38.16459197
-63.39777656
26.58082410
79.19496210
69.68359901
57.47222363
12.42513202
-41.34494693
-3.58649166
-63.29512628
-78.34289628
-26.49477613
-31.62070723
8.35038538
37.27759760
94.13763706
-18.50960124
-96.56554508
-196.24694211
-73.97962359
-41.68611481
-22.20247801
14.28487432
-4.49511574
-2.17980256
-14.41779214
-15.67286220
36.29231436
46.15055769
46.20339444
29.78470438
-8.67295258
0.00000000
3.67903726
30.82957024
-6.24896674
-69.81599639
-48.67190174
28.00602431
-7.93100017
5.32248773
9.08357442
-43.67903418
51.74902992
50.46830614
9.96147008
51.70947838
-9.73672098
-68.23492511
-59.95610643
-101.66292493
-16.05063368
-10.98797600
22.26952592
11.84190337
14.73800837
-62.00559859
5.34884235
-100.65644001
3.63202209
-47.55566487
-10.81489437
21.20130955
48.22231901
29.70655791
-22.97234614
