63.69858790
260.12512500
495.38350388
135.98829922
124.97077151
51.46104086
87.51328658
124.09700264
77.29102964
131.11521842
102.03068074
113.34292697
97.03292132
130.22450054
106.30469431
197.83596601
40.45175716
31.25552932
274.20032714
211.36923425
195.00934147
189.40016677
5.09690422
49.16353035
102.02616057
120.97437125
486.05695263
473.13697777
324.05533925
294.35255078
98.20162453
23.74468878
59.89739202
55.32173764
-8.17666862
124.27145080
106.35563952
49.01148378
82.34693436
54.15368494
56.15809826
0.00000000
110.53425196
-19.91962069
113.56517333
195.75632552
169.98200559
-1.72805327
10.94272255
34.16491137
17.04394987
143.63947896
78.49796562
57.67182970
79.90997802
96.22505838
228.94052262
241.56021729
275.26040367
246.26843185
107.39851034
67.79061567
50.16802593
82.58671745
39.81408701
174.98661974
68.53847927
225.44311808
90.16920353
115.46823139
124.89879567
77.96922584
104.55313022
76.05794176
70.70274961
32.77669690
326.29962310
566.57341209
98.97169368
93.71789506
15.82845877
44.60950949
69.99053007
65.05038565
207.99183389
203.97783894
89.33481860
103.83184127
162.41027390
99.87712629
148.06345062
55.44776650
32.61990433
174.45088744
203.45497079
163.57615206
156.46379690
-5.09795039
56.07670957
58.44524726
73.20870789
389.43545926
390.74344946
266.20210080
309.57931287
67.40883733
5.08668129
62.33458702
120.16014587
-9.35602270
62.01347372
36.48725894
77.12241088
71.19553600
95.56399122
64.67783272
0.00000000
146.00437166
-22.23453566
98.51014449
217.20566526
150.59776516
42.10525603
25.62757280
21.32388233
7.87167877
136.53279791
145.37292824
49.00891762
102.02865140
66.32763708
206.81806921
178.22166270
228.89979844
195.84060493
159.12556900
49.59306460
142.04264122
40.27009824
36.38904693
201.43427956
62.75578918
224.52911681
111.11782524
124.72370210
63.85952427
78.68232029
27.94789581
93.07783260
145.75738300
