91.93999829
146.38368724
165.93643850
45.54410418
50.42362288
16.44898191
51.48334024
35.47007255
40.08175124
62.79820482
59.89718487
50.43380742
98.64316157
50.82821722
128.99107557
64.65029096
47.01315432
34.68300882
115.17643276
101.17308403
101.62541535
146.48670149
25.20937225
73.36649923
147.29922960
104.10669743
216.65571774
187.09359331
122.57960671
171.47939711
47.32849855
8.18315231
56.09550701
63.83416485
48.18760411
66.88470456
89.12280604
89.93104964
58.62488681
8.59195373
29.50333922
0.00000000
100.63398136
34.98532302
112.68561827
51.27260482
68.49174102
25.38493297
49.48045413
14.84377561
26.39004242
46.69395824
89.15830518
53.94973167
54.72580535
148.45105485
187.99387979
131.06613435
152.83468895
89.74394515
29.89254875
22.71245655
94.58987757
6.86478294
57.94320611
70.34407694
47.68395544
84.67375072
57.19546506
24.79658920
14.83069179
66.52750094
70.38765452
70.01689358
52.42399303
86.40930052
95.93531706
198.66331001
-13.05589659
124.13781820
26.10226407
22.19405098
35.06673160
36.34498942
72.24859392
169.30244032
22.26969560
59.54431656
66.51868998
119.65299098
37.96632697
24.57939039
14.10541381
60.18480597
126.00593821
52.05318028
96.38937760
8.13050427
51.71542245
90.79620790
58.17923408
277.84870305
118.82039651
36.92124231
207.78496028
39.71082948
18.95855693
29.89535170
18.57586893
28.07481488
50.70267945
32.77217337
51.99619804
32.26351929
22.62826301
45.16884281
0.00000000
101.88501874
4.20967818
66.27259154
50.51614817
38.61535388
18.08718152
34.49858711
15.39975486
5.53036197
84.32878405
85.50900351
80.28330027
35.17602587
50.07612787
141.90663466
70.47467480
88.37666608
55.02258581
42.00120105
19.24104147
22.13747901
11.77099542
33.74886674
94.41851664
51.44393328
67.65639113
1.51709934
25.14273336
24.83429991
80.43662989
36.80419155
35.86720540
17.86306524
