-1.39213931
-31.34454116
-1.84673776
-15.85638757
1.44910539
7.78097172
-28.81604940
-4.58247867
-21.34111575
-37.33110627
-51.90728650
-36.43716606
-69.65883520
-72.71720210
-45.82251394
-62.26781592
-1.58696180
0.59314359
-49.19101653
-69.34201523
-57.65024839
-63.87658146
-7.72205610
-21.77539191
-81.90922264
-10.27744269
-41.68517770
-29.94309854
-94.92657149
-46.23673894
-48.39920616
-14.38115971
-24.80645613
-27.37065015
-9.22659336
-18.80178611
-8.71836462
-16.51676508
-24.88558418
-37.69614865
-4.52307393
0.00000000
-72.97926747
-27.14129500
-80.15136968
-21.15370347
0.83631749
-7.85445059
-4.80625662
6.00114407
-2.30042468
-52.65782603
-21.21293145
-20.95342934
2.23886159
-92.01242712
-51.18802585
-101.79437627
-51.71561805
-37.04406970
-18.89889529
-23.09140651
-33.83390693
-19.43552712
1.00612798
-23.30844716
-19.42283175
12.69408346
0.14074519
-5.00600068
-5.01074601
-20.94755209
-1.85198256
-41.19004235
-28.60638084
13.36918575
-59.16179185
-5.38161877
-36.98401372
-1.05958554
-1.27443053
-2.85978169
-2.52143963
-19.32294821
-23.77308359
-73.97144610
0.93121968
-34.64958523
-18.67950019
-40.38490587
-40.26058632
0.92475497
10.48625315
-47.29996297
-65.07422853
-41.55980224
-42.27960769
-13.49235323
-33.19301647
-45.86643304
27.07162335
-60.87072770
-45.26832749
36.62320057
-48.13835189
-32.58034046
1.10279324
-14.05653246
-28.67428258
-13.18978232
6.14350496
-23.60995879
-29.28225198
-12.08858659
-8.01514487
6.05528157
0.00000000
-59.67749133
-31.76723426
-54.53756672
-30.90284223
4.46078259
-14.08443462
-7.04030148
7.56673306
-8.00622526
-27.41670856
-37.08823652
-5.29074505
-24.90697598
-10.69687391
-49.60677807
-91.28438553
-45.59268609
-38.90407183
-44.82920255
-16.92674545
28.64406575
-15.39016559
-13.39528973
-27.80611160
-9.29422699
7.14508821
3.69482584
-10.90715377
-23.28784060
-19.62061298
-29.54630243
-31.08391773
-27.63190970
