-30.60793657
-159.91926316
-269.07728073
-134.35903210
-54.31924008
-19.54864772
-71.96341429
-86.78116603
-30.93342791
-64.05017295
-73.31809994
-87.92815630
-107.18525541
-78.91752390
-66.69264027
-117.54035125
-34.60799684
-16.58898774
-158.86913632
-122.28103569
-136.24895199
-146.23327725
-20.02328478
-39.32289122
-60.61376836
-112.15683780
-287.16576571
-361.78800871
-262.87047873
-177.04010069
-42.99902695
-8.74957777
-95.69389308
-76.81423515
-43.94276870
-92.76369936
-95.56514392
-41.58402029
-95.72460132
-23.35082662
-41.39348879
0.00000000
-50.95244498
-1.65894087
-75.97646790
-148.94920440
-99.87146560
-12.80724086
-35.34570046
-23.52801793
-21.47984274
-119.00057865
-52.61032171
-42.17160030
-55.33446820
-22.68686817
-182.64662561
-157.01268561
-209.83126543
-177.17805657
-88.03122326
-60.27360455
-55.26642923
-51.84747846
-25.42167958
-95.82882690
-38.78491153
-171.07127614
-74.40512798
-91.78545111
-52.38392403
-38.38311245
-88.20737516
-44.72361517
-89.91770856
-28.66402439
-201.85521625
-312.07299677
-111.29054733
-75.61375904
-7.28191815
-48.07033491
-64.08374104
-4.33019367
-97.54508721
-108.71332527
-62.84589269
-40.81262156
-48.03757546
-74.04173471
-89.09974582
-43.66335205
-27.70334353
-138.47017756
-99.31041009
-112.71651031
-102.08511355
-9.73911944
-30.86467191
-8.67139057
-95.70017603
-277.10822895
-293.20534530
-167.87434030
-204.58878658
-46.10832131
-5.51819888
-75.69704088
-91.45264090
-24.51104397
-71.73121698
-31.16351092
-42.51371058
-19.14259178
-13.54270131
-50.99740355
0.00000000
-78.46283606
-10.97137729
-59.04009774
-177.99217148
-96.11658042
-29.58738170
-30.31622058
-20.91247169
-11.66526911
-87.60970219
-80.32262284
-50.56410957
-69.12972878
-55.84604256
-171.27612634
-138.39380632
-173.78261823
-135.00462319
-126.55136170
-42.91160776
-68.63472731
-20.17695316
-21.87105082
-119.87531898
-27.30254619
-197.93696592
-99.94526992
-114.49680158
-44.46677609
-34.44223440
-29.48760187
-39.75335665
-113.90930401
