2.54869081
-37.65779701
-90.34171135
-27.71869256
-31.85740273
-10.07694577
-42.09212200
-26.29124958
-31.98183579
-21.53884013
-37.57926165
-35.03641954
-43.31628458
-58.26456534
-59.86766452
-72.69633766
-4.10607697
-6.23066674
-26.63642323
-60.04342735
-66.64321908
-42.43504209
-10.85683469
-3.77973855
-78.08247725
-30.29647578
-59.96069549
-76.69402168
-90.12966733
-80.49327575
-44.97520294
-1.55246902
-19.80576122
-25.14337322
-24.21798009
-21.63028038
-22.46951107
-19.60896710
-28.93371085
-43.41452503
-10.71910282
0.00000000
-58.55374260
-16.77580076
-52.21121130
-38.98234639
-35.45363499
10.02833685
-12.52712078
-8.55381500
-5.68880276
-37.66114850
-33.96804048
-22.80350197
-22.37845943
-48.36521928
-63.25418169
-67.46248890
-21.63722525
-40.33987528
-30.02335902
-24.70891722
-22.62717431
-18.53443262
6.98033673
-23.98026580
-26.28591703
-13.52079461
-8.65760656
-28.00017363
-22.42445891
-35.47280211
-10.89930622
-29.90527882
-18.38147765
10.28255402
-60.26253487
-94.58240803
-30.83057854
-18.38414305
-3.68895539
-13.43661647
-17.78537606
-10.95176939
-27.47339857
-40.67352611
7.00230868
2.02067208
21.47225294
-45.32752253
-47.43218958
-3.79634297
10.01425526
-43.91853351
-38.13530426
-38.06624172
-27.57552452
-9.69797619
-8.58011777
-21.13399140
4.12454871
-91.12911011
-91.12660658
-66.29119604
-63.16701974
-29.72059144
6.21805932
0.82460722
-30.74035152
-11.00834150
-1.45164157
-15.64729456
-8.24675678
6.47166279
7.17824618
-1.26781774
0.00000000
-53.66011576
-25.68998686
-37.17523559
-48.62535106
-18.04358338
-4.78383644
-12.79339872
-1.65341200
-7.94061003
-24.46657981
-38.93705887
-14.00811324
-38.98164022
1.18155840
-46.15625693
-71.71137390
-23.53159002
-45.44059566
-57.15054055
-19.41417148
8.51578700
-15.45134783
-11.99094888
-31.57800722
-15.19145796
-26.36975791
-9.24168488
-30.58452213
-22.79226607
-17.20339352
-11.97243044
-13.83161401
-12.70303001
