41.51163871
249.54723114
339.98148682
176.07171384
28.01073361
38.12166308
65.53033474
97.86290069
39.25272148
149.40508066
189.60577427
79.16180206
85.77783692
103.99767174
76.49799177
144.27403651
63.51527746
48.73164998
289.54923835
232.77742084
207.70921904
232.11478264
30.11286696
66.64345403
99.91237269
102.02768072
438.88138863
494.05746435
314.29627278
294.92653796
124.93276161
34.16735192
93.95334849
129.68955005
48.12857620
100.85286864
99.73089102
121.08898125
68.59345709
12.62189456
39.95743681
0.00000000
88.79008523
7.29584955
149.82530478
200.75010282
143.58715713
18.78526148
40.63684718
30.11611143
31.56885953
140.79223140
53.56147427
45.14948441
92.87271879
39.41733682
209.19445146
242.69154368
344.00282248
263.54800297
122.64481210
88.04245808
63.46569714
60.28091206
85.76283319
178.56965585
50.05354399
221.67196855
56.45434562
140.21677375
105.16827352
65.90662494
122.84941028
119.27568000
109.83364606
10.62274135
276.60873100
476.14559579
157.03831373
89.92158069
15.75212438
40.08137246
84.39250527
28.26644141
187.65051702
249.16481521
76.23726967
70.11034743
133.90783126
72.61025825
147.66859270
58.75958163
39.53506452
155.61691032
171.27654917
162.63789708
180.32514326
3.01186346
46.55722953
29.17024756
132.80603020
389.43328364
564.29498662
252.51795254
291.48431269
92.00237937
39.57009843
82.68486717
130.43330147
34.56367836
121.59620157
47.40155478
73.45665220
33.94172016
79.02699036
51.68107264
0.00000000
93.77674494
-4.50382220
126.56839215
284.30234425
124.73288081
23.80221386
32.95744208
27.78117214
11.26728100
167.65643946
77.12029635
37.39854784
119.82961466
23.82229925
175.19321719
78.93785919
262.29052129
223.82626855
147.64779619
72.13539745
4.42331551
41.12194265
43.49777945
209.65047610
44.29995589
295.52097350
99.11080310
187.18914353
63.17396632
82.24417704
45.15421738
91.90935172
155.37628599
