-28.73956150
-135.62653833
-258.09256053
-98.41905341
-28.00043509
-29.25359850
-90.85656111
-80.58210376
-22.69219419
-114.16469234
-104.67025093
-81.07027520
-56.00777681
-47.22707842
-61.01455691
-89.05961164
-42.13501066
-30.00969168
-155.44642242
-147.89466738
-134.97249656
-147.44073851
-21.03727448
-9.30822211
-89.83568914
-89.18581906
-323.56912016
-330.13756753
-228.10675954
-243.22940328
-78.88919817
-48.20790100
-72.23985690
-30.90322754
-23.49726591
-43.80200842
-57.66055540
-0.79243015
-57.18549588
-28.53039038
-34.75245417
0.00000000
-91.99523600
-8.37679014
-134.88521136
-138.65493238
-119.14159647
-17.76833232
-18.21227436
-31.27536698
-15.98703230
-90.28186823
-42.20055374
-51.21654651
-66.27823202
-19.40808462
-162.12462431
-156.57384618
-153.65424371
-160.78768408
-83.92856182
-51.89847049
-2.93788519
-59.86883106
-21.21269435
-122.77895113
-51.65136087
-172.43600224
-61.28350084
-92.36599656
-47.08940602
-56.26057755
-47.20347629
-36.67313732
-78.15339677
-36.60655880
-198.57200215
-261.64127527
-92.32380609
-108.19382134
-18.88656428
-50.10636200
-53.66858698
-7.77850956
-148.97944449
-153.37641109
-68.86824555
22.31136052
-58.65227839
-75.08654178
-57.73578605
-51.62419903
-52.54445125
-124.48937060
-108.73426829
-110.29158769
-118.77701264
-27.20707928
-15.90959368
-51.78649913
-117.02063578
-291.52257771
-262.26610840
-146.66646206
-232.10386113
-46.01578071
-22.58940365
-69.65591042
-77.23941128
-32.30520122
-59.80199545
-23.47614290
-25.13002427
-34.38473097
-25.29878933
-52.13806237
0.00000000
-69.38877590
-37.09879045
-95.66283323
-169.60249698
-97.15965098
-41.63866413
-26.04665165
-40.63480809
-14.88191720
-70.31938210
-73.61224512
-64.51095234
-89.25508000
-63.66530845
-168.73386895
-102.51110105
-139.14552082
-127.37046372
-121.16461770
-42.68735892
-75.48299300
-39.29114936
-21.55287282
-137.93222414
-42.52856721
-189.04074590
-94.65969480
-91.79416295
-48.61140208
-66.42679123
-25.24509997
-42.13364352
-86.60665797
