37.94965459
8.62768630
57.85871616
-12.37530369
37.00967403
20.66101410
15.16798014
13.78925718
37.17715072
19.12681583
-9.40526985
-3.70926274
20.70933140
35.77006914
1.51564197
51.06467542
2.18228197
5.28206021
20.47087098
20.52117232
18.57500115
9.92264210
-0.28835544
18.82256880
79.55580953
-14.09521100
-34.65996046
18.49902025
-13.84978124
37.08325166
25.80910310
7.00205138
9.05539974
24.86806167
-0.70461861
21.80257244
-16.14626108
22.64183500
-3.40565427
27.58636802
7.05036841
0.00000000
0.84744716
7.37819075
-9.59941497
-5.89029245
9.78442811
11.22309255
8.40156683
-8.21296380
7.38151423
1.88269011
-29.91124929
2.74566242
-9.44177430
130.06103670
-64.81003659
3.08621895
-16.53007768
26.90919865
-1.00406658
5.87958587
1.90638927
4.49018313
3.73729477
17.32885222
24.41544756
-15.46986121
-36.18441615
-5.31384109
21.12051148
38.05256834
-7.43815130
68.13352644
20.46410688
29.21597570
36.58189355
95.04609827
-37.53516908
42.54669118
11.24904927
-1.70632435
14.02107330
31.61842812
17.21357616
23.93449339
-19.59459942
35.82436191
20.32910335
-7.54980441
50.88878741
-13.41322211
-15.17376350
-2.93366418
20.80677848
15.17614400
6.80905455
-10.17302622
11.90163861
28.16220449
-38.95358037
-13.46539822
47.18102369
26.37788682
24.56424430
20.54127900
5.06828070
-2.18670144
34.30488213
-8.31131221
4.15203197
-0.04568006
26.45064226
18.56413328
14.25408822
3.99848423
0.00000000
11.07659799
-12.13551207
2.39364347
14.03913859
1.26415715
13.15637887
0.44504663
-8.64873035
-3.22669585
17.17237442
-22.41425777
3.26623411
11.25990523
-7.67982812
-31.23155811
6.03194423
-11.61267770
45.76685629
6.66388801
4.11049959
-26.17554021
3.09229904
1.00102627
20.99196091
14.79272308
9.19880749
-28.65290833
-4.91236680
16.09269292
17.61737030
6.42391954
32.24992141
24.58191806
