-54.27988522
-131.20903086
-141.26559415
-59.49020548
-66.89774257
-42.25880417
-56.36417319
-46.97416947
-43.60405171
-68.61359286
-57.89439815
-29.88882455
-55.16994466
-29.99030692
-55.78437565
-77.21880462
-17.83155660
-18.74125642
-139.41097907
-86.91031069
-95.29701480
-103.29245211
-21.22321553
-35.10824642
-38.09127301
-21.90848719
-151.33388049
-194.32650325
-145.63157619
-117.65762489
-44.64484145
-30.30235410
-27.20977803
-30.53381871
-27.43292738
-20.69739065
-60.04813257
-45.73638979
-38.11959720
-2.06516482
-15.62177163
0.00000000
-82.36478813
-17.52455735
-98.73717456
-85.49470465
-65.23569255
-11.00727224
-6.06456077
-13.17356989
-14.85122991
-71.72946410
-26.40274499
-44.82908149
-50.93471027
-38.38744017
-50.44604506
-137.55916668
-114.15189759
-107.28653998
-50.74148487
-35.22759238
-18.65530589
-41.11879897
-20.61659321
-67.05183557
-38.02964934
-78.91827123
-25.54539369
-40.92362431
-58.91745362
-28.28729994
-55.76811336
-31.57616221
-35.42052920
-52.67510303
-145.94622592
-143.22530653
-39.95353933
-91.08972343
-22.83248450
-32.53072684
-31.82598287
-15.86642650
-82.60631839
-135.23201607
-29.43124800
-7.85502046
0.86411140
-76.51831717
-70.34306252
-23.11174351
-18.17883126
-73.42919121
-99.33094529
-86.48658605
-94.89329053
-12.94042209
-37.59317849
-13.61304262
-42.02950224
-116.92975566
-114.21197025
-178.21649813
-103.77438406
-37.58820639
-20.06477907
-14.78178794
-45.96671611
-19.66444418
-13.83762757
-33.77617134
-37.27387661
-9.54297750
-12.65886554
-13.09627550
0.00000000
-101.73463746
-11.37236135
-78.25984082
-92.58254026
-43.79558819
-25.78546444
-14.38446823
-14.45039760
-11.96603107
-76.13082353
-52.83952617
-62.24219748
-39.69767376
-27.98944771
-65.92080567
-90.88705246
-92.63180698
-83.16275977
-90.33081160
-33.19977369
-58.36011535
-30.89464505
-23.38095129
-68.66238817
-27.62431680
-76.32129409
-41.14626957
-47.40685439
-37.45919945
-16.08375278
-30.54476631
-21.34500936
-27.15722425
