-54.99105821
-128.48772264
-129.97022968
-44.15053211
-24.67094354
-18.82921071
-41.92004723
-38.05690819
7.78314645
-27.16374305
-62.09343131
-43.46744885
-77.91544602
-27.95145155
-37.87164001
-32.02037025
-17.24781247
-24.36550794
-81.17698286
-127.03266908
-88.05836459
-105.11440946
3.30336257
-19.11246553
18.39160673
-73.31613491
-124.06439706
-122.18004414
-63.87415545
-91.72280527
-15.92214922
33.54578929
-38.25728447
-19.50217832
-10.78398392
-30.21918463
-27.78252556
9.63019202
-37.34667584
-11.92862099
-22.27013243
0.00000000
-108.68857279
-9.43227958
-105.54327740
-55.51835770
-64.00037984
-24.66985993
-6.87465621
-20.73245659
5.27824591
-73.05767804
-19.63357513
-41.34276403
1.00499043
-59.95691102
-71.46180480
-84.95346095
-116.27574918
-39.77166046
-45.41323120
-11.21467410
-29.72056144
16.51133222
-15.81952173
-30.70705691
-17.38480677
-47.51502420
-4.18240430
-2.73144184
28.47117901
7.17845087
-10.64981442
12.11441313
-49.26711545
-24.76680973
-96.19565904
-113.72315857
-51.11434844
-60.67912077
-2.65186357
-28.00976356
-25.18683459
18.25825927
-23.79131286
-116.69724426
-49.76493913
-45.75273170
-50.19276641
-93.13166087
-14.95826972
-44.12311579
-40.10031436
-86.47411310
-85.28726121
-66.97122394
-76.48620903
-22.94704921
-23.20505025
-25.29126193
-126.21117107
-195.22083569
-140.47679069
-19.78743351
-123.64176940
-21.09629680
25.61848488
-38.96299919
-36.33059549
-17.80746503
-28.29582571
-9.91313436
-19.63289062
-48.11611870
-25.26397344
-42.96970832
0.00000000
-107.38586911
-30.36083360
-62.31040865
-54.17405379
-48.80425842
-43.17713624
-17.37503232
-30.07490882
-1.13053509
-46.76014293
-67.46351052
-74.28017638
-12.70045455
-101.72467185
-97.29266431
-124.59389957
-80.32616486
-37.07276288
-64.60193936
-19.48705222
-118.71472421
-14.82262330
-12.26510259
-51.45512778
-17.55513826
-73.08103124
-40.13721284
-11.77016481
-15.49572071
-21.87746849
-20.59158904
-21.05909086
-24.78082090
