1.66455067
-48.85842805
-65.86593966
-24.97531800
-14.57096454
0.93741641
-7.44716769
-16.55239922
-21.17598152
-51.95368467
-11.18260064
25.94675349
17.40771769
43.47611179
67.51836602
31.37032093
-6.80047569
-7.28368259
-89.02886472
13.14025477
-46.17056961
-18.87977491
-14.00311788
10.58813150
22.41502777
13.99869263
13.64445442
-31.68661910
31.02348125
-28.03854768
22.56478358
-2.50827656
-71.60572665
-45.18332015
-12.92156607
-42.84477664
14.11248911
-8.73971764
-1.95106150
11.87917388
-22.40023280
0.00000000
-21.10256698
-26.41177815
-85.18970177
-20.85132232
-42.72031914
-10.58461687
-15.43701246
-11.62908875
-10.90601351
-43.89176239
50.06490701
14.28070134
31.68926201
24.63678799
47.99597296
-137.64391464
-68.53814060
-101.02602946
-9.10508199
-27.58677096
37.75648831
-13.96158774
39.88679591
-48.40177298
-7.38719620
-1.13880773
39.56464952
13.89807647
8.38445317
-26.52857173
-14.28045365
-19.67918752
-51.92762798
-31.20921038
-85.86270765
-32.46663435
-53.59448673
-25.40950328
-4.12789157
1.22512179
-14.79170737
-20.15413901
-64.13948346
-4.21980624
-3.10626931
28.88065895
44.00924431
15.90985921
28.67655511
-36.87778333
-21.32619858
-125.83975425
-18.96428232
-48.48522879
-30.11234744
-31.87685867
-1.60426168
-22.11367895
-34.34554665
31.42120136
-29.86691165
1.03753583
-26.14541251
4.08887103
-8.83927870
-66.67000355
-39.15965634
-36.63286533
-35.64509686
6.10952142
-16.59272337
-1.26149264
12.65334314
-41.64651601
0.00000000
-55.85209735
-48.51957409
-60.99411878
-46.09866949
-39.11171377
-22.93397909
-39.34583947
-25.82873921
-12.80094857
-47.43391451
14.57087504
-11.56708003
8.98861196
-8.82111246
0.34400883
-159.91123315
-107.87072739
-64.44040697
-24.30637004
-26.05810484
-16.59622585
-7.46222534
-8.35156209
-31.55293921
-14.24736676
-21.93302795
8.21767117
0.33487327
-8.26622638
-44.74498880
-16.25322212
-47.26942900
-70.92783246
