-61.50559716
-186.72451965
-162.75734867
-96.12285364
-58.09541578
-44.89405348
-70.24442647
-54.85367525
-41.91697425
-73.85544662
-57.21013069
-48.71837645
-73.19585971
-43.29616271
-50.76660693
-90.10485227
-17.94826365
-30.78413405
-178.46234906
-108.63196467
-120.77790891
-107.76027735
-16.71347067
-36.25972766
-45.90138406
-12.87535984
-169.25679998
-173.00568824
-184.11910387
-111.74669123
-53.81016115
-36.62625963
-46.00281802
-59.82482764
-35.31148132
-45.74205990
-68.43658498
-73.31982079
-79.32061639
-21.71979435
-19.49048865
0.00000000
-105.42089492
-16.85533779
-79.35156714
-96.25389416
-52.61237267
-11.94464569
-14.14161713
-21.25471940
-18.38019239
-90.63644472
-15.52840932
-55.52878806
-53.67266679
-50.75597574
-66.79204417
-167.42916909
-150.76065164
-147.20917567
-50.11986494
-38.82043130
-19.32481001
-37.42936004
-16.29530347
-77.48089723
-38.18267074
-64.26758022
-27.22929577
-47.64022619
-70.69895470
-23.59352782
-64.40611039
-33.69333871
-52.82381165
-62.74821422
-181.86160130
-163.01780919
-78.49826552
-90.86202208
-23.37412653
-45.24743206
-40.93986121
-28.69901682
-73.29320565
-121.51924390
-71.56555378
-34.64751168
-41.87460876
-89.88416183
-80.98979102
-40.39555336
-41.65451629
-114.10797982
-106.08390957
-112.41693271
-86.52617154
-16.51909150
-49.62200370
-34.47462825
-62.03944452
-136.65056242
-123.57559069
-132.96137883
-105.93435945
-45.09501246
-29.47803142
-48.42317808
-66.72700850
-27.30700547
-51.07869307
-47.78163823
-56.96443616
-40.28248978
-43.07015948
-26.64522279
0.00000000
-127.46022843
-16.84795556
-63.77638275
-103.34175513
-41.16680958
-40.44031551
-24.49718234
-35.60295112
-13.91563924
-85.86847812
-68.02282655
-61.66518106
-39.13947784
-50.17687125
-105.09127156
-180.25973610
-125.54211077
-104.08782787
-116.44109480
-39.69714288
-71.99901890
-36.45565494
-36.31351214
-74.40352318
-30.27030392
-63.16304984
-85.31006805
-52.60573486
-35.17983564
-22.48329907
-54.78175185
-47.93675626
-78.43340683
