56.06270597
18.56471940
-169.15980649
-83.44654338
9.13583624
23.53324755
-18.16189529
-28.65847514
9.28744944
-46.78480139
-113.80254629
-6.58619906
55.16058684
-1.11604216
23.62172417
-6.55753483
-14.32828835
-7.95534284
-94.00863977
-143.76210024
-39.32269323
-50.08950975
1.36441747
38.02786386
40.82472169
22.64395447
-177.61682596
-253.24890268
-134.82235984
-71.02191064
-17.16999811
6.76543963
6.55811484
27.00102688
20.75284663
30.41424715
49.38018100
28.27664804
-19.48233302
7.71152301
1.91740093
0.00000000
95.70720640
40.78320302
-8.33665031
-97.01967079
-38.27590754
22.18998540
18.11060022
-14.98717731
18.64510861
-43.35242151
-3.94031933
41.53594537
3.47952913
129.46145515
-47.91067445
-75.15421574
-128.80490793
-138.74620953
-26.31176454
-36.30265450
15.96521155
-24.20350569
23.93892500
-76.58190331
4.52301272
-109.50039674
-16.08217320
-53.85872968
-22.04467288
2.35800396
9.41788509
5.45450964
6.47835817
63.17395915
-90.80970109
-219.78157110
-109.06380856
87.29807308
12.08898203
-11.48181414
-32.74630717
12.72158904
-79.55989272
-81.80579380
-1.69029601
55.10390582
11.10705290
72.18753707
-1.62659902
-26.12794129
-3.79867251
-58.04385936
-123.22647384
-36.62996999
-59.18062806
6.43157830
43.77652138
66.45992079
11.19272440
-60.27675759
-278.64462134
-193.86008674
-38.31334980
1.23539370
16.27010121
-10.53011901
-20.34748362
15.96852941
-5.74536071
33.19885202
31.51668544
13.06833620
-27.99753737
-12.55005795
0.00000000
81.76815210
25.96005390
-22.09166429
-133.86776800
-44.65003465
5.77549466
5.59522962
-9.85986734
7.61091211
-56.69201527
21.84554342
52.24441405
-1.17341009
77.21453519
8.38461730
23.99718122
-90.38038341
-144.99002067
-9.30532041
-19.95672325
45.68501530
16.92571084
9.85415775
-72.81467880
5.35817946
-124.31850014
-20.44958006
-78.00325786
2.36693327
4.55915144
48.90060519
-0.63841050
-32.26944700
