-17.71396137
-85.50269975
230.69049211
130.08313942
39.33088785
-3.41754065
45.49075108
65.95342566
5.13441448
69.85535039
121.17564505
42.84085346
1.14184267
1.25761894
48.00630326
53.05008427
8.99095047
10.97394429
-24.10520927
113.99120382
20.69749437
64.93232069
-11.36885284
-23.61508773
75.64443984
42.67134393
185.91507951
315.91285671
203.98306597
138.24305159
-1.33797147
21.90048689
26.32844272
-63.04323364
-47.53563958
-25.70342983
-35.50714076
-82.06496852
40.62467292
31.61441401
24.51613635
0.00000000
-64.18988028
-46.77847184
40.62396009
158.44482471
78.29872313
5.45779136
-30.03098230
29.86378041
-36.81478839
10.93149925
32.29378692
13.87187147
38.60763404
16.32638356
82.29007370
-39.77589268
14.47971264
47.29384570
12.45759730
24.78702845
20.04463484
33.92609238
-19.49425373
92.53592183
18.48695008
168.55843558
34.37239923
83.51914559
10.96580197
23.25847233
-28.85848594
-14.30743780
31.54737436
16.75287477
-3.86781507
205.29209783
161.39930672
41.21216516
5.99073142
50.35968644
47.67641719
3.23990026
131.89923256
61.84377383
17.30242360
-37.99465381
-50.88596239
33.76231851
32.74459882
37.28467158
26.86870008
3.40457363
81.13440866
19.61997844
73.37927169
-7.94882419
-9.56074515
50.91365387
70.98313551
109.87264633
342.07043885
263.49923159
99.75884378
-2.38745711
-5.17691708
45.74325069
29.96712152
-35.80480538
15.25797688
-17.49570622
-15.48255287
-11.88090709
-13.07323587
48.64011893
0.00000000
-133.22135066
-43.08497642
29.09504700
206.03051757
84.25979826
17.31747675
-25.25232945
35.13555827
-15.25516045
-0.39805948
13.98419049
31.86746458
70.95429713
13.51148721
46.65278780
-105.73133263
21.47598790
44.92360624
25.29284139
12.89380450
46.83136438
2.70302041
12.88078241
68.33013912
15.39670787
190.17612693
45.71125817
95.95664839
17.01315368
39.89433390
-20.88300100
2.87155025
57.55032697
