-16.03198510
-162.97083250
-158.29212566
-88.61708901
8.74214892
-10.55764342
-32.97360442
-37.78732470
-7.47256451
-49.27247759
-90.04139259
-58.30910253
-83.11775670
-75.26135013
-43.86790765
-75.17959609
-27.30775123
-25.34456044
-184.88617086
-146.69776914
-135.66823549
-131.14100425
-18.04527108
-40.84462320
-78.63473732
-58.54283152
-210.06238431
-181.65354694
-159.10038765
-111.15232339
-60.06574688
-13.52238363
-65.69156767
-73.51968229
-32.22281461
-71.86080101
-74.99819812
-72.01791918
-68.69750332
-30.14921599
-34.07135510
0.00000000
-59.93012506
-17.16902581
-71.93133021
-83.09203357
-33.72878114
-3.04711691
-17.70396134
-7.97112296
-18.01325193
-134.72769144
-26.61187317
-18.35477326
-24.39130429
-86.36377866
-151.57030020
-221.48244262
-208.27244934
-173.48536764
-79.44194467
-61.90118824
-51.46402556
-39.24172648
-14.76999313
-84.45221511
-20.86985998
-72.19521910
-24.19762006
-47.96881429
-47.42212602
-29.21733158
-88.19175978
-55.72371472
-61.67222124
-5.46208037
-182.63890079
-211.73290345
-92.04276909
-19.08646597
-3.03548132
-23.97051824
-34.28324018
-19.58695009
-73.04488935
-117.30628437
-88.50683535
-97.96989260
-131.29514588
-67.71916761
-66.12959424
-56.22867371
-62.04414128
-142.06859636
-129.04146910
-109.04307887
-93.29165717
-19.50968378
-58.84982863
-47.51987865
-87.31153977
-193.76239259
-180.02510413
-48.90322478
-124.91005677
-34.25567031
-5.57541211
-89.25909941
-85.08169849
-56.03840332
-88.30241877
-51.43892505
-75.76659890
-77.61213957
-72.90803732
-46.30887943
0.00000000
-84.76003015
-21.06759357
-59.49150893
-108.85761961
-36.52203647
-52.13280219
-47.33407240
-34.49042273
-11.56048417
-98.09967968
-86.40546948
-21.09094077
-41.55791848
-70.79376627
-153.34809818
-159.28545897
-188.85654160
-109.77892263
-111.63964768
-36.89198249
-63.87681415
-18.16173773
-28.43834167
-81.65126437
-16.54720464
-96.84633693
-97.56994675
-47.52138579
-16.95479986
-45.78510799
-71.50735302
-75.56702628
-131.50612278
