-41.08495696
-39.41828469
-169.25529578
-71.51002784
-50.35987642
-48.87480116
-80.66789403
-64.27647558
-39.04745298
-21.56452848
79.71381207
-70.57753588
-108.21357243
-88.94291872
-61.07718497
-97.03716746
-26.50313214
-23.95206198
-44.82256329
49.50092783
-51.84392750
-62.38764807
7.89479290
-39.54553410
-70.06454274
-70.61800178
-143.08204821
-212.01459003
-156.24020118
-77.50759153
-53.80403143
-31.78655703
-52.58541107
-19.82244225
-8.73823953
-47.03143264
-28.18204863
-4.37162861
-58.48810446
-37.49261557
-33.47079496
0.00000000
-16.19642187
7.88903739
9.13819800
-95.46655018
-67.26975151
-24.38748051
-19.88781742
-21.41975690
-1.95477621
-58.25128303
-36.04179298
-27.40831088
-51.46442744
-70.92251333
-71.26350742
-75.59536983
3.51964351
-78.20155573
-41.67335490
-21.57660521
-83.87982920
-51.58490800
-21.37821180
-38.67214480
-38.20933747
-98.36965179
-50.79316432
-58.66296264
-55.20418315
-48.04291836
-47.44188809
-35.09766513
-43.96654966
-58.08534696
-90.69768914
-223.38419110
-66.92844380
-86.70372973
-26.29696536
-38.56637457
-41.67014441
-36.62278292
-49.20182513
43.11316720
-40.63589955
-65.48807843
-88.29317068
-65.81347960
-89.02824848
-27.44474944
-35.09596449
-22.45860659
-5.97609870
-39.06564233
-28.49568641
10.80535357
-38.23681359
-60.14278073
-41.90434948
-127.97672187
-220.08080114
-135.10394848
-88.69304634
-49.25102704
-23.54701227
-44.34982584
-87.64798493
-3.13128597
-24.28820727
-15.30113849
-53.24487847
-40.95496959
-46.99286815
-25.88739324
0.00000000
-32.70334253
21.29969838
-1.51238075
-129.57191833
-53.44525064
-42.44033347
-11.54443193
-21.73266767
4.04823417
-37.67145259
-61.40841799
-55.22126128
-82.01400093
-36.38917214
-57.23383923
-38.70534661
-8.31820140
-84.20540121
-40.76951321
-10.65059833
-70.46731377
-32.45945988
-20.63886902
-33.86942645
-29.49239634
-110.18044662
-26.17647002
-53.08043274
-50.06116144
-39.86328521
-23.48005284
-39.88580590
-72.76828222
