44.13182338
17.70030307
-139.41458983
-29.94379369
27.40968799
25.53322811
-17.59812181
-21.33369712
36.41274300
5.71523038
-58.44685420
23.20052767
59.72445015
40.33856492
50.83288675
15.59050253
-7.92918768
9.06099493
-29.79757251
-115.70986745
-2.59866749
-1.74957740
14.09500355
32.81729565
73.92018800
25.34265082
-100.29892848
-102.34516436
-16.09976873
-50.59436634
-17.54140376
21.18231882
-17.55177845
36.03898323
23.53673754
35.41930698
45.18954125
70.44358531
31.95678377
-8.73392833
-7.67142353
0.00000000
55.50586857
38.62672914
35.36311842
-30.58807342
-19.69635594
31.23343636
2.12843122
-8.68387872
15.48230897
-31.97045827
27.19588042
49.75787663
13.07408934
87.85801318
-35.71164028
-17.23661940
-59.12468121
-83.90177667
-21.53913165
-2.24199300
44.67857119
-12.48200537
34.47426862
-31.85905725
10.99635132
-50.53937940
8.36709954
-20.94905315
-11.61562035
25.47572328
25.28391349
21.54913580
-4.75746911
29.20128213
-43.78291949
-129.91967964
-52.35302890
33.60189851
14.07327999
-11.85969830
-22.53580939
24.46962186
-26.76176074
-19.93383801
7.11401507
42.49932968
45.13865409
50.26680985
5.00514387
-53.78915442
-30.83955354
-26.95564440
-53.73631182
-7.82561420
-8.68185420
-1.12979505
16.51915098
58.56735563
-42.29512939
-63.03083019
-169.50407834
-52.85804464
-20.91766714
-24.09936526
28.26212152
-25.91026438
-18.06718952
-29.34976300
-23.60433478
27.62542115
34.38439852
16.18696294
13.66675799
-14.87232310
0.00000000
56.82438458
0.72282005
16.10429576
-70.15452824
-42.12484010
-9.28897144
-12.77048791
-5.90567677
6.28635210
-19.78537681
44.44956135
43.10465553
7.39755007
11.11647340
-29.84447002
-1.42864020
-37.36796489
-77.96833288
-7.07431292
-2.88469525
11.83715017
5.97817732
9.05231849
-45.05881161
5.67526248
-89.63542738
2.38067890
-39.13613455
-12.97268411
17.02613654
34.74358551
20.21695956
-42.23436072
