44.31197214
200.54393649
232.70653782
125.52897400
59.84799356
63.32306682
75.38886151
81.99095450
62.08768455
147.82311294
178.61372322
34.36764454
33.95907318
21.96321873
62.83750496
52.93727256
57.49331128
42.98501883
254.45646434
221.89133204
163.93573802
199.78072764
27.50334856
33.19642209
113.93098992
118.51632489
379.08326830
390.37960852
191.65909080
279.22971291
85.98810074
47.50572834
110.55122597
92.39359377
48.67813879
79.32913777
81.49795207
96.87948801
41.38386394
-4.17026061
35.74866315
0.00000000
57.50272266
14.91654113
186.49762540
135.71504066
144.95657052
35.36693841
41.88376833
24.00425735
17.76146151
124.88072662
62.06063500
32.57162402
57.25864229
6.24010586
201.80411392
243.79163010
294.28677388
224.11935757
93.43609703
61.81008653
41.09620730
63.16889235
41.61216783
179.41026619
61.24393620
166.95912155
34.34916696
66.52811364
76.84998522
78.92554894
77.07022401
77.89327764
84.37269768
44.58062172
224.33428450
316.56285792
114.91332731
111.41967604
20.77510332
32.14678775
52.43717010
40.81222920
177.45602465
263.15563941
75.66294099
17.92567756
110.93962860
90.88958653
40.86381712
75.05749922
65.60425523
160.31176659
203.21352814
126.28167325
162.74024731
31.02856624
38.33346347
47.45107101
113.49567989
311.32035566
310.23837329
145.54470586
306.19449243
40.51225290
20.40646853
105.37894588
100.31992847
53.88565027
74.31676954
15.45323061
63.26393599
54.51209294
57.89336586
67.23212444
0.00000000
90.19600478
60.20735558
124.04473085
164.31278458
113.28021837
51.65886070
47.19102246
39.14811738
13.04956403
115.50264838
88.37667144
82.20187930
69.68821006
76.37639521
158.16121420
79.54096607
205.44187849
196.08450474
85.07649753
51.10332468
122.46371212
35.44347143
34.82393334
194.38411152
54.47786956
162.64542155
55.93211671
62.28317875
34.23551805
93.84505346
35.72891913
86.34061951
146.66269252
