-41.48020909
-50.80558271
-96.55737657
-18.95515738
-55.15988202
-30.29114836
-26.16922269
-31.23635408
-39.07006512
-65.78652368
-74.92617559
-19.73087118
-26.74053497
-29.97675573
-52.82474074
-49.98038835
-20.12039648
-6.12814734
-97.77852121
-91.42682394
-68.22862709
-105.90542132
-18.78521899
-28.07789384
-76.21754067
-40.48405396
-127.55202273
-164.19014763
-67.96039204
-133.92828585
-31.86445180
-12.33278778
-18.33504250
-10.68984711
-12.92196613
-10.59865269
-52.84962839
-23.54353232
5.96892157
1.66870456
-18.22976470
0.00000000
-59.16516696
-14.75860753
-119.40427041
-57.11770110
-61.80134697
-9.77084179
0.14304566
-8.12661818
-9.29439375
-59.12521753
-33.32520263
-22.24814756
-31.96100514
-65.46164371
-62.92733869
-112.49478507
-98.62943127
-69.71046250
-58.07744843
-34.72235208
-26.45399247
-34.19297395
-20.33870788
-65.63219274
-35.89521671
-73.83205099
-14.92378892
-15.91927500
-34.95065142
-47.12548532
-50.85510563
-42.18641722
-26.27408038
-35.72408341
-92.75492847
-106.00790101
-12.43244347
-84.56446345
-17.42230471
-8.45149753
-14.90697196
-22.89822990
-96.68194263
-143.18803620
8.41162151
-9.86185363
5.07841391
-40.08455015
-42.68075558
-12.96950663
-1.86720159
-27.86669923
-102.42467411
-51.23856095
-102.52862886
-9.35692008
-25.53784152
-20.79528074
-11.56383131
-81.09717519
-77.50856564
-141.23632425
-109.60408923
-22.33165639
-8.36581946
-1.98231842
-33.74789689
-11.23292604
12.48342908
-21.71596469
-25.72406549
0.65084943
1.33996898
-8.41145347
0.00000000
-58.83848949
-5.68437720
-88.09971527
-60.30285517
-36.04739585
-12.76061989
-8.27512443
3.77385302
-8.96848308
-69.79941852
-31.05359069
-46.83730225
-36.84338495
-7.36430987
-28.84590896
10.25955670
-67.48655725
-51.64092634
-49.60285726
-20.47975522
-24.69764521
-17.36926716
-6.76712182
-65.10134756
-26.59935739
-56.25810375
13.33694314
-14.34529063
-24.98587738
-34.68944008
-16.04346397
-17.01525651
-2.37262165
