25.74652014
127.81251233
72.40085073
78.48832247
53.89012330
14.86648341
20.21457684
25.55491524
19.49462753
43.94790362
74.18259687
62.01412178
44.29513524
97.35983292
70.32121044
27.22153567
8.19073177
3.71644582
113.51032305
130.46221942
91.46000899
53.34391490
5.03233200
20.43097880
111.62391738
118.27498263
202.00161562
139.25394784
81.19072261
103.93004473
-10.24210511
1.96748298
-1.79033049
14.59486806
20.39397722
5.45296525
66.67961638
39.82201254
53.70693416
31.52472425
9.98620050
0.00000000
64.20316987
18.18771313
39.41798479
60.05576639
31.50150353
-9.68225871
-8.70132209
13.79600427
15.06320872
71.78482593
75.40095358
13.23473473
12.93774800
76.28926611
178.41035512
103.72863361
106.14749580
92.93337934
77.69417628
26.01461141
61.48481329
-20.17471596
14.12341585
41.87883763
20.02894525
89.67862606
58.35365819
20.68578564
10.19914968
27.29502831
67.12435123
24.09846242
7.46201317
21.42802859
78.20087593
75.84868471
89.86216844
64.40137464
-1.93769601
15.54948699
22.99209426
5.06046773
35.13520129
73.52019753
33.05980302
16.08221953
16.68151503
52.32669531
20.90410911
11.20865584
15.81314260
93.78274354
69.93751309
42.25016801
27.59914388
-6.06856208
10.82492228
41.16827397
89.84687163
225.32491718
110.58431506
121.39387843
109.70578364
3.78444902
6.01758254
16.62830964
21.05004624
-0.50152959
26.40610003
13.68062828
9.54363523
23.09925574
-5.16101205
15.83630683
0.00000000
17.48057555
-1.25875077
18.05921938
70.89724066
42.76475496
15.28585029
-14.70113826
17.41583994
-2.12033734
39.54117890
64.09995166
15.95660646
24.37721886
52.48490634
142.07771767
98.06235269
109.96725474
76.66805834
70.12405893
6.13901559
35.04931703
4.80290468
11.73912980
50.44969619
10.36390846
96.33822926
41.16430248
25.63163620
-1.60131697
25.18200374
15.89775103
8.23846758
21.76469324
