-38.58110607
-60.71661647
26.72041974
-12.49074061
-3.91080060
7.44780967
12.22915601
17.00543479
16.32850170
23.94590151
-9.86289628
3.02532469
9.92831984
23.46359868
-8.61637709
50.63588179
-4.06810021
2.68008101
-70.48362257
-10.41538155
-13.31688058
-31.48083814
8.07777102
-2.21065168
-45.27518660
-43.81829147
-47.67004785
20.88168906
17.48351369
14.64710623
52.13910469
2.18523704
-12.35451185
-10.20848234
10.92682468
-0.59648918
-15.93202848
-28.65193469
5.34277774
18.47629995
0.50841667
0.00000000
-31.27441528
-1.47520804
-29.36383813
9.24524765
21.12938489
-12.88621753
-4.02381735
5.35488219
-4.69381545
-31.02954522
1.00176595
0.04797284
22.07806268
-58.34206963
-20.45198556
-100.26148368
-66.72272588
-5.44312150
3.11521919
-5.47337639
-16.54993227
51.25737908
7.49534433
2.62375543
8.79541500
-5.82835210
-6.99457966
2.07071276
65.53461980
21.89472356
-15.85685666
-1.25100695
-5.26362999
-55.15702918
-18.34583197
35.27271111
-6.77309712
-56.83124104
7.57149507
9.58341936
10.85898044
14.31439540
54.20905873
-34.70239702
-4.88786687
-7.72951822
29.08674135
-31.70553881
11.17544163
6.26767514
8.54065408
-58.56521471
-24.60967720
-15.98005254
-8.97076468
11.15940055
-3.09139242
-35.76322629
-17.98580341
-48.58876664
47.29130565
35.80449604
-3.04347842
15.11122333
-3.54547773
-17.63567930
11.44338314
11.86966626
-20.33484214
-1.99771951
1.97883512
-16.30503181
2.01915152
-9.81041294
0.00000000
-44.97681776
14.30044941
-15.22072979
10.84315173
10.95623027
6.20406796
-2.87735639
-1.84937942
5.55711952
-33.76808165
10.64095362
-14.46678657
1.31509932
-54.37788413
-35.79911375
-105.70519569
-71.70171044
-2.06890175
8.92217228
-7.08782908
-16.83149178
11.28084581
11.73497204
5.73403469
15.68380781
12.43867954
19.11881074
9.79714794
1.56199850
5.85648124
-12.22192116
8.68979243
-27.86511731
