17.28040871
87.65065882
14.42825628
50.01387809
25.19976535
-1.76731057
10.75449491
12.51528453
-10.11001534
42.59203931
149.87547284
27.35121513
1.06637658
13.90676277
41.51115727
-3.76860893
-3.95735593
8.76867669
145.94166234
192.78138742
78.77470558
77.58776689
-3.99390052
-6.94614850
66.18938315
104.86002792
274.81646887
68.86328485
59.37701837
120.41465210
-34.65204972
5.01141018
-10.25286742
-18.63511739
-0.97670777
-14.97974871
28.36316012
4.72851357
28.85783501
7.54307055
9.15642920
0.00000000
8.85813743
-12.24976134
64.08951577
30.45692863
26.68441577
-0.13980886
-21.87433763
14.53176127
1.90676423
73.47558452
44.48274861
3.44724273
40.10342773
45.73175802
179.71412717
149.65462800
219.18424517
110.11769795
63.87829504
38.31756390
16.78690659
-33.87663340
-6.85240969
75.08291281
3.65424535
82.05510528
43.08398434
42.05766473
-17.83872858
-0.21054720
56.51732120
-7.11624850
-13.73619369
16.22237268
57.36541698
0.07020574
50.11271708
52.00301333
-8.79631892
30.16649295
23.84915238
-5.40200751
57.91138855
140.28887396
34.66238910
1.57948979
-12.69381613
46.66322639
9.58787523
2.07094336
26.90425086
115.95230516
125.74601331
43.21948182
71.72941977
-14.64386085
2.62791941
44.69242227
106.92897347
234.31475665
44.29333903
111.64865421
123.16668366
-3.13451921
12.67832601
2.90350171
-2.78389159
-8.19140199
38.63100340
12.84496395
0.94083524
6.93697179
-22.95592503
3.63720947
0.00000000
-22.62074978
-8.61127377
48.00920634
31.72780407
42.30149989
15.23735719
-33.05666141
19.87273675
-2.48187220
63.11610364
37.34773035
8.95075550
38.12277197
69.62190868
157.31367460
57.81533540
183.31991934
68.13918620
47.72661943
19.23320277
37.85629034
-1.85116932
2.79464697
75.03486340
7.44043285
81.12663797
54.09795449
46.48274743
-1.21744904
27.46560959
16.60624233
8.23531364
4.53651697
