-43.70956190
-82.49636312
-293.39020469
-124.72033764
-59.93344505
-64.42526026
-66.25232822
-84.92309156
-83.85486992
-142.37403571
-163.50701220
-87.26491176
-107.07088126
-123.84792152
-105.50822401
-161.93638565
-42.00048395
-28.70425670
-143.30993530
-220.01543722
-132.02982748
-160.14427756
-19.18818989
-46.69044173
-215.00830766
-102.75077126
-310.64089308
-373.86897107
-242.89351790
-267.45040399
-95.23361910
-45.91410040
-77.13503565
-56.40679344
-24.65169619
-80.29286485
-71.52331202
-72.82668527
-88.45185857
-58.29086377
-51.04440655
0.00000000
-58.52343912
-19.13928719
-141.05005993
-146.88407575
-114.43368225
-34.57038531
-18.07943141
-31.41880510
-9.61203346
-99.23814479
-71.58919297
-43.86769680
-91.04510939
-191.19176548
-179.50357121
-153.71358594
-165.94576125
-173.05546083
-71.29609512
-64.25672547
-73.45868668
-83.21840229
-42.95149665
-149.11826475
-63.91329690
-169.32321319
-46.25237266
-75.65434778
-106.15810340
-106.14695049
-84.27829531
-120.10191533
-82.92534166
-17.51698308
-159.30137176
-331.88905270
-111.48311626
-86.64515557
-24.31078770
-44.22092571
-55.50171689
-75.32900341
-190.35633372
-187.19299188
-25.53250766
-66.71398101
-72.05959341
-61.57073020
-109.41852017
-39.09821547
-22.59382080
-78.07566762
-164.18366274
-96.47586833
-125.22958516
-18.35173747
-53.41717134
-108.95935846
-37.21303135
-187.85670989
-341.64865115
-271.38113898
-225.79125558
-55.86117898
-20.40478833
-68.83794518
-108.69590998
-35.45397377
-41.14921225
-40.45158296
-81.43468506
-21.49268898
-23.22859997
-53.95304395
0.00000000
-20.43136201
-25.31826338
-92.83015111
-185.24618065
-92.50543361
-30.42868684
-15.90448330
-12.74911295
-19.87900643
-91.55429650
-59.43915420
-46.05306411
-98.10146554
-19.47403999
-85.46778564
-6.15640254
-94.80173213
-137.66698562
-79.57661449
-38.64299813
-14.67286558
-29.29315164
-28.51067411
-136.31295519
-50.30680267
-160.07648092
-26.43503263
-83.22998344
-47.49410331
-105.98437936
-40.18884818
-93.89942776
-123.15197379
