2.40210308
15.07062658
274.62242570
169.71960165
38.20298215
9.81006287
57.38269603
73.20971119
20.13106377
96.02631692
146.89286685
43.01732982
-5.15677006
2.92471893
67.32971528
57.08015872
25.33237270
31.76017086
49.82877799
179.86933756
76.38420984
124.20824299
7.48251070
-7.21480155
102.60526717
62.23959929
307.06660015
466.36934558
294.20684799
216.52548618
31.26396985
19.79801346
54.25446912
-23.11588166
-10.35845117
-11.06561038
7.84874444
-39.89435714
40.22434272
15.98479821
26.76233378
0.00000000
-25.16645468
-39.69173270
72.72649437
194.83533006
118.19053668
14.88760858
-15.38028885
30.01296236
-16.67457532
38.93845814
47.54652115
30.47422425
54.47087788
3.37851419
136.82727193
12.93856628
133.03640235
99.17204992
38.14403257
39.17528430
33.65873805
39.31827760
2.57528397
135.82853827
32.32514945
204.54361822
43.00408044
103.39702718
27.73692858
45.00005047
-4.25005735
20.12652092
45.19384289
29.86845846
72.47418256
317.37947715
196.39132466
68.41647620
11.05765779
43.28365372
54.92709767
0.85852868
154.38893445
111.42044076
42.87566528
-32.37421892
-0.26002276
61.38155578
41.88968366
60.25216202
43.29233011
70.32158218
119.67832614
60.44223369
109.54929539
-1.95265054
3.91385344
71.44961404
112.24627728
248.37666037
440.22109598
303.48671441
209.40507057
18.05303198
13.22565904
78.23090623
71.00986533
-11.78780775
57.69778306
-7.82493162
11.71489662
-4.61552685
15.46611026
65.48656384
0.00000000
-80.97000333
-22.48764188
42.31786008
250.54564362
109.88123380
31.01650873
-7.02291197
37.74306522
-16.42977328
42.74909243
46.14402719
52.70191194
90.62640907
22.61615560
106.28174308
-75.03274952
95.52593486
110.56546469
53.92426259
31.17544683
64.71213739
19.91909579
31.72429780
128.84622768
26.39603625
234.18427988
64.93953096
122.70528477
24.00261590
82.87651102
-1.97179846
39.08029493
101.83033710
