42.34746738
35.08543464
139.26618350
83.23014599
79.62873243
25.08279936
41.90333441
38.74603843
38.33377872
64.55432536
23.24243981
75.16540180
90.14093888
80.79183185
61.01987727
87.98159768
13.44238503
13.56547662
68.30501693
69.69754854
63.20767657
103.49099124
-6.52165942
21.99432497
123.00083145
32.00835854
189.93381500
262.88781218
209.35769924
124.75728571
28.22010532
-0.21443357
33.69779039
25.29920302
-2.52154617
42.34138447
41.27567262
11.26923865
75.51266048
40.00004836
29.37318851
0.00000000
43.00141218
-21.81753653
29.58600811
115.03991125
41.42012478
20.61203891
2.15175083
19.34897285
-3.91158422
82.67090524
34.02527825
18.19445566
55.75187416
89.11084220
96.41664037
82.94220949
63.47572704
109.03030682
63.61373810
27.08298191
37.56580232
41.22145834
13.62237277
66.79240254
22.36071593
124.50627863
43.34708767
75.95857279
55.26048346
55.33169105
59.78714423
60.06604994
58.34846822
32.78872633
89.65609891
162.58681101
81.99087995
45.16909025
4.72403669
29.07958787
28.53561442
14.42167646
67.01597408
17.42656367
16.32086035
19.20200206
37.93069753
18.19118321
55.66836618
12.52706403
0.69363869
49.67847391
59.98112718
36.72136094
74.12779694
-22.03794242
8.06926178
33.91444542
15.28352810
106.18304022
210.82663969
143.48508620
73.31837091
26.60529023
19.73818490
35.85919546
90.05983000
-34.28533279
10.22818666
6.49138303
41.84796118
16.52279190
24.60983455
14.97410404
0.00000000
16.09596468
-58.59606441
13.38507322
126.57534376
19.42563687
1.96793921
-9.73393489
7.36926594
-11.19418403
52.90478164
12.34720943
23.87408043
56.71943378
-26.50658912
33.67569096
52.28513893
44.22970441
80.71132705
48.83973016
6.32142697
22.16776053
14.14207866
10.56799115
21.65438043
13.17921445
98.13627763
28.90268849
61.55007909
26.14793402
35.18244115
1.75947325
31.23990252
65.66520843
