-18.57844001
-68.98111109
-20.32968383
-47.26620537
64.54413222
-1.63966436
-20.07548588
-16.10272273
-6.48737271
-15.24367985
-125.18084915
-33.22096090
-61.33623866
-28.68458343
-47.23196864
-35.82457579
-23.05694940
-18.07846971
-2.87021541
-50.40664459
-19.86662132
-68.54928264
-31.36209712
-36.36762885
-51.27768342
-54.68177825
-45.29060614
-125.38931968
-121.43939621
-23.30015734
-10.10958331
0.36351563
-90.72043477
-63.36787991
-42.70284430
-54.51563337
-22.81532477
-31.45195193
-61.35900513
-13.51649707
-15.82591881
0.00000000
-127.15816506
-31.88045308
-120.13081145
-65.76736116
-10.74803846
-26.15600311
-20.58699640
-7.18307398
-24.59798776
-68.90556576
-36.66080092
-42.60076542
-12.67800864
-34.62977782
-67.15058798
-66.46507794
-50.78566083
71.45072540
20.46110697
-17.38150219
-17.57578819
6.88989454
-34.85320670
-41.21684782
-9.73209034
-26.09722250
-39.82513993
-33.26142020
2.76434770
-4.75399234
4.98180874
-8.30201254
-72.71166693
8.98825383
23.31859466
-46.02126364
-40.53767607
5.22444253
-0.71008723
-3.22867695
-6.41659968
-2.15196160
-51.98832787
-109.38369593
-41.56663425
-38.58943246
-46.43167310
-68.90439693
-16.48163801
-18.39399898
-35.44019807
6.35094469
-19.84611344
-4.95255337
-70.73839775
-16.29759375
-32.21553473
-52.30736384
-21.06722975
-24.23987276
0.95180177
-55.79301773
-52.79379501
-1.90016502
-9.13382539
-76.16517162
-49.00375784
-46.51711828
-39.01595907
-20.98636486
-22.20067493
-33.13800519
-38.83614614
-33.55463862
0.00000000
-64.38485252
-39.59358842
-76.61157834
-68.70076121
-13.43121735
-36.46338527
-17.35281270
-15.42778941
-1.90617336
-43.33683477
-53.32578201
-30.58174759
-10.68914631
-46.93301715
-50.49358116
42.89590888
-13.14846371
60.44308085
2.84201978
-16.98874691
17.71339354
-7.72062895
-25.06160460
-43.18495040
-9.62843494
37.50512797
-13.77831218
-6.24622719
21.82400276
-6.50308083
-13.49423432
-9.87441916
-94.34556783
