44.68121460
59.37041040
216.75458083
147.89336115
27.65822272
22.13354699
61.03243459
49.68991870
21.16956689
80.47610080
113.01593980
110.66926386
121.62525389
134.24513136
104.87721323
131.79466289
24.98507116
31.08232978
89.46757176
176.22076348
106.57532309
110.35472194
9.92941667
21.63798944
129.17967016
52.31331922
246.24823969
408.27632652
300.54232612
174.09377657
50.97154366
-24.83565237
38.32820978
45.50871673
32.10113793
16.90683332
12.53175163
25.91247669
134.34378462
64.94086698
36.75234818
0.00000000
-24.71293786
-2.55797074
53.68607743
176.42198272
56.32845008
40.97906929
-8.28976161
31.37124217
-7.35066564
91.54179893
60.05274083
45.95194843
85.67790441
73.39713042
130.55116962
76.40585990
115.41859385
118.99213170
51.51885178
53.11671548
50.89119732
35.89424722
19.40416086
93.74941568
15.44765627
189.10157375
61.20951664
99.19390572
49.37302696
40.76414983
25.47332236
64.44480727
63.00696039
-4.54468973
82.23871140
250.91429562
150.50477089
27.82824041
6.15938915
50.86790693
62.11667064
-5.54584625
112.27508095
104.89221278
41.14660717
-3.05137291
76.09920870
20.85775883
68.71580781
20.56323097
11.72314677
52.96520086
113.47911829
65.24656898
96.81946968
-0.55762058
-10.36120265
24.22554178
85.97445951
210.94310273
440.80861864
332.36723132
115.17082263
21.19703463
-11.89069974
53.21109407
83.67726239
9.85858447
51.56761634
-1.15229916
12.32589485
17.16583019
44.90680843
34.47250421
0.00000000
-73.85349910
-25.50932881
46.21298732
232.57641220
55.06068407
25.43113343
-0.69072209
21.74711362
1.21671146
98.34287955
34.48888751
17.06824031
73.10738125
-45.22099412
59.09172230
-67.94504581
75.69085780
146.93347977
55.34941101
28.51582462
-47.34270010
-3.11553801
12.89433549
70.89316849
7.32740133
239.15376248
101.96184526
141.20181892
10.90070197
40.59196619
-15.86817406
37.20424623
84.64589203
