33.71408096
98.75971912
150.49096271
65.58280821
39.17035135
28.02733693
64.11307236
49.11169104
13.47488443
40.16390700
53.60383913
36.39815061
57.19957177
31.12070823
59.33137236
70.63100196
12.24889695
11.82081716
117.58890880
92.22348064
98.60434387
82.61726032
7.89695611
29.00211799
42.60294352
-1.30749273
103.29548677
214.89535189
132.62368337
82.21912075
30.76013813
43.00663198
54.47731433
54.33002452
36.89084590
36.02212255
72.13396416
45.74752106
70.56355214
-0.91063101
11.34939458
0.00000000
45.44411220
13.12618411
52.74601402
81.16916675
41.89135785
18.67250400
9.64288337
18.15587016
18.21313705
81.86733306
37.06783955
35.59902290
52.10235063
-35.51855576
73.05725912
133.88839175
112.40326291
135.62548045
49.65442831
39.43704050
41.70080234
52.51347227
20.64697308
71.89537479
24.27420359
84.98462221
21.73039321
55.84750104
52.88406718
15.86308619
62.89402398
17.61673777
55.93284929
47.96616201
142.55194891
157.30230326
51.32117523
77.80438966
14.02904310
42.06655857
42.25465306
-3.94822997
41.38747576
112.02247773
53.49034114
25.52634833
40.41511793
78.41941301
67.82517795
22.82162753
34.46882639
60.61486414
111.23765853
88.44516427
56.19857925
12.87091915
36.52714849
-1.82774546
59.50800049
116.09254155
199.79089163
160.65992070
87.25425989
25.45903904
10.99155782
58.09044978
70.47279329
28.10986472
26.99047906
30.74928710
19.66780106
33.15330300
24.20897374
31.51273591
0.00000000
36.45672897
21.47832933
27.62948917
112.10562272
39.63906033
32.40699224
21.04310598
40.76859665
17.98470782
80.26179212
66.83814074
58.59536130
49.74940674
22.06640347
70.81453248
24.70772443
96.20619880
81.92160277
92.74692542
26.30059262
86.72807771
29.95880610
17.01529208
40.49868970
14.36873174
109.41732362
65.99194451
73.68225070
32.36661802
11.65476654
28.21342129
14.83920616
85.90832901
