-17.02191952
36.06779238
155.07889795
46.75422837
-50.87517681
-11.02059789
56.23138530
48.03380799
16.42878077
33.13683761
162.12915439
9.10493642
20.41538786
-14.47264366
4.72361136
43.17315379
26.89294860
-0.04236508
29.59494892
226.81442156
60.45994881
129.96589277
29.30925633
-9.71892038
5.17779698
0.34984801
28.39375317
70.61769076
87.38992746
88.97124072
14.63933096
0.65298502
83.55974568
4.96814558
44.37177908
15.57079515
36.14458467
-52.25626648
40.58563964
-9.03593105
18.96802915
0.00000000
186.62240066
52.97407881
160.60985105
54.78898504
59.88507734
-4.61649025
29.93025235
10.04718434
19.12045659
88.11718532
-12.71361061
5.17103494
-7.06358237
23.86683662
86.25820325
140.53205419
114.36388270
41.18401469
25.35125579
30.80679235
-4.63379160
19.73213824
-34.45731703
33.90433055
27.66016786
-11.10481238
-7.54190095
-8.27558580
-25.93349060
14.00344036
-0.43628125
-4.78121228
72.51938227
2.16671680
91.46092319
98.21100178
126.73021455
14.49551222
4.31661436
18.80589586
33.85797100
19.79799916
55.19562032
183.95132697
36.70563047
-0.05273375
-41.89039022
83.25346355
20.14174921
72.90012064
51.48198512
103.88425432
140.04118344
49.86868685
97.91449893
83.71090868
50.91365019
68.22925800
50.63561665
145.19171448
59.11161175
82.44821403
148.27484515
49.77776678
0.53093233
100.05757416
94.02671211
84.62369059
29.57972493
48.48213806
34.27583124
20.49092997
-13.84682993
54.87382764
0.00000000
138.49432644
137.85129574
91.82327867
75.64639642
44.39412491
50.53457652
55.62530802
39.50670018
30.44970116
48.05833965
50.40885264
44.42802270
15.80406922
82.81486253
130.55125613
163.02015773
70.49479597
19.83901759
60.89695316
35.42040029
36.56300670
37.22108898
33.31088476
92.77978368
23.29847841
-22.71236121
7.57418658
0.62874310
39.27895199
39.04738374
54.32007435
20.28405750
111.44418979
