34.59824411
57.80066279
119.45627528
65.32327588
88.74650211
27.59192164
10.02002508
34.87490551
37.32251846
13.95861477
-90.42155942
59.36760951
41.94078103
101.30994692
72.50700841
99.19745427
22.94435565
-2.30950754
-8.44055592
-70.18708051
34.52762585
2.38538381
14.76713246
40.26835312
59.32666406
26.76384694
39.83246352
166.48912020
136.29520688
41.58097945
38.26615171
-9.90131757
16.72141213
49.35221898
16.47845215
28.20506815
53.37406773
65.74832213
33.96584796
27.64241334
11.65195279
0.00000000
27.75129590
7.35896465
-37.10699208
75.32743195
22.99842471
0.08458053
18.53931736
2.18526377
5.14250594
20.68381130
56.64388776
34.10900117
32.35260806
21.52958588
62.57142068
-44.83218606
-70.73350560
25.75273802
30.82472295
-1.08197233
62.16517015
22.13405120
30.46776380
-5.57694048
20.18978192
71.11926744
50.84241984
15.66829740
51.89837660
29.19427036
33.60070732
52.22998137
29.41881063
35.97530266
33.59400832
146.14818870
43.23104895
41.19254347
15.23606405
4.66207415
21.91983385
29.45368387
13.16961424
-68.28645507
16.87287569
12.44817464
38.80371679
28.58281378
58.96554102
15.23260193
-4.66192188
-37.65456152
-67.11268190
13.22004162
-21.47942759
-1.46323200
22.81243968
-3.42181950
16.36274175
74.83353742
155.31237783
121.22999899
30.19842600
34.97236786
-4.46043195
31.76739340
22.49614424
1.47691381
5.65491739
21.54979412
23.61921304
2.23258124
32.90131341
14.16772202
0.00000000
28.91320624
-21.68253084
-34.77869107
76.83660170
27.55514037
-8.75044650
18.45945898
-3.30024517
0.87402077
0.93088977
40.51866012
16.24319356
22.65831121
-12.86573718
3.83916917
20.22441495
-82.05803560
29.68154365
29.00825171
-3.90133870
-6.18503066
8.38415872
22.46391490
7.44430936
13.58544454
77.46889878
18.36513469
26.97523161
22.02083719
18.33706117
8.77285921
3.63466670
35.57794254
