30.39502189
11.99057918
116.36299107
36.45649102
82.28085156
29.74743201
-5.00197823
31.49537059
39.32711939
9.32267709
-62.07582015
13.51427195
4.18498543
32.63638301
50.86476953
95.38033191
15.53668353
2.45984269
-18.00569021
-48.56213531
20.93195675
3.82209280
12.51643667
27.33121366
33.20120217
-13.16655988
-9.14728470
110.54715808
79.39508461
29.43702640
35.05814504
-24.63248652
14.80702334
36.16385126
7.13874793
22.48589538
16.86932043
46.12025494
-3.85524662
20.63703784
15.71971837
0.00000000
-0.79261330
-12.82823357
-29.09514343
48.19485694
20.29968878
5.39232273
20.27253730
1.61682333
-3.92082603
12.77387125
14.19327300
29.76370922
56.55379592
45.19885381
-10.47673098
-44.53234250
-57.54100527
27.19418894
13.99348027
6.76722303
22.06494947
24.92113565
19.96876812
3.53907044
18.18827810
34.85724307
2.17259943
11.35039882
53.93334242
26.18816551
17.84687236
55.73636813
22.91119724
45.97810793
14.22972213
142.85928656
-11.08890177
67.26029458
19.29485186
9.85458680
29.45406668
36.35686518
25.25499689
-41.04907749
3.68554592
18.36122961
16.74421160
34.35473718
79.43173099
13.65499564
6.60532082
-50.52260393
-49.47497506
3.60961169
0.09231992
-3.50907525
27.76223397
8.47163552
6.81653244
5.97983635
114.44083072
118.38287982
17.32566973
40.11711713
-3.87179829
26.15076166
24.85699915
4.13658822
12.18654898
27.11976679
35.45997105
-12.03291549
31.91849983
14.10881736
0.00000000
13.14331106
-24.86580867
-21.58828379
45.34471397
22.35534853
1.01509611
23.03643936
-3.29766039
0.63039902
17.58741048
6.16279852
25.61882892
37.32955110
-1.68656970
-43.41233010
-29.98869615
-90.74722801
24.72383317
5.40221459
-0.55334429
-1.46931503
6.71591652
17.64114532
12.36928767
18.63602064
46.70755671
-10.46322323
21.89961622
30.61796657
21.18159717
18.28866568
16.37196773
39.04374319
