51.58210959
64.54959158
-127.62219706
-55.36595048
5.42308279
21.52311430
-10.69612458
-8.49229865
20.73502940
-24.91305313
-70.12522827
25.15463537
91.38884186
18.67657979
36.13905659
3.44147680
3.18282668
4.39136944
-44.92412021
-94.93496101
-22.29207335
-10.62631160
6.66232122
48.65351078
104.05773502
93.28637522
-93.43807100
-178.49010250
-79.95392425
-16.90558253
3.37777148
2.61219671
35.32876707
42.44857856
32.14378863
60.41969582
74.97043409
55.29346770
0.48238773
17.50355121
12.42426150
0.00000000
142.67900320
39.34900717
52.49448640
-68.49386675
-16.74375245
31.07144354
23.64401597
-2.93219509
16.93588298
-8.16246857
20.63666810
33.66997142
-0.75733808
184.56446433
34.57463288
-1.24134852
-81.34572123
-111.36759007
-4.90757342
-32.62822312
55.00591141
-13.76105905
22.99558629
-56.94320511
18.54050333
-71.64382716
2.59719922
-49.94733956
-22.77737659
22.61198394
42.78638688
17.80055815
31.85714546
64.38353463
-38.49350725
-201.42888035
-92.25981579
95.28246421
10.28864014
-6.42826140
-14.31099033
11.72911838
-69.00956254
-14.87207015
32.89001485
89.84325955
39.06914239
95.23774923
-0.74888743
7.90584659
28.55385787
-38.39565109
-83.26966945
-14.37491794
-29.05406724
17.30753127
62.84275235
90.02077507
74.83555142
-4.94287231
-240.51187945
-189.25185414
13.96650132
19.72426603
13.95090119
27.37593116
-0.25090644
37.20509397
20.31297941
47.10306446
49.08163048
37.79141662
-10.65419900
8.39213530
0.00000000
128.09859050
42.50282600
12.09114320
-116.68404637
-28.44152375
33.38081581
28.26476914
10.55792894
11.98387821
-37.57062452
45.43283620
59.24869295
-14.37846525
133.00056038
55.30447475
75.95151891
-58.89347122
-130.76146707
19.36156232
-16.96093402
88.48989652
28.11469742
22.65257313
-49.15874415
10.79509308
-98.10103894
-5.24771605
-70.44105220
10.50950609
10.98790079
68.68468241
12.24575665
-3.57567456
