-25.17549064
-12.88273399
-141.06781003
-61.81252427
-28.36233750
-44.99198256
-39.62466082
-49.44471029
-32.72061593
-15.48887527
-37.12827472
-25.74986927
-18.02587709
-23.95428090
-25.09922426
-70.87060349
-17.06259435
-7.53940497
-20.94298457
-90.51823513
-49.94956695
-27.55631892
-12.00733180
-2.56905908
-62.63664661
-59.77241453
-136.34550326
-127.66829250
-78.99663873
-121.39092592
-41.74710296
7.53105224
-17.45947691
2.43245515
-17.41061119
-6.25319491
-9.64708321
0.45341180
-39.20465556
-29.99219459
-21.48380983
0.00000000
-4.20435007
5.51462080
-3.08306686
-61.91883618
-58.66621693
-8.33229196
-1.01104245
-20.29573306
-10.91816850
-24.81614085
-11.80964083
2.12368676
-60.94047284
-24.51967403
-93.70065739
-9.07268024
-47.52301679
-71.52823886
-30.42247596
-23.15340690
-9.22380772
-25.96228082
-2.04110107
-46.33827662
-24.57605617
-74.24907814
-29.57112502
-35.28508436
-46.29988788
-30.96875019
-22.51126237
-19.17414359
-16.70500841
-24.29184580
-37.65717035
-144.90848729
-72.38450916
-49.04251803
-14.61606762
-25.61045573
-41.73800334
-32.61328634
-54.65792566
-16.37260821
-31.07626966
2.64085799
1.58511828
-32.02420957
-63.53379016
-29.03700323
-34.72544679
4.13951524
-15.18012585
-21.30842516
-21.74232795
-13.24017408
-13.53928709
-39.13507321
-85.99200689
-156.11268655
-176.31222891
-241.55068052
-105.80246261
-54.05360026
5.59163987
-29.41670882
-39.64837831
-11.03717731
-41.35945361
-23.41732044
-11.08453276
-28.71905600
-23.69322837
-30.55930882
0.00000000
29.98639895
-21.15326989
3.11595989
-90.21227485
-55.20554092
-40.29479711
-1.81774305
-29.88603313
-6.04479589
-17.90285433
-35.28376937
-15.48931431
-51.31747237
-45.61816659
-85.85087474
29.92253668
0.90861776
-54.41902019
-46.46263275
-13.18735074
-28.26142785
-23.86724644
-19.86544556
-56.48306006
-20.62539909
-108.95024402
-53.14931842
-61.61699522
-45.34173782
-39.86239609
-16.19358606
-10.05695439
-32.55590704
