-70.66076591
-75.30625028
-175.58574599
15.16546311
-150.15438613
-45.86276645
-25.21554492
-22.85760322
-35.92644784
-59.56050184
-83.74250970
-51.22072280
-34.98867007
-75.63679112
-60.46721178
-81.08392464
6.93079642
2.65604460
-109.22831346
-118.87791297
-45.47127867
-57.58940613
10.93383411
-24.53635101
-82.52493417
-0.75356081
-162.63802534
-131.86611298
-59.86729737
-123.98524543
-9.51828295
-9.49171215
5.86514877
-11.81768770
26.04642679
-22.09709572
-17.71566859
-3.93873671
-10.97955830
-25.90135950
-4.49569053
0.00000000
4.28646677
9.91735447
36.26836568
-44.85032165
-50.79058433
-6.35110334
13.34038475
6.91776286
0.64050123
-36.14419897
-30.88586884
-20.65904702
-40.27369456
-29.30896492
-84.83200275
-64.98991279
-138.46626320
-125.95791485
-26.41153221
-18.49714267
-46.07965168
-12.68458540
-15.38074747
-88.17385757
-9.83540089
-95.70778117
-25.94165358
-43.68054111
-80.09811706
-38.20784133
-34.36524365
-59.97528453
-2.09643728
-41.70850248
-120.86595122
-209.05999242
42.45769247
-60.51492502
-10.01906747
-19.66090635
-21.33983524
-34.60011876
-105.30676603
-78.29868875
-18.64981473
-24.62737361
-67.70815456
-5.96315388
-57.86277932
25.73383855
10.07732716
-92.44437699
-106.15451599
-38.61672552
-54.04385687
37.43659203
-4.19698916
-32.53244683
-13.39284166
-150.72981266
-172.19084821
-73.68676672
-108.80091451
-2.99681200
-0.33361870
7.72089931
-34.74951002
45.06869198
-3.78989371
-17.88264787
-36.25884464
-10.20086097
-23.25353045
2.80163672
0.00000000
-23.55505943
77.14822850
4.77393241
-81.72494682
-43.97715288
12.39458629
25.94057760
11.20655648
-0.66842697
-76.04460615
-42.99112704
-13.55426883
-60.40826197
20.03975151
-74.35740890
-51.92654762
-105.22478047
-118.97732170
-23.03687468
-9.36150272
-8.91492569
6.45658952
8.47636143
-71.42070966
-15.60981377
-126.70612577
-35.52183251
-60.43990519
-16.33694504
-36.99187869
4.16412288
-41.72411443
-46.81578792
