-32.06877496
-44.99485343
-162.15897192
-73.81968868
-36.24997420
-28.63342471
-80.54774533
-68.35233370
-10.20113459
-13.71020730
-5.56191556
-87.34858948
-143.58521598
-107.39493134
-64.52841021
-77.26874462
-24.89787687
-15.58522028
-86.06375063
-34.74521737
-68.57113887
-88.20345592
10.79537174
-33.22581952
-69.92303059
-105.10463661
-219.73193485
-223.37612052
-171.43648823
-82.50291843
-52.96815999
-34.12947179
-57.48387954
-16.82609933
-7.39126092
-59.09422161
-49.76770289
-18.70544978
-95.34734128
-33.87072356
-39.41217932
0.00000000
-7.64969166
14.53953085
-43.82204417
-103.24964195
-64.34762128
-23.85989682
-15.59120672
-17.83411321
4.01610887
-51.24440364
-50.39860117
-25.15303675
-26.21947257
-48.31652381
-142.05048534
-93.83072998
-98.33139673
-85.15849328
-66.69561428
-32.89036804
-91.83283496
-58.06743387
-10.91593803
-61.00133985
-29.42949550
-118.00498597
-59.81860277
-60.65295697
-28.45866612
-33.72470967
-64.59216854
-27.86890296
-49.06618345
-46.08595021
-81.07034492
-179.64824463
-80.39782746
-52.95551819
-13.68595376
-45.18347359
-40.50232170
-8.74797633
-63.55174840
-52.23215065
-61.11766639
-71.57349083
-106.77657975
-54.28634624
-49.76336840
-28.60746312
-30.04830507
-41.16142038
-73.48704682
-52.84161336
-67.02984616
8.97739025
-34.72336742
-27.64473777
-63.55191216
-163.73520431
-193.61992967
-119.61711828
-97.27720439
-44.38894424
-6.63340292
-58.58044199
-69.99994999
2.64251798
-36.87531323
-4.53313499
-40.05943880
-70.83195456
-66.11927604
-44.72560470
0.00000000
-18.34418596
21.63975696
-43.89797560
-133.83125245
-63.21205969
-55.03416351
-11.46373732
-27.75020439
7.93976723
-37.51320636
-80.21789304
-48.94061288
-51.25948589
-37.07310058
-96.54375054
-25.29126836
-94.75314824
-69.58449081
-54.58179337
-20.51811274
-102.32681282
-25.65724131
-22.81367917
-57.57006649
-20.93527703
-113.43190508
-52.98337964
-52.63691759
-51.36881796
-24.77311601
-17.11726562
-32.60428766
-77.03278893
