-20.95740624
-48.64955616
-23.86005653
-9.34045721
-29.17381793
-10.78735725
2.74634018
-7.88842283
-25.63094497
-30.55552907
-28.46585575
14.58543862
-10.77285415
18.02963023
-28.48177560
-4.46430408
-9.43529599
-17.46658672
-26.09356907
-12.33238856
-30.71049535
-53.21679726
-9.57694171
-19.02914747
-66.31851246
-43.56713327
-25.52911237
-4.65056813
11.78559176
-53.38846569
-20.12254951
13.53032378
-20.96634185
-22.70632973
-20.11723544
-26.76682807
-27.72297320
-28.00486027
5.93433403
9.76800876
-17.84928918
0.00000000
-40.03860472
3.82651423
-67.42184054
-12.24599370
-26.20947734
-7.65793678
-15.08668093
-0.23149953
8.39418186
-22.43315783
-11.86772979
-10.12732152
-18.07819767
-45.14547769
-41.22230745
-14.87103309
-22.52465016
15.68778534
-35.18276906
-21.17672266
-30.54980959
-10.04990925
-9.83900349
-14.66070056
-18.98847183
-5.98210968
-3.81886393
8.59537790
-27.45463251
-19.72877987
-24.87566504
-22.40096866
-19.02551179
-40.62320312
-8.27927248
-14.78506392
-3.95929006
-63.35219787
-2.40873071
10.42998055
-1.48132925
-25.97591676
-49.31432444
-54.67885007
-5.02072776
-21.49509857
-11.41558536
-58.98875033
-8.79998489
-15.29710760
0.94610231
-6.04204404
-5.97168957
-13.90623338
-55.86591333
-7.53737567
-18.33813585
-42.08858570
-43.57764291
-73.69812443
-11.27101412
15.07787982
-84.54360040
-24.05225357
7.27346102
-21.74496753
-16.35778549
-12.25009523
-26.96084516
-13.71049230
-30.34991160
-17.56969692
-4.53533271
-9.60183938
0.00000000
-65.85399962
1.39478802
-47.29660375
-5.70604414
-21.92727282
-13.12468031
-19.80621151
6.99614651
1.82424963
-34.42376968
-38.22764561
-29.48899063
-15.74205291
-54.77032959
-45.65653043
-27.46368151
-21.85082928
-9.21877807
-25.03065950
-11.07181274
-43.43295485
-11.07749916
-8.19230316
-34.21661901
-20.85925447
-9.67222029
-7.26750661
-1.84923574
-9.38738466
-24.13797815
-22.84169276
-21.85253775
-44.45892243
