4.24861301
52.91325939
-28.19147879
40.71094224
-20.70826388
12.32393771
12.34041726
15.58178225
14.14588745
7.83942257
-6.34668012
42.13032177
40.79812403
25.01949985
39.54828030
18.93723656
7.93428895
14.33423676
49.16069442
-2.03208753
16.10662230
5.14633976
6.78983447
34.42511607
55.30784202
84.53063256
29.24760030
-6.63920901
21.08080462
-5.94150793
17.92582590
-8.10806230
16.24886737
28.29515236
1.53502837
37.60730718
12.38648992
40.49076676
6.33039918
6.69984217
13.38287134
0.00000000
13.20118629
2.50950097
-18.64920492
1.57005690
11.79573277
11.81779702
5.17029890
13.34909519
9.70019749
51.58152543
28.50651343
31.11797942
18.40050821
64.36778534
31.43851876
54.45345141
23.67033253
31.58020643
22.50826189
8.77524512
37.02715245
15.09748210
23.58321097
2.51516238
0.59221455
15.02186347
29.72126521
4.01349318
13.70401629
11.70066464
24.73049752
11.47733092
-0.33796572
11.75904515
25.29595797
1.42597015
24.66102696
22.97520992
3.60289867
8.39110378
12.85981817
-2.27848027
5.50045727
1.48510098
57.16009447
55.01052615
62.38512480
55.39373697
27.12797423
29.92108363
44.85484039
53.66167015
21.21124753
17.88229216
-4.73915310
7.37865084
45.74501246
25.45136335
70.65933045
37.80174326
39.32812219
11.43027559
-4.23558742
13.08654458
11.28216129
17.78125495
13.46751066
12.14682223
25.68843537
15.78775656
14.60137954
45.29313409
41.48472114
15.08166538
0.00000000
32.13868642
5.74419403
-3.59623140
25.06036165
22.21433624
41.60030967
9.69195549
29.67455061
6.07261573
13.49513838
70.23095271
28.09621565
17.89865347
81.95945410
65.60896077
94.93729524
49.62585942
26.61821970
24.37948349
7.76614667
84.31958210
9.92684351
30.06592678
0.25871507
4.84173699
44.49296197
66.24128537
13.56436570
7.34479568
-11.12834432
27.43274968
11.60059974
11.22890060
