-6.80700364
-3.52918447
2.33406562
-30.25232645
1.26998245
-24.58055176
7.26579285
-16.19865411
-49.33476181
-57.36605124
-29.32609639
-42.23021731
-67.80958695
-100.03976081
-32.64596200
-78.92255636
-4.04735923
4.16844051
-2.33823147
-71.31441232
-30.77115486
-38.53573537
-7.14274917
-22.48312084
-90.03992607
-16.69089597
25.20677832
-38.85671201
-57.69891224
-8.34523146
-33.34951522
-21.23771538
-3.46622754
-23.12743760
-10.71915364
-20.70396818
-7.08459405
-26.97318995
-36.11054708
-19.24934788
-9.99802603
0.00000000
-71.76255664
-20.83747309
-60.59733586
-25.47381122
-3.75396762
-21.13889312
0.57419858
5.16401070
-3.42211913
-27.61270247
-17.19295514
-24.34787973
-16.84031318
-153.21762334
17.99676138
1.25170616
31.76249757
-30.83580381
-14.78183957
-8.14384323
-34.36277766
-11.79670278
-20.33865895
-2.64595879
-27.66859133
16.93375430
0.25363895
32.94803792
-21.76337159
-44.30721723
-12.77706126
-63.85619576
-26.30278439
-12.17216077
-21.57866767
-12.85081950
-26.01838470
-38.82704168
-16.58102751
-1.96419865
-14.50642935
-59.95130529
-33.54425127
-46.47443210
-3.93738008
-40.80974816
-29.55445372
-59.27706657
-70.06353312
16.34023670
0.13076529
1.97501277
-20.56538553
-20.71466225
-21.60048873
-7.76668041
-38.83177468
-93.16432100
11.69957764
5.70208321
-26.42776339
-135.59628905
-38.23968235
-33.07051808
-24.20173221
-3.71202566
-33.55681918
12.05593904
26.28836787
-25.00945856
-67.00135234
-13.57055231
-13.28845380
-1.52811925
0.00000000
-3.51806136
-29.44231858
-26.07795067
-29.29628240
-5.48417304
-24.67148428
28.89750055
4.62763903
-0.39918814
2.73091965
-59.11530418
-24.52923475
-30.79133001
-39.00714824
-4.25345873
-3.46233623
41.36612063
-25.99771612
-19.19773504
1.63234067
23.09207275
-18.72500793
-22.17513891
-12.88292508
-23.74001908
8.99361887
10.76709361
18.27337534
-27.38973699
-38.82300186
-44.06119284
-51.23868039
-2.53516850
