-39.44120974
9.80247667
-21.21027316
48.49308055
-124.12248080
-31.44440436
16.06624345
15.51476813
-10.71902502
-7.54140142
41.61468808
-27.88577837
-9.32263812
-57.52904552
-30.23093456
-32.90641389
32.63499522
13.32808783
-23.16490078
60.70727566
25.32145406
58.36438715
31.74040635
-6.35677353
-45.19031569
13.15733707
-53.04033942
-20.28214137
27.79731970
-14.38720562
6.74332702
-1.13017725
54.16442470
-1.11332618
51.93805338
-9.58772625
28.66194417
-16.64760247
19.22851961
-33.25820961
11.65262691
0.00000000
127.00698965
43.35306521
133.31409111
9.13248906
4.67961415
1.02809871
30.96966279
14.06166722
18.89951442
40.06773098
-21.39056333
-12.03359286
-25.77529272
-9.33563852
14.92670540
69.21735323
5.54965666
-41.83223437
6.00825363
16.32937645
-13.74352431
2.84094328
-13.59874830
-28.66498671
13.12355611
-51.87963072
-14.69875816
-24.89593775
-63.54250523
-18.05462720
-0.76892605
-40.01385457
43.25069747
-13.20309813
-4.28565197
-62.32380545
104.25402871
-27.97624467
-1.96537729
-2.82813761
11.52192253
-9.30195140
-31.00119926
79.04742643
17.18049078
-12.70420013
-49.27677194
46.38513972
-25.75737716
65.20508151
41.76472621
5.65648976
22.60369119
12.62547943
36.25998170
76.50417161
33.85344013
17.02220126
37.70055241
34.53562730
-52.26472192
15.90565272
32.90671433
38.21579248
8.77225492
72.97269547
27.43324772
82.45360687
31.96374805
27.74354956
-0.10528108
15.84077864
-6.11790274
42.59059646
0.00000000
95.05799040
122.29042174
70.27599043
-4.03440711
-2.62070159
38.75404728
54.16675730
37.32185172
19.05072425
-3.03686668
4.27034563
13.92619718
-30.85595548
60.28821440
40.73599500
94.03971192
-5.15434900
-57.70157261
33.21932383
19.65028076
24.76384091
31.62490160
29.33043520
17.23335954
2.89427824
-71.18195137
-10.72219777
-27.71424408
18.16156434
7.75925453
43.01833235
-16.47629051
38.66250433
