-7.99213433
72.39091120
151.56745792
17.23305942
6.09214608
20.14039805
-5.41131411
11.96352945
4.03274349
60.07448558
105.68206757
-13.93816616
-25.17975560
-0.00327427
-40.13797891
-14.37459391
16.58600864
11.86771232
115.22873631
135.74479960
41.18724291
19.85549471
0.42352506
1.50595742
-12.59393852
-23.16927213
130.81323743
177.21463139
23.76963259
63.13554499
57.69666915
9.34282292
13.54163322
6.70130611
-8.09081379
-38.66617525
-54.80593057
-11.01773383
-28.79782791
3.77628634
3.92848171
0.00000000
-4.91985747
-32.65455111
23.47767006
54.55689072
38.84359151
8.18969378
-11.86249098
6.62806642
-7.02535581
60.51539941
-20.70518170
-40.63700474
4.72616002
-96.26180234
-7.45570692
101.06603020
92.30179620
133.32819791
1.17455688
26.86351490
-3.06502037
18.65403952
17.45977204
86.85746517
-7.04837912
77.16898334
-16.27001320
47.37234720
69.08649156
-4.03919131
-7.34641188
20.15199896
-3.57037570
-31.93137673
93.39733730
216.66132344
-28.96376345
-56.20833374
-7.31894981
-0.92863626
23.88111331
-5.18300394
74.78832762
48.43231383
-11.33891221
-53.70025196
6.50376441
-57.28722329
28.04728750
15.52615079
23.02436324
51.18341196
55.16458643
29.98908778
37.50837578
-25.18284128
-23.67094224
-44.87131915
38.68606430
86.01578644
307.97170775
196.77561796
23.35900397
43.08941996
-5.84244375
8.42599051
-14.99285413
-18.00242332
14.43772549
-26.50835111
-19.30829530
2.54999179
49.34430394
20.02761949
0.00000000
-9.79678518
-58.82325675
35.34841548
125.04598047
38.73166612
7.66597706
-22.03439735
8.89293450
-18.43784316
63.82376137
-18.04515215
-67.36063844
26.23093351
-52.34359332
-6.92401922
62.11244670
74.48485035
124.78144882
20.78444292
12.69271778
-34.79915659
1.80157457
-11.27835603
42.23903759
-11.63508538
180.78628700
9.01037855
87.32802843
27.46006637
12.01566178
-37.97157489
7.54557950
2.85999224
