-11.96881998
-23.04933877
-63.37141573
-12.46543927
-30.08098143
-0.07050685
-2.36989368
-16.79703037
-6.97645909
-17.61550386
2.84840743
11.63592705
-16.15104229
9.86999217
-29.48484793
-16.64530421
-5.53680528
6.10577219
-25.23868326
8.47562918
-26.83939413
-26.94587975
-2.79286503
-4.49226212
-26.13277306
-50.62660575
-82.18543697
-59.72460215
-39.80250787
-30.00425655
-5.74306353
2.93158650
-3.56329944
-0.93396376
-0.15812578
-12.62881443
-26.43298023
-10.78643107
-7.31302411
-0.60697217
-17.38727426
0.00000000
6.42438194
18.83944973
-29.51099389
-33.41807315
-28.80860983
6.29680196
2.53444212
6.55541326
8.77551640
-21.90111140
-25.85497100
-1.02532011
-23.97138305
-2.97694622
-66.94925918
0.06448320
-5.59956603
-0.14617540
-29.82082916
-17.07426142
-28.48897872
-6.64885191
5.01417128
-8.53155481
-8.79720763
-51.29966256
-15.77339311
-23.05291148
-12.87130394
2.50254142
-21.39510337
7.72413644
-0.67624014
-31.90590649
-9.20413919
-56.03714114
-15.01771572
-56.90520958
1.20079905
-7.78020351
-9.36458386
0.27310762
-34.98154366
-10.01140661
-15.25850150
-4.81920405
-20.68568612
-52.47523564
-19.17656835
0.78951732
-3.80315952
6.36316894
8.92892021
-24.75692775
-40.26201343
-0.84780738
-7.77470736
-10.31861776
-58.24806772
-122.45190083
-52.40927703
-31.15777634
-54.10258652
-13.08853522
12.62988527
-1.62986589
-4.68925759
10.17058750
-25.87666410
-5.76945967
-10.77122403
-15.11427027
-11.49146960
-1.84751255
0.00000000
-14.59004006
11.69747649
-22.58066190
-41.13292300
-25.96019515
-2.16086890
-0.57611484
1.49473561
0.91782854
-35.25939861
-47.52396067
-27.30004281
-26.08561049
-48.42604064
-78.50568797
39.43148288
-33.71102801
-18.75810210
-39.58940114
-13.07333083
-59.79001472
-6.02318458
-5.86604648
-29.00853485
-6.92448438
-58.30595289
-34.60317346
-30.16244456
-10.06049765
4.35265371
-8.51569940
-3.21488205
-35.97819188
