46.63538278
186.62917979
108.05076450
57.78692538
42.24879027
60.24786239
49.60842726
59.41069465
62.29758492
112.93041323
125.93121851
38.39077904
69.13848972
23.38246242
46.83077169
23.86312982
48.85626486
36.22388766
206.36319283
143.56795864
111.36623039
153.90254456
18.89850173
43.98091888
132.28453625
140.67906549
228.29088998
150.55025745
42.18033991
202.12784401
71.40825350
29.55320533
101.89154895
94.55093487
45.80977140
101.07488079
87.93732620
105.61203815
31.36296500
3.16240534
33.30975494
0.00000000
114.74028182
29.02823275
195.71318147
53.01238322
95.83582690
40.39467220
45.46972502
20.55356024
11.21476860
111.53843222
52.59125566
24.92225398
24.35111802
85.37789678
178.03369822
237.61332734
199.92738160
135.54977134
75.60318965
32.74520795
52.18811228
49.74426119
34.09007974
107.59549310
57.68926004
75.44311370
22.48196472
2.36256845
54.49988936
72.34327348
84.26072703
60.05371383
86.81993916
53.55591325
167.04885882
107.64130543
26.45619350
110.15737478
17.45196695
18.37527540
34.39901034
49.47256045
106.93504308
239.74764447
72.14969748
62.37231528
101.08739396
101.08257218
17.67778058
65.08283307
65.32864144
100.92942735
149.84235969
86.76913675
122.43567689
36.99818541
56.14073060
62.19850491
107.40986809
197.86851218
80.92608409
-5.88996933
234.60679355
39.89991304
7.93850241
97.10181878
67.58403757
58.91249995
50.83816866
28.60767615
65.93675898
73.69692528
45.18080139
52.95052560
0.00000000
150.96202063
69.90209308
122.84173485
36.10662606
67.47855184
61.68318193
55.99754827
36.82248678
17.31901669
78.01392949
82.64071999
78.25787551
17.39084823
132.30668098
133.90273991
138.40093648
135.36944439
96.31359844
67.71771046
25.78288527
134.48179817
33.42511429
30.28751809
126.32767902
50.27523238
43.24713765
29.81990692
-9.17133434
27.22283402
60.16945659
54.06113757
67.07811607
109.19972886
