33.09188346
11.56719922
-31.26074869
41.54234207
38.62150311
24.51948010
-1.42049400
-5.82306736
23.13130738
8.90036555
11.43045520
62.91537979
35.64636697
81.88995598
28.04641440
37.78855647
-1.26547701
8.18149362
28.02844212
44.89629366
29.24502107
37.16569210
-0.14218812
16.75154153
13.52454467
22.06760177
-20.88357212
3.25617506
14.14209627
1.72299170
7.20022900
-3.14463481
-0.94461307
48.95082214
14.19677307
-5.87274481
0.88593417
26.97510659
11.37233814
51.54888380
15.48290971
0.00000000
30.39567020
25.71154377
-5.09535946
37.12068326
-18.57040484
16.53815177
33.27804657
20.24471501
24.63643262
3.50214031
38.29293445
30.83535306
-2.87181948
48.79383728
-5.42594618
14.71982209
-34.71368944
10.12094915
13.62524192
15.66467839
46.10633822
-0.29755982
-1.01424543
-4.17596130
11.20069810
-6.96418424
23.20399192
0.12816818
9.90124030
20.98086740
7.78187305
46.67542731
25.07069808
18.99262191
16.48473297
-28.62549135
10.21163442
78.33525293
14.80040950
-9.26618994
-4.97315356
2.13609225
3.73108113
25.17642783
-3.98352516
-2.53180093
56.45200085
4.76119694
1.76155788
37.40655923
25.56287759
-23.71282682
56.88078136
2.72001004
5.68743834
3.53189612
-13.62678748
0.21471008
-12.51288327
-4.11969695
11.19280503
15.40976554
-1.09274770
15.28508526
25.84102074
30.06525537
19.99351542
22.50181865
17.04375487
-22.49362350
8.23508340
21.86240134
-8.46433418
19.59695031
0.00000000
30.14804188
30.32653095
1.25366561
24.24735795
-0.34218457
-26.51575935
42.43847560
-3.36811074
-3.82946293
16.94500614
6.56214880
25.85316232
1.90585309
-6.32985929
-8.16345768
-19.46713446
-4.97813675
-33.82691063
-1.28082656
11.68377761
62.01516341
0.69135321
-17.18614189
-10.54257081
7.18686963
-19.26753044
-4.51408451
0.16499596
33.32088054
1.95197259
-35.60246238
4.78004148
8.24747324
