70.52918501
-13.68896863
-30.58946357
33.45750470
54.45497397
5.44647421
15.73994367
19.63866684
54.64315453
35.04789552
39.21507077
22.05130434
109.77079902
104.73917545
10.08620087
77.37579660
11.46652597
0.50639488
8.54968183
50.75325426
-7.52888017
14.26112512
-2.76568229
47.86898863
19.32281858
9.60717666
26.45293914
92.29418163
36.26347520
47.90289589
38.13248938
-6.18819702
10.10908686
63.25064362
10.69186634
38.75245069
18.29331931
77.38048814
64.57330416
38.85624582
10.32529926
0.00000000
-28.43065543
12.35727909
-4.84270493
29.16009294
25.42618358
15.06642604
1.07163120
12.74862813
10.85549829
18.69581185
39.94581153
1.99869488
21.06533450
59.26585700
-13.30333615
-16.52488571
18.47532959
79.62432778
22.39622911
13.58809585
41.35498520
7.88233258
41.73422971
23.44561042
22.20723189
32.33151456
15.23343218
28.62537164
24.97565734
75.32038257
35.35531599
83.11102983
43.02398895
33.91112785
26.56595206
-26.55323443
44.25815623
10.67982014
-1.17853944
5.89106096
0.50988378
11.08215423
-4.59183107
29.42589154
12.35047182
71.70512383
55.49989756
-33.53675250
-3.73282358
-41.77424125
-17.68732305
20.56189024
62.89865668
-2.28459919
-23.64812192
-0.14391141
51.78782026
-62.28380055
15.08973037
61.12777113
58.74844814
0.95909204
3.42877853
26.46585464
6.95629123
15.28420262
30.54603613
-3.73576052
-9.59461542
7.71540557
-14.08838933
35.14860717
-17.19716899
-3.11849485
0.00000000
-18.11895457
11.04741891
-26.91797706
10.06688026
16.33227835
-5.09153880
-22.96478079
4.10300865
-9.24115887
-15.11183344
0.26249656
-39.35897774
1.44501477
-83.01963467
0.92982581
5.05935946
29.66108794
50.41341007
36.47337389
2.08459943
36.58380862
-9.48937540
13.72165082
-8.85628670
3.32895635
75.18411784
3.47133225
21.20428642
19.62335172
15.26885854
-7.72156794
-7.22500484
-7.11718524
