9.51251491
91.09551990
16.27049902
38.28045047
3.12476798
11.37276796
23.03429057
9.28112905
4.61682673
0.23153367
67.06019826
7.23756999
14.07122475
-6.40603012
14.51608102
36.76402515
-50.91209083
-36.28358987
70.05330678
85.65219889
35.14421675
62.89273397
12.97562638
11.49545347
-36.70065194
8.31453029
51.22242534
66.27444121
37.37333884
26.85210890
13.07687477
-6.41157638
1.18213962
35.86520350
-10.99634428
11.29222610
18.80351516
15.58359880
3.17905796
7.95213668
-7.46733282
0.00000000
85.25715654
16.44279671
60.78325447
22.45542771
29.08524536
2.95924151
16.36571349
10.34685101
36.60146150
73.93492314
3.97746421
40.04298474
8.90024946
-49.53156594
35.94243012
134.00570012
106.14078999
66.66281080
25.21538629
34.49775791
12.96280793
20.11733537
21.41799521
37.79005009
13.90549794
32.80410622
21.35152984
17.52980418
17.31713180
0.74615828
19.06940919
-5.33228423
22.55448032
-6.70181235
82.41586277
-0.51828363
42.76097201
30.61227749
10.68420977
10.72191986
14.98634330
14.70192032
12.05868561
49.68970120
33.33202336
17.97492737
9.52593176
25.73971090
13.89748468
-13.29581830
-9.39393299
38.74483920
100.80653920
56.73586164
77.63384767
23.65152017
-8.89603147
-20.55704857
38.87943002
116.06165118
46.49147290
34.27480618
62.93157568
5.79666077
-10.21552967
32.52887262
22.40237035
49.33238864
8.11948429
46.17341131
22.63556707
8.68373000
27.46593260
4.50599341
0.00000000
72.13705680
28.84571760
79.25967281
28.03524129
18.80084244
11.32954236
41.13867738
14.47505154
32.85087696
74.60310805
35.17707285
35.67765405
19.10655886
44.98676965
86.06746538
116.39220211
95.78235021
47.91996337
50.41820207
20.68994355
33.33607370
14.00504678
-2.51409856
42.01949315
13.30865453
69.19597243
26.26903146
32.41732652
5.54161343
13.98554113
27.39026778
-1.05097452
38.95296674
