54.90643376
120.64254228
106.82960938
58.19631131
29.94296598
-0.62476020
76.01827988
50.45819736
0.69875837
20.16391451
39.87858067
11.47548445
6.30655682
-13.88747024
57.71125168
63.02584273
54.20239408
40.98868861
23.26165202
17.62422629
81.62602347
41.23766667
23.12513874
31.97390822
33.78833251
41.99256104
121.71121320
174.29009063
80.98345884
94.54253765
8.33776686
38.52122984
101.70281619
54.55854927
42.36023537
39.55403815
98.10305794
35.67307547
-2.26684690
-22.76038856
13.66466305
0.00000000
52.60445977
8.25022220
21.71811976
50.67466513
44.14356947
-1.57216757
37.33484571
13.72594327
25.14865637
68.53487425
26.41499389
49.20132888
38.15331395
-14.80578983
58.51628955
7.88879353
-19.18442509
62.71497247
40.92390163
-0.21037209
-2.58291323
25.19662436
43.65445594
14.98618680
25.16059579
92.26408902
24.92460080
74.71828836
-6.90456553
12.64182204
45.56826502
10.48148699
82.46605887
60.96202967
76.02269497
43.97289752
63.53807885
62.13618255
11.47625195
50.81786365
59.04451853
23.31516446
26.78866513
26.40715954
57.83414782
29.26658198
13.25901024
94.74647377
56.45382000
10.97300523
16.67125026
4.69262574
43.94785757
72.17547798
15.92347265
31.68541780
53.26406449
48.24415890
89.20367133
214.98387653
97.91983513
85.44842169
138.88413421
12.86300999
24.08258248
76.65813994
37.98600015
14.67092107
64.67618361
119.00176632
81.92274276
-14.17205898
7.12114709
29.66411630
0.00000000
46.05951116
9.35877024
23.94505905
85.52423591
53.77491755
23.49280017
17.34860237
28.82792925
40.05517710
-0.62482707
43.47491042
88.29823366
67.85873733
20.12428157
111.21605976
-49.37361545
17.12550690
60.78687840
38.07823533
2.34781184
33.59836916
19.52022570
39.92808457
32.25173986
32.42513956
142.08464145
49.92139506
111.76986152
-13.10955841
32.20138471
103.35799134
35.00941262
64.37608546
