-22.46499312
13.76149833
-14.06417300
-75.55693870
-5.23068043
-10.60291018
-42.19397933
-11.51715599
-4.52636390
5.87403469
37.45315764
-20.35926151
-56.02836224
-68.03320460
-13.79526191
-42.75110743
-23.62803991
2.61955642
39.88789824
97.11272626
6.97386041
60.45320424
-5.49416738
-31.93938981
-0.69720782
-20.91988567
-57.95341513
-75.39969250
-47.82000476
-30.45146612
-2.95708862
-2.73750137
-84.53226518
-62.08331782
-46.84508351
-61.19348679
2.54659178
-7.40294680
-38.10972124
-33.85436847
-33.67992453
0.00000000
152.49331946
-3.78508502
9.94378214
-46.41696082
-19.98905558
-15.39442774
-35.11886384
-17.43121021
-14.99027445
7.55239718
-45.69881943
-15.32644121
-4.77690305
44.41149734
-50.63876614
21.46667931
-22.89822420
-54.12361530
-40.72892829
-12.17690927
-42.60708663
-17.29912647
-30.61125016
-28.82593414
-2.66252482
-62.78819758
-44.74665759
-36.49782547
-14.14250161
-15.87447402
-20.16262641
-37.81359280
-89.10115512
9.27458400
17.39678674
-13.53386388
-46.71983128
-8.11140593
-10.37782682
-21.01460662
-19.97415465
-9.10972571
5.37841369
86.37549594
-14.30325983
5.04955296
-36.81302662
-2.12808295
-2.55633970
-66.66058102
-47.88594816
30.20548514
98.20902747
-7.64698755
49.04574184
-15.57901814
-19.55892887
20.38288185
-29.37175504
-77.79157181
-35.72225747
-8.57888107
-39.84838226
-2.28977812
-11.66538132
-68.69703524
-46.33945288
-45.40580069
-17.15754874
2.56305647
-13.88431104
1.59636029
9.04680010
-22.81736910
0.00000000
161.78408995
-18.54771283
34.31392154
-31.65986109
-33.78593405
-26.67849760
-37.25226996
-4.15647081
-13.15837768
28.22592747
-13.95840085
-13.37980203
0.07339471
48.10276016
-55.60493840
51.89482878
-21.03958918
-41.82673975
-41.99018076
-20.13515400
-32.75967306
-7.73183542
-18.43831267
-27.60916035
-10.90035119
-52.11577210
-14.18223425
-26.41609125
-27.63045145
-21.54544561
-12.55096044
-6.69342041
-25.68565389
