51.64943476
73.53204853
40.49789748
-18.80877573
44.28194926
-15.21908750
-9.96670406
30.03425596
64.32260579
55.04383387
138.94120166
-19.57673839
57.09477107
26.10964879
54.72352936
34.10524736
-33.01960373
-46.90523669
55.70544709
133.23269637
48.83837648
15.15482616
23.76043641
26.71581636
115.18836626
-10.26280621
92.77984300
25.53842420
53.86875958
97.02217482
25.53723358
-31.65073627
-32.19419040
31.83025590
-3.67752166
-16.24857463
53.60256587
68.24947856
35.25556618
-11.45443474
4.10685864
0.00000000
39.00154462
27.50187523
63.09521341
45.92002540
34.99877442
-13.17178676
-14.25092906
-9.02413869
37.15420820
53.67768237
43.33184249
15.00110448
53.81430861
61.07342628
77.59007503
111.95989374
147.44658523
58.70266542
54.65450497
45.31547404
35.21422327
-9.45441522
15.75074454
49.18302332
22.07035317
31.82485783
32.90517171
29.14823331
-5.18789655
56.38423640
53.03715538
73.01075814
17.80216020
61.91882633
100.91350136
33.99595473
25.10947176
-1.72823362
-6.47243526
-6.15021897
26.73893944
48.20553704
52.88949996
58.95933829
-14.78858044
12.51524697
38.50618552
47.62319582
14.35570837
-34.78771225
-46.11341464
91.57701473
112.93029231
66.61009487
51.44773019
20.24837858
38.20356701
29.15332537
-40.14959407
55.74421061
53.60085288
51.06032028
34.04074638
15.05134462
-24.54336733
3.69988047
44.45305462
27.41376096
-16.43499346
55.44232342
71.58976869
25.60267393
-39.54491889
-25.84224192
0.00000000
26.07186748
24.67869776
47.36244675
55.89562707
30.13946172
-13.61045666
-19.02603776
-26.90373190
43.15620361
81.26230838
49.66205786
-0.20614443
37.84902604
-53.97476404
61.15937453
134.81837923
134.16446914
58.56385149
35.73638211
43.84191579
15.82516405
-20.33907810
21.78689000
40.58774090
12.30721423
43.49296165
9.33582100
39.23772225
0.36423312
33.37614535
57.59078165
30.07440191
12.46866082
