-69.19545736
-93.02516638
-77.30371689
-64.17432920
-60.13634318
-37.30619169
-68.60442808
-70.08178033
-63.54707519
-39.22092301
-136.81017634
-76.46807617
-72.16229205
-79.88715397
-119.12022294
-96.98930737
-4.89199653
-10.40421183
-86.14991007
-150.97375753
-97.73181794
-93.90719199
-29.92028673
-36.24743823
-76.04738436
-97.70066994
-94.07496316
-118.42768098
-100.17600496
-109.02664530
0.29606997
3.58037199
-33.80292847
-72.21224049
-5.59698303
-76.46510086
-68.15474612
-75.30180822
-50.91593408
-57.51978859
-27.83992585
0.00000000
-91.35879820
-42.52988776
-90.71558790
-75.43771428
-72.74958918
-44.06968389
2.29643675
-38.18277644
-34.18126878
-86.50241702
-71.61374409
-93.31282796
-64.58795266
-154.18736415
-62.98376725
-122.36612949
-144.09801235
-98.28392735
-51.78610319
-60.67517341
-72.39486323
4.21312924
-55.50983813
-71.98120921
-38.63655383
-70.70926487
-54.32979943
-80.33216453
-30.97649953
-60.37935159
-49.08025401
-71.71092337
-62.71789411
-30.21785401
-107.49502783
-61.43402616
-66.35260089
-96.73623834
-34.64583405
-47.07351596
-58.05744670
-42.91926807
-33.49694230
-138.84120803
-69.96677706
-60.91788318
-68.70980084
-92.18749845
-65.70080499
-12.16151149
-28.54187324
-53.92460639
-167.95768851
-77.93758974
-93.17827980
-20.14358187
-30.67058379
-25.72483039
-56.17115049
-97.49102066
-49.22011814
-88.83182315
-82.12081050
12.70076252
-10.75747194
-53.99520521
-43.04491542
-47.05319451
-26.96871780
-53.25923562
-41.36065517
-68.67480334
-16.29653414
-25.78992117
0.00000000
-94.51125193
-38.09114610
-98.47523752
-70.54331012
-49.96409147
-12.77422513
-8.97750858
-27.71037200
-34.54212076
-100.92330059
-50.50392729
-115.65668269
-57.40280182
-87.85452730
-66.03652738
-130.40023708
-119.24124990
-68.72069689
-36.57774423
-40.35181030
-94.84259701
-4.57055409
-39.81725539
-48.01301754
-36.01973815
-89.09507357
-47.70364816
-67.10392214
-14.71278882
-32.06988060
-44.38733563
-28.94992892
-54.06568147
