-24.04227239
-121.55304758
-77.25416092
-47.93421380
-42.36915707
-40.12955006
-20.79092942
-17.61822410
-58.60951348
-60.51030140
-139.82333068
-66.11507122
-38.07972958
-71.00844751
-48.99182422
-50.02299887
-3.72584411
-11.33554555
-96.41839868
-168.82325769
-72.11677052
-73.80713275
-17.04287502
-26.39098287
-129.32747999
-42.84803460
-65.20343738
-29.60366415
-29.85664600
-121.22180289
-45.20478952
7.53381369
-30.99077105
-46.73837786
-7.07071900
-10.10853994
-82.11852120
-83.62357073
-22.59161750
-17.24636732
-19.47069765
0.00000000
-128.89189312
-16.13157486
-52.93595160
-32.19542144
-20.25911504
-9.29610555
-6.16855487
-13.15325578
-26.00607018
-86.52112014
-29.38561816
-23.07901298
-44.64492267
-72.30621353
-70.34233178
-87.67099191
-45.62056368
-79.38397808
-46.35021490
-34.06576745
-16.15871888
-12.60995544
-22.38883789
-46.43916137
-44.37177234
-30.73545686
-40.07867290
-19.02626621
-51.47419025
-62.93513133
-57.36265316
-73.02359403
-12.96428248
12.84955987
-125.10890171
-40.32239277
-45.20282854
-16.62139126
-27.08382878
-8.02704961
-12.56532168
-52.65794966
-67.59878672
-86.29910462
-26.04070058
-72.34372609
-46.15516793
-40.34992949
-30.44525844
-57.71393674
-26.37447738
-83.86974924
-149.30231655
-77.40263447
-72.45533397
-18.26358673
-12.19331668
-119.61846287
-39.06335204
-90.42461753
-43.35161274
-22.37975858
-94.60225807
-30.39511975
-20.94991686
-59.79364440
-31.92276568
-24.72982528
-50.55287677
-85.41456974
-98.23417469
-25.90386001
-15.70943533
-34.53738681
0.00000000
-107.81776367
-43.85780087
-64.62090607
-32.61170318
-17.97283356
-51.30306731
-41.61199857
-15.80503116
-37.87295076
-80.95752543
-35.61007987
-15.83900733
-35.42510334
-46.74554481
-63.67913900
-73.40900554
-92.75754917
-84.17289151
-49.44952833
-36.76492004
-0.96081917
-9.73183084
-10.88359977
-50.05900143
-29.10568223
-22.74433566
-11.99248534
-28.63445656
-81.76737303
-42.68329966
-73.25451733
-74.90509499
-50.27863562
