11.16570303
148.48220302
38.08012912
-67.12554842
23.47804899
-3.73637967
8.59309632
20.53200915
37.08255508
25.43053863
124.06612133
-19.61903064
-13.23148040
-29.84351243
49.04964526
20.30230117
-59.20347888
-34.13269147
72.65489842
207.26151334
62.18289170
122.78049329
-4.33655139
-11.34001264
64.55607539
18.14853744
4.61457389
-48.23272003
2.31929829
47.64667649
-9.37424434
-31.76090342
-78.92736648
-36.44475054
-50.29149112
-30.94281845
17.12789612
11.32482850
-18.14453650
-10.70982340
-30.44568174
0.00000000
206.68687348
5.83539128
86.37333967
-16.79802388
12.81203751
-18.15607721
-38.93066745
-18.59182690
-13.55667829
110.64264167
-13.70121590
16.42184580
28.40314475
109.13926734
15.11161116
166.18998973
101.31387884
-10.28708834
-7.87401472
26.92997712
-26.12121734
-27.87656048
-9.41596448
17.18375790
26.81102052
-22.95019565
-2.80249728
-4.53800771
-18.41855982
9.22412086
5.00582249
1.28700247
-69.56281494
54.17872128
129.86651569
16.21278117
-71.48339287
29.41456867
-2.68575977
5.03039002
5.17886655
26.87884388
36.20065520
124.80057823
-21.93259899
23.08251433
-10.98406708
42.52919435
11.26976193
-84.22684047
-67.14300524
70.77311287
194.48384655
55.07007665
111.31655436
-18.81836224
18.39945658
47.57685106
-45.56158306
-30.82136628
-35.88358591
-0.96438914
27.62374779
-12.61416100
-41.17917593
-55.52110320
-13.54709866
-26.99092298
-42.64597906
36.35434299
1.02669767
-14.75360901
-19.97741799
-27.99449337
0.00000000
193.52200748
-2.36863633
111.10741285
-31.12008009
-3.08738444
-30.50283162
-20.23354324
-16.37601557
-4.76146036
127.67831225
18.12789345
30.65814438
16.63929280
72.66265531
-7.69010840
212.49300824
86.96687346
-5.40825892
2.83442116
9.15109029
9.87878219
-4.99022501
-1.02530847
21.34883774
17.81071752
-44.84628492
-4.47201362
-12.94966493
-39.19945339
17.84895951
16.41156336
9.43481158
-4.30918747
