1.01331792
-40.36625509
-78.41496136
-27.08154406
-17.54402211
-9.87238669
-32.98045001
-16.84932148
-15.26594874
-21.74785424
-51.54254450
-27.78437133
8.04676726
-12.48425662
-29.11169935
-19.60281506
-40.14717990
-34.47879049
-43.49095715
-18.40961131
-6.91411645
-49.90707921
-7.47159251
-0.26152875
-31.56554262
-57.67636247
-53.89055680
-26.42989055
-19.73381243
-72.04207739
26.59192503
4.06425014
-48.91758289
-14.20314265
-33.75431240
-42.40191753
19.70588612
-7.85490980
4.46584112
-22.00181994
-16.81722686
0.00000000
-13.38060803
5.54734084
-34.10436244
-10.56291795
-39.55976181
-9.44064761
1.14502676
-15.15270715
10.13654803
-50.45139006
-5.21435905
-25.87581951
-17.28797034
-51.90594388
-39.59519207
-32.90695483
-45.53606716
-20.21627645
1.88764052
-15.31768916
10.05898138
9.68506478
0.96194697
-59.09762119
-6.12540681
-26.15632212
-25.33242299
-33.85484605
0.44844407
-20.32662524
0.78361422
-9.80151142
-13.47940770
-32.57841111
-69.73475960
-59.89247997
-15.70275641
-53.24120196
-5.06334691
-16.98689150
-16.77843469
-22.34837691
-26.97848972
-35.79930711
-31.81515264
-38.58483269
2.26360456
-40.89195484
-22.15906900
-31.01311901
-45.20288375
-46.30188590
-60.90523283
-26.73612790
-20.36953626
5.26434081
-4.87724338
-30.93750578
-35.83945005
-55.37677362
-7.74372841
-2.41433457
-69.66908007
15.22383619
4.90668929
-25.50748310
-13.47402228
18.72388635
-12.58396875
-20.27560754
-0.06252737
-14.12405025
-19.15698972
-12.85684150
0.00000000
-22.71348433
16.05314029
-25.18692722
-5.60361363
-29.51718021
-22.63789345
26.75070003
-18.30673743
16.25246876
-8.04013454
4.94350624
-68.07729765
-23.77687239
-95.45296079
-40.64184406
-26.65135152
-64.97705983
-11.81759046
-13.90530835
-16.57623302
-22.71846026
16.96531164
-0.41039626
-34.43743026
-10.56589969
-35.78747128
-11.71601395
-18.83626181
-3.54733600
-24.95092552
2.42878908
-31.49071029
-25.07426325
