9.99863803
-21.45173435
30.03854501
75.65780808
11.47599460
6.05135900
9.32439754
-15.91257748
-25.35598062
-17.82487082
-86.34413287
22.72340288
18.86697183
7.30757035
-27.17315507
12.21965725
23.22369329
-13.92015154
-49.15224374
-125.13667121
-26.41506030
-78.19500825
18.47322098
31.42942962
-76.36078076
-26.81351677
-11.22027362
23.69262594
-15.18675117
-40.79157007
36.62567105
-0.26383654
74.31589941
21.92315565
15.21265683
27.04862899
-22.04060464
-41.78084764
-5.80435363
-6.78538486
13.34982656
0.00000000
-33.73966572
-19.01961531
-63.61965330
5.65546112
-26.11974105
10.66241073
14.62072571
17.09351694
9.65529666
-54.42759547
8.15573935
12.16502385
-18.68122273
-149.48090743
-4.90084734
-72.42826829
-108.26135581
-12.68471240
17.22498226
-25.20308896
24.90369863
39.44567232
15.98531522
-34.02332621
-6.12891116
11.63274397
6.18933979
0.06988113
32.20023690
-37.06735668
-5.48143813
-43.22844853
76.19361089
35.50318725
-24.54097935
25.40517224
92.58262636
32.82351233
15.43255120
12.31682709
0.52922344
0.31902458
-10.90518910
-123.69663494
50.86046550
18.10332415
43.61543464
5.71177536
-2.91092100
113.36193192
69.97194988
-42.09685836
-165.03776249
1.58937726
-62.59289789
46.43588785
52.92101145
-20.33482974
77.56701283
33.84606364
27.00252520
-9.48643675
-5.74912554
49.19037947
14.06530461
56.70641840
46.18208523
76.76953340
74.46149245
46.43129869
61.68786126
4.28327005
16.91771393
12.88630981
0.00000000
-73.16082742
38.75791692
-67.53404037
18.20600356
-0.77146350
23.59555192
30.45176371
14.59253507
35.72491110
-69.23299924
13.00164982
-2.25469895
-20.79586826
-51.96187359
9.21700582
-120.85091705
-82.64775943
15.00993751
7.50272528
-0.10659219
73.97714710
21.03392939
19.51741167
-17.71512724
-3.03211419
29.44714994
14.32152808
9.68990069
70.13228429
-11.38769928
22.79818818
7.64727142
47.38028387
