-64.67514645
27.41311397
22.93612544
60.25911958
-35.45588647
35.35269224
24.97123059
15.98896710
7.19308718
-6.72933766
45.45178017
36.55123920
-21.63534326
32.50191189
5.38660780
46.21845673
-24.54698513
-9.05064157
42.07134794
78.11218887
24.13640702
41.78289052
-1.64031005
-13.35859359
44.16496265
44.06600329
19.93810329
46.77662031
53.63432760
17.86314286
-30.92154471
11.21685314
14.71702538
25.03493078
0.36495655
40.32207287
-2.32832627
17.05692166
4.84126618
15.34720201
13.06888390
0.00000000
51.10062617
13.70320142
58.27256743
46.88101227
21.51306877
16.65672653
18.30240442
6.62581636
7.87968415
39.54701037
-10.95299008
9.71652221
1.83260167
83.53971027
9.76339228
0.52195526
55.05635077
6.03230456
-6.84577826
24.40535218
-27.93316546
7.05001508
4.11922667
20.35466002
10.18240124
-0.04732433
6.05459229
4.70421623
36.04799364
19.88956164
-13.60724760
22.61623668
6.46190137
-167.33247718
-8.42915574
13.99233951
-22.01947684
-8.87496172
24.33142858
8.03669157
-2.18174707
-4.68385665
4.31903808
85.44066514
-25.50057455
-17.23356202
6.48968966
-37.21474599
25.91644253
16.04709248
2.58916854
5.67224959
29.85890805
3.33956885
48.43360276
-2.86120204
-71.22065468
2.37991279
-29.86059352
-13.84206789
-13.08889217
0.58061155
19.14755249
-48.04300877
10.96035070
0.83447074
-5.86750338
25.44912524
-13.66687604
9.39570957
-27.40581685
18.69513516
-65.71974182
-2.13001836
0.00000000
18.25278656
26.25164789
57.73775555
20.14912912
1.55912742
-6.01459951
69.17904233
-2.62205049
12.85685487
11.15581271
-13.63389966
-0.45510012
-0.65913424
46.61843623
-13.58508064
-0.36342748
7.54525219
-3.96484053
4.41434748
7.65823505
-41.78366687
6.83375986
-22.56937430
21.13450298
4.87642454
-14.03530968
-13.90897426
6.50846779
29.93568116
12.39813071
-19.40797537
2.19397701
10.75452260
