41.21051740
60.51340817
93.51249058
14.24078641
39.16202643
19.01198612
5.79172593
-3.74450764
45.99465837
33.00382138
75.86281352
4.35870345
21.27203570
7.49435178
14.27653647
4.27222013
32.99315176
-0.40363969
63.08432742
101.06921062
41.19608870
47.69410194
11.77034623
20.27936320
59.32808092
18.98208975
17.86752619
5.79748529
-5.40870313
102.67373649
41.19141828
6.74870247
53.74359348
35.29095318
33.49414966
47.84017410
9.38530512
51.29691147
33.79426516
-7.07396129
16.50752452
0.00000000
63.40963933
-12.17958214
39.39854800
-10.44347020
17.54498368
-5.78507200
-3.94326587
-5.66614756
-32.86904599
64.69459978
-4.37099938
5.75173878
9.73394574
69.55434064
11.03901210
84.59348862
73.72962916
46.32086798
-5.53296592
40.47376445
-13.54710403
12.76999600
5.47375150
72.29928650
1.97531437
-11.04130621
-9.75316757
-3.17558418
25.36466230
44.42124176
10.51065759
45.20953224
25.73533848
73.42771632
70.52558391
32.70529410
14.07789379
27.88384555
7.40344110
9.46490767
7.57183861
29.93850313
23.31603384
70.29893038
15.89445809
58.03608221
9.86164159
26.80286385
23.77574700
82.55691437
35.39009663
41.82240618
113.98879757
43.91749215
66.80928515
-0.70005666
67.04356125
16.37259808
21.84750694
41.94830364
26.72363218
9.54417061
52.79551190
23.85548774
-37.36562791
38.35759440
43.99184204
26.17463671
24.46822452
27.11121752
33.49103770
15.05791606
-15.34375823
9.37629076
0.00000000
60.42649460
-6.43477746
45.47483326
-10.62624419
11.84613201
13.79984482
28.57084507
-4.52565954
-20.91421025
67.01644487
14.14089700
-5.29654846
4.52551715
-31.54459186
2.41435294
94.88830639
86.40628687
28.49132175
27.96764619
28.92707599
16.54649806
18.61544392
30.86099585
49.50631653
3.72425616
4.48427761
-2.92737466
6.78567773
34.06134541
21.82845167
8.22502275
49.21792448
45.94884680
