45.89594430
-21.08324955
55.78316447
70.94764333
11.43152666
-13.52054177
5.70773991
25.36737617
-1.41025299
-13.34694966
-47.19730934
-4.81500671
5.62179054
26.23058133
3.18035388
33.51549988
-16.94094265
-18.08952909
-86.22772326
-142.26428967
-11.29404691
-78.17037535
3.51647012
16.30690464
-35.74404109
2.03723168
-19.43740112
146.16323173
78.57902052
-17.39477213
13.82329031
-16.94136426
78.16353717
61.46056512
1.26651023
71.36691298
5.80941681
21.55757832
47.37111192
32.22424766
32.69524815
0.00000000
-140.02032065
0.33568896
-62.47239349
79.32227867
11.30351334
14.68364484
-4.05100080
18.08280977
10.14855469
-88.11076264
4.94711392
8.50433625
4.14241247
23.63033189
-27.42367043
-69.41214977
-41.65906205
31.26545510
7.66544181
-8.63535738
-14.77383138
2.42014948
31.91942643
-22.51387354
-12.24499659
36.72346823
25.18564370
26.18627407
-18.01110679
-1.47448411
-1.82395862
50.47388948
81.89770581
0.39226842
-51.16267526
35.83936890
92.23844069
1.31997319
-7.62885259
15.41609306
25.91173750
-11.93615948
-18.20806693
-91.75074391
-13.63768213
13.93460154
-84.60922022
-46.75006046
12.51287255
23.08904854
13.54738308
-53.98560961
-139.87561501
-26.82705736
-92.11818624
-4.77339129
12.45409912
-54.11870267
19.97081750
8.64547801
90.30589800
42.37606210
-43.71295198
22.62239222
-14.64452606
36.30432308
35.56747733
26.74567356
40.69484109
8.83874783
9.15531728
14.25144040
-69.63531356
5.35370554
0.00000000
-137.91692087
-27.75875419
-84.43028822
77.55552994
11.52118488
38.91931528
32.14439632
8.75286132
13.53330192
-86.78943789
-48.45205420
-19.91805981
-13.91393089
-70.68997828
-14.06660651
-86.59548259
-64.71825309
-16.03016057
-21.35093995
-26.31258339
-51.30032500
-21.83415998
11.09149090
-27.00129285
-4.26955191
57.50949500
-7.00717652
43.02726396
-16.78876329
-20.09594462
9.68866536
4.55255155
25.69164946
