-20.68679046
-106.53332719
-78.61272034
-60.88694739
-23.35502068
-40.45541752
-55.57820928
-32.37350430
-13.83017121
-44.11739832
-43.10686586
-70.27789843
-17.16835426
-28.12743599
-34.90595578
-65.40064954
-52.48415084
-52.81523697
-58.85690363
-75.87255127
-74.36060837
-73.84705058
-16.41620932
-26.76206085
2.71395617
-59.37679685
-37.12069896
-79.32907911
-36.67510420
-50.13749389
-9.54929182
-41.04999779
-66.91545877
-48.35372526
-16.14196901
-65.85866826
-69.82045963
-32.48638402
-4.85177057
-23.27730520
-8.44347267
0.00000000
-79.35600306
-10.11878214
-14.89845442
-16.12071772
-28.71583199
-42.24154025
-15.89813989
-25.27379922
-11.62780371
-55.61784181
-12.81620821
-51.81461582
-12.94066112
-60.41845212
-4.31515739
-20.18244438
14.10467504
-56.48637546
-6.98465573
-0.73895436
-8.26423999
-22.05016043
-36.45345689
-6.66034906
-41.57960933
-24.64667593
-11.12158387
-31.99256567
-42.40430092
-14.43531991
-16.95479000
-17.40860938
-24.53842819
-2.05200257
-82.40098119
-58.16875726
-28.73748656
-87.62503678
-35.33751864
-29.07434150
-24.92816136
-16.36382818
-33.44204493
-65.20919254
-52.14606963
-46.64312680
-26.76596741
-29.74509384
-51.44881815
-49.69063552
-65.06953415
9.68945673
-83.02266798
-48.53595200
-39.25075081
-9.41698669
-25.61890685
-22.24213277
-63.74500139
-105.77173611
-4.59048636
-13.91892449
-98.36857733
-8.00156386
-62.44129607
-26.03873760
-23.05212323
-11.77023006
-25.44078092
-57.79355556
-18.23524785
-15.89393859
-48.45033713
-31.33456465
0.00000000
-82.15113013
-26.14698938
-37.21632640
-17.85262365
-20.68804878
-25.80516706
-23.10603840
-39.36641696
4.50615975
-5.83982073
-10.36160210
-69.61713900
-17.18875673
-83.82447618
-21.54475813
-1.16052158
-13.45009571
-27.75070008
-10.39191519
-3.73022388
-36.10747042
-40.46348186
-25.60699724
-13.39055332
-35.92307281
-42.16680422
-27.94862237
-30.74235553
-43.23652518
-20.23768744
-12.45843337
-29.01430238
-34.76751641
