6.28984797
20.24209660
-20.22017186
-12.73326245
36.26968108
12.62660712
19.17523427
-3.57390590
7.57475155
0.80375843
-52.66417854
45.09516631
15.83925933
17.84233829
39.26141980
11.97227606
-1.00092647
8.93713147
70.07465463
-45.32697008
8.49975250
41.07091696
-4.86005548
-0.10599659
40.72705256
30.75845631
15.09529403
-41.83974138
-6.20971300
4.66755031
0.45619105
1.77472822
-2.64528298
-17.13975274
-11.25525325
23.86763626
9.93751305
10.54819059
3.38310438
16.58777979
5.75831355
0.00000000
124.75268305
1.14046093
18.64216382
-21.18107766
0.32582951
26.61517044
2.93929545
4.16717697
0.60803539
32.83829401
6.78882516
31.83858929
29.62841251
34.34760510
26.60489103
58.03451051
-30.74795643
-4.12662856
11.41831449
-3.34473923
-5.19338178
-3.38546683
-0.45990401
13.28014242
5.53291753
5.29237662
12.76367437
13.91576287
10.79243801
6.81976627
8.77402317
-8.42350557
11.68518528
7.62009154
40.80819740
-11.23085684
-24.27650365
10.77960134
3.65089948
8.35719611
-5.83216139
2.81417284
3.00515428
-9.03869069
44.69136026
13.37408251
36.04536928
61.83096206
43.84930720
48.41046913
30.85754811
38.21608305
23.24601230
-5.44730907
1.96104645
-7.98964076
-13.96966156
13.96897527
32.25713226
-6.69698863
-43.91219661
5.38865751
10.71182669
1.62641293
21.02144106
14.61200747
-28.86015354
-13.39800115
29.38468859
-16.65754243
-22.29736841
14.98338220
34.12208900
18.18108612
0.00000000
127.67700644
-15.03070734
2.10627887
-30.24167855
-11.34918369
-0.55812008
24.17467977
5.73813245
-15.75117201
33.37316850
33.55740297
21.95634904
60.97326920
67.77486939
25.42427671
57.93346716
-13.91119171
21.77502044
24.73130978
-18.49651114
36.58826705
-6.90314645
-0.31180885
0.74087323
6.27505546
-5.99160452
31.93409259
9.81292870
1.82687922
9.55580015
-4.82950792
3.95670410
6.18297291
