5.83263305
23.12457245
6.82769195
-5.63275512
-2.29272488
22.80606929
-3.27698414
22.63764864
14.36078683
8.00525126
66.47034542
33.93871373
15.45324041
9.67925831
1.90465441
21.40964432
-18.48273317
-8.89488050
55.79486934
128.87112678
19.46802673
67.42250796
8.75052119
12.57707733
-18.99438764
23.39975955
25.38446183
-20.57482259
-13.27246614
13.85168011
-10.39854179
-3.89428955
-41.89503643
-18.93159017
-33.59327533
-26.36252237
-5.43580535
-18.89202814
3.94985148
39.25248266
-2.44958977
0.00000000
62.37968058
8.65857426
49.81930937
-12.92320122
5.82751596
19.44139404
-33.22831907
11.33258665
1.17051743
39.34207006
0.90501698
16.27566387
-7.34145866
31.89992370
23.34813320
50.25148810
80.02677595
11.37023332
8.07331671
10.88288733
25.76839586
14.29514221
28.86797631
24.05246480
22.65756759
3.45378391
2.13312870
-2.53283626
20.00018387
3.93387626
-5.96975637
-12.21740772
-42.85072716
-40.13811543
20.14193616
6.04629727
-3.80747765
18.12512318
8.84586011
0.14546835
-3.49957087
8.46829146
10.83306854
59.64130276
12.42339418
3.01241824
-15.76551538
-8.92346776
-1.31532394
-22.59128915
22.56646335
18.34779665
80.02158076
6.09589267
81.58202850
5.64764565
-29.55222635
12.58106679
18.36573466
68.81782082
-24.65433076
-15.45340678
42.63517164
-3.59460668
14.17178818
-5.14352152
-3.35735452
-8.52681186
-1.33103800
39.18788871
1.50483548
-9.31456809
18.16324362
-9.98884615
0.00000000
26.75473895
10.15027226
65.16023427
-12.23999629
1.10823168
23.04556226
-35.40856303
15.91106017
-0.57780268
36.76803256
1.32325268
27.11495039
-0.32148020
88.42369756
44.73507515
21.16480204
70.83692948
14.41553246
-6.49949045
10.53624692
-33.17000951
-0.85694612
-8.78271692
32.76114042
9.03648331
11.31649555
7.75435704
-5.30071811
19.01195491
11.32725877
-15.08067012
1.88780620
11.22105572
