-38.02811691
-125.33988051
42.13112949
48.95653134
-42.18095288
-23.90546806
11.89062077
5.05511362
-67.86987195
-42.61101290
-157.21307798
-25.91127537
-52.40823657
-23.06988750
15.03660405
-11.55722911
78.73135802
38.42796791
-92.68260041
-280.78061078
-44.94147386
-119.14805522
-1.58335882
-17.25941252
12.00170162
10.46345516
20.86687692
63.86192742
60.67989616
-46.52342230
-37.57083852
9.85343387
66.26366839
1.26178151
83.96129490
7.01115384
3.98278344
-16.21418539
-50.64117520
-34.59237649
4.12323396
0.00000000
-159.54842771
-17.69352249
-82.51980632
52.34303832
7.62797087
-10.94964357
63.41284181
-0.58300959
-11.96771343
-100.59819911
5.86024518
-10.82808977
1.12505692
-38.07491033
11.30162772
-162.18636317
-148.27979028
-59.85594094
-17.07960262
-41.76323540
-8.81318052
-10.51738345
-26.29811936
-64.11824773
-40.37465910
30.19061602
19.66656023
42.46704542
-20.23751732
-26.63008810
-15.38411710
-16.29949503
-10.76167513
-44.57458870
-125.96463680
54.88221846
-16.63889069
-14.99755969
-20.52096563
7.06294758
8.95047804
-39.35300022
-18.46400563
-146.89568000
-27.81694995
-54.22824950
-52.75720008
14.59454671
13.52842603
50.37874011
18.91523100
-97.77813646
-218.21822951
-50.42390619
-128.93193223
-8.37043311
-44.80064530
0.01045883
-31.37965953
-25.05100779
21.61871275
39.13206757
-34.13261989
-38.16396896
-8.17129050
-41.27900042
-40.29557379
-38.87668290
-16.40491519
-18.11081373
-18.51666642
-25.82463027
-64.03282698
7.86350939
0.00000000
-145.02443626
-39.74882077
-117.42867193
48.30764160
19.35117480
-7.10265966
-1.14682141
-11.81262547
-36.86955025
-135.93389478
-17.60044055
4.49098773
20.38090708
-47.03234684
0.23921561
-191.60496887
-137.06109648
-45.09159973
-34.28340772
-29.34955003
-35.59487007
-8.89536982
-5.11066031
-62.33348673
-23.81647979
12.00695446
1.00234190
18.48108586
-58.87563494
-19.18934132
-11.09695537
-0.72483879
-39.02065021
