69.35681329
-41.08562053
29.07211899
19.90233962
8.87887920
-20.04502565
-8.09359839
7.28414832
-22.16405478
-26.75333549
-55.51855674
-1.86791304
41.28836731
22.75760126
55.74237197
26.91062290
55.20080095
28.95698590
-62.47623067
-70.54669573
-24.49359071
-66.46933576
-6.72607173
26.10296619
12.25927582
11.68551007
-2.03724687
42.85785234
41.17361889
-12.83074817
8.08225205
-13.62382201
46.55844390
-6.87940737
32.97222237
-17.55788553
6.38759003
-35.50404248
42.80172011
16.03057935
5.62796693
0.00000000
-119.95778219
-11.25411107
-82.81803133
34.00111579
-7.06458609
9.33459973
37.34915327
15.06169362
-32.71375281
-31.69506134
21.08986460
-4.39389606
23.88209968
36.44577334
-14.97438284
-62.82744779
-43.53125750
6.75576755
-5.91343859
-23.08016955
53.62282397
-7.27942305
15.06411504
-56.84029250
-26.21628510
19.85090483
-3.31944043
24.96797581
-47.12669604
-6.67114272
-12.18737961
-3.04836029
-29.95439044
92.86323907
-42.72416793
31.70524721
20.21737740
22.92904494
-21.37431231
5.91059052
19.47141255
-13.72043706
-46.02116851
-85.19422016
-8.75856531
34.95486631
-15.90975884
40.94903748
24.83110598
19.69671316
1.40279792
-58.40709144
-59.44965739
-54.82754014
-68.66622779
-20.20215525
51.41983465
6.60658580
-3.99881281
2.42857080
63.91168251
60.99101796
-43.76151657
-5.91005627
-24.97880940
-15.90227167
-19.71559413
-31.96552966
11.32132309
-2.47944332
-21.93282074
35.77123550
9.85217914
11.85000897
0.00000000
-139.24552320
-46.40872601
-91.07757881
38.35807227
21.81041607
7.69128193
-7.29556267
-1.33620766
-30.80338987
-80.60041121
-24.20468026
43.53163275
38.21154364
-45.13167232
-19.16171397
-93.43314868
-45.18762814
15.56176275
-47.13721549
-33.15956348
29.32855455
-28.60703463
5.14970860
-47.08026320
-17.13049213
12.26272531
-7.51985869
28.24992975
-57.65936965
-11.42563826
-9.80308190
-13.60871105
-4.50331273
