-23.66828369
16.57326774
-18.99007615
-41.35539730
-17.60551118
-24.49723843
-31.51728169
-33.63545328
-22.01422382
0.99139348
-31.51030849
-52.65900892
-27.16328841
-57.26881604
-49.54930754
-39.13553357
-35.45093570
-34.22824967
-8.43971621
-26.64280398
-32.33518619
-25.86506779
-15.27098501
-11.02201041
-3.25814784
-60.04197115
-4.68725862
-59.18376827
-41.27163168
-28.00216793
15.21163468
-7.36707028
-25.57404210
-34.79189428
-15.90875053
-37.66424074
-1.24753351
-15.83497009
-38.49408192
-64.74903654
-22.74853492
0.00000000
13.16915087
-15.05069304
-31.41014976
-40.46225425
-24.33422234
-31.35071807
-10.63494647
-32.17413911
-10.21555818
-20.37261326
-31.85647045
-36.71521405
-13.35904881
-79.98987575
-2.41184692
-18.54403782
-53.10610253
-43.85250903
-18.60505588
-32.34742313
-36.47450974
3.57264761
-22.42895493
-27.30258445
-6.75980018
-24.00762012
-23.64313172
-25.59095028
-8.79440925
-19.64497503
-5.46486283
-30.34420551
-22.90106321
16.79456375
-0.53349086
-4.86318060
-41.79885523
-40.29324474
-19.80093430
-23.76025783
-22.47315145
-0.62978461
-0.30848721
-49.65515533
-39.35476026
-32.38562103
-24.91632366
-28.37705583
-17.45734712
1.14588851
-21.36466377
7.29145477
-29.48734245
-18.54449089
-42.20240269
-13.57455748
0.38034805
8.49666381
-38.93858244
-11.70560634
-30.25943510
-38.48017044
0.76212333
24.94017873
15.16567123
-38.29601727
-22.88209503
-33.76237510
-42.10934640
-14.90808907
-10.52559988
-53.96211694
-6.96438274
-17.30021394
0.00000000
7.32691812
-11.77396262
-39.98522365
-33.57188951
-17.82391829
-19.45161381
-7.45660208
-28.02202554
-20.03369196
-44.50840158
-11.98206775
-54.77562753
-9.63668519
-36.24904673
-8.94641066
-14.86995213
-29.59131838
-31.10209839
-16.21745310
-21.01101792
-46.15098661
7.45563965
-7.53221983
-5.65858596
-5.34243861
-31.92826925
-19.76510499
-16.24393039
6.13424758
4.12443478
-11.09187000
-3.70269236
-41.17885891
