22.35549979
-21.08390102
-32.27870455
-49.29757365
26.65721972
-18.59118350
-10.69036531
-3.00113503
0.92423935
-1.63741886
33.93989935
-15.90404337
7.73736297
4.65117982
21.91096604
-23.38040450
-12.09688779
5.29437594
46.38242876
47.85657647
-14.53683258
-1.00589550
-13.00052820
-1.02230276
58.63506246
-20.21291664
69.91447173
-33.17770253
-16.44762507
54.30862866
4.19169300
-0.92812430
-57.85096850
-53.74432280
-29.79497623
-86.59461900
11.36732344
10.61557137
-15.37046155
-15.31064635
-27.36866084
0.00000000
-6.82564277
-4.09128825
0.75907410
-28.98701021
11.26251638
-23.45848665
-15.65041967
-7.39353822
6.49542034
14.72616667
47.94476620
-0.02765998
21.01096045
-47.46031333
61.97557171
-5.52163432
50.42644323
-31.45632125
30.61033856
17.20500013
52.64941799
-11.44772182
-1.84660550
22.84644489
-1.56080290
27.94220368
33.65843851
5.17974937
-23.89179575
16.54452255
28.65490275
-10.20020962
-47.75713502
70.21869098
-2.52703942
-15.35014797
-48.35474893
-11.42107064
-7.60308140
-17.20224557
-6.53769054
12.19410002
28.49475185
24.57741943
6.41657466
-42.27333499
56.84011126
49.17858291
2.58230385
-96.78871693
-67.47179233
66.98941951
62.59906295
11.32602709
10.12948313
-15.22887314
-0.91350301
34.14513853
-15.20044235
25.36970689
-4.99582110
0.43863487
31.10973044
17.17910795
5.88706169
-6.30975976
-39.18112619
-56.45027335
-45.49612545
-1.22976358
25.89534902
-31.96682527
68.14281983
-9.86170312
0.00000000
26.45432824
-18.67101706
3.56893775
-22.12367920
8.80537625
-32.02770861
-57.52339799
-5.08389384
-3.92692316
22.11456306
62.17550398
-4.14325925
27.04106171
-4.37731346
59.83853363
50.45961179
75.28923828
7.77927295
27.75563229
13.72968843
24.67984315
-3.51681296
10.58634852
23.04129150
-5.78747106
10.82169650
21.06218731
-8.68476375
-10.76615000
22.46562825
31.23376577
0.69387841
-33.64552198
