-12.05978694
26.13000874
-32.27465401
16.50004106
-21.20621714
-13.88884651
8.73577651
-5.19466441
-32.75814247
-40.96868727
-0.66759353
-10.62257631
0.40677822
-16.89857033
-21.89823754
21.57377675
-42.61403386
-39.83050920
29.13253535
15.99214577
-1.40901178
-11.23940333
8.02768936
-5.87239525
-71.30618874
-27.14238647
-2.43564367
46.00828060
30.49180346
-48.87941330
8.21713763
-20.52629049
17.93919270
3.61702641
-15.24748840
-0.25729156
-11.48880624
-6.75940138
4.48363844
0.28281605
-10.54327702
0.00000000
15.57263131
10.26097260
-2.48063927
23.44472833
-2.22617138
-11.80492502
2.41660787
-0.82388642
24.00346391
3.02259337
-14.12745689
13.37705273
-11.45288839
-61.84494374
-10.18166276
50.64841231
25.62322060
36.59449752
7.56935383
10.93550553
-4.87195551
8.16650564
5.16870052
-17.17264668
-13.25244868
12.20106809
11.50852148
14.74396723
-8.84552119
-29.51761279
-4.74950203
-18.05501638
42.26264151
-17.55291535
15.96321437
-15.75306831
24.51074898
-12.15174592
-13.00613504
-1.93734840
2.31366787
-22.61182611
-28.28480347
-15.35619030
-9.98458856
-63.17075509
-41.36579101
-13.59222076
-2.54537715
7.15000639
-25.45055184
23.41319263
16.75336679
16.27429241
-3.55339982
8.70025481
-26.57761141
-57.57433217
-6.46725287
19.16957244
37.86317619
24.72155350
-18.18318270
4.84480177
-23.83674072
13.69904623
-5.57375495
34.68318914
-19.16171824
6.80152629
-12.82127264
-26.32197497
-22.11459853
-15.27205912
0.00000000
1.61031443
3.46396273
2.62951386
32.03645886
-2.55603346
-17.30540651
18.79453682
-12.03355317
20.21346689
10.14588608
-7.03747961
-14.03159797
6.11775654
-47.11807660
21.61879241
42.78901282
23.62899903
15.68557608
15.78874947
0.44230552
-11.41998817
-4.58747607
-13.49630398
-7.15885424
-6.70140849
31.66149647
-2.01040967
29.58310742
-4.55311080
-20.25398148
1.66250223
-43.11585381
6.47888536
