5.55290427
7.42011165
-46.59303251
-13.06850092
18.14969103
14.07487873
2.22177213
-0.44638990
51.89770813
53.83728507
57.95072349
-0.48308305
0.09696593
-4.54658969
-7.77655976
-8.40142482
48.39727327
54.21097659
26.74336117
79.08021712
16.81738595
29.94789691
12.89828144
-5.40457075
26.64103725
22.85258718
-7.62555533
5.85656757
-41.99914145
45.48383877
0.60502436
14.44843249
9.24069151
35.92878626
34.68518530
6.69809906
-1.03206512
40.73543594
4.78627113
-10.66408785
4.73732909
0.00000000
-5.86102508
14.80058495
26.90317069
-32.70932431
-1.65774487
18.83684863
17.18206482
3.51904551
21.45307193
52.42886267
-10.37510221
1.84980286
-9.78527544
39.18673451
-8.02489231
42.88180221
68.63646887
60.02892158
4.49616134
30.16717593
-23.03167803
-5.61748081
2.52248407
53.63070288
29.61574157
-2.49765902
-19.40926234
-20.10909588
8.61094497
46.82754180
23.88571622
28.58027354
12.18237860
-61.49376256
57.84777406
-33.37800513
9.99672098
-33.55330458
3.34148430
7.12813388
4.01009898
20.15435665
23.00967765
57.10181353
18.29131083
33.90720887
-11.02343447
-34.15707203
-11.73469262
-29.21824039
-6.17132729
43.68664291
89.15618044
40.79486506
24.52498901
17.03817848
-18.97770123
-10.90958043
43.39876778
46.95900002
17.93052677
-23.29367823
23.37041199
8.17874903
15.67990900
35.54526263
28.13730986
7.03334513
18.84775593
-5.08261318
-16.17544983
9.36591684
10.95275701
15.72991654
0.00000000
43.13440751
35.75077014
42.29948937
-32.72037958
-5.70087744
8.10875020
1.53017683
17.68897643
15.96608017
87.96465074
-0.34876188
-22.94519290
-16.38552224
35.07340371
18.24434614
97.28844150
65.14790025
39.97728634
47.65849630
30.40904273
-6.46303851
5.57719540
-5.02398845
29.63282478
18.58155779
35.13414003
-3.64595447
-0.43423487
25.38394018
9.50712740
-2.15256033
0.76473353
28.48349169
