-53.47447527
37.10699984
23.79603167
66.71519716
-21.98828120
33.58981753
33.31530505
24.46543042
9.16522941
32.90529782
66.31726851
4.88840507
-59.91311505
-37.08349603
-12.68259703
-9.86720304
26.00460839
17.45698835
-12.54107608
-2.95146667
51.04351007
50.54267922
37.20789783
-3.91403530
-32.75363592
10.68290486
30.60734150
37.69062322
-6.85879908
43.48003064
-20.95597293
9.32025954
43.07919627
70.97510270
16.84491235
42.52171947
59.99865617
3.14629290
-47.12366340
-20.23865719
11.28765248
0.00000000
13.09009457
41.27912888
79.02047321
32.41772849
24.80088776
16.30327899
31.69054946
15.29992173
50.04041073
62.67098896
5.58772310
19.33394369
8.65639803
-48.18150042
30.76311184
81.54552742
45.19852028
30.12222587
16.12040579
26.91358355
-10.90386936
12.02308277
29.85757907
53.57577147
29.63277761
4.98980450
1.20262239
0.84379944
54.12852262
11.70068716
22.09663948
9.92915280
46.10478962
-68.84166304
70.99073997
54.60727509
71.78138419
26.02198746
48.73678618
29.70980833
25.85107293
18.44564353
39.11473162
55.67594069
29.58154562
69.58157392
25.53215419
-21.62033205
-57.05408330
70.98954235
47.14849983
-9.13431547
31.92364490
68.71795880
73.57728253
48.40325341
19.99722957
6.25900245
63.40271486
42.99873234
-0.78127431
-4.91781000
76.93561450
-20.58378541
23.11830016
24.50544940
90.33367695
87.29738671
54.06571697
44.15841825
40.86573000
23.74641615
-6.97293132
24.15849570
0.00000000
56.55515448
85.87475144
106.48325631
27.96439989
19.26551710
3.59770179
65.21054515
14.15250122
50.48296991
74.31601488
6.72090330
54.47925292
-70.24437749
67.97522960
25.67430307
46.90378930
58.11036623
26.90686238
41.51737868
44.21289326
82.42130305
64.30728665
26.83795362
56.53621659
33.19526794
22.53201140
15.13922833
-7.28745776
93.41094347
25.70752826
24.49084878
13.83420334
19.88845560
