-41.52803030
-23.57993750
-21.38936119
-65.38078067
-23.31439686
-24.88316974
-20.05646180
-32.51819068
-23.25348128
-19.91201102
-97.08857630
-56.87228260
-83.63975641
-92.81534648
-63.55907125
-66.09037188
-46.65834503
-34.37293835
-102.77214413
-115.72707106
-51.57764033
-77.99452997
-12.85860225
-29.71498186
-82.06977439
-63.68376699
-62.36555830
-100.19792674
-59.30435184
-52.20073106
10.03949032
-1.09684791
-25.33308666
-20.71352684
-16.04459315
-21.58710978
-54.63173397
-79.46303645
-42.63118011
-52.23420923
-8.83806525
0.00000000
-35.58910174
-9.52573095
-41.24474838
-59.98900334
-31.77379932
-15.66103703
-9.13751780
-17.13782244
-26.72198373
-49.06129786
-45.89940818
-32.75723705
-34.39001785
-126.03614763
-45.74349142
0.55992774
-61.81969193
-38.78466775
-28.93864580
-37.96196707
-58.88939476
19.03214201
-20.14871980
-26.23937977
-14.45038078
-37.43498595
-18.27555563
-13.81886424
-7.63004560
-40.78818693
-32.71704990
-34.34762153
-9.16331875
-26.89929249
-58.58187898
-31.01553011
-36.56051924
-55.46584221
-7.62886065
-13.28848514
-9.03607595
-10.50338292
-26.34890261
-113.94516314
-38.52723547
-72.92810198
-87.98948178
-30.19010018
-27.77072330
-0.57570628
-18.79885264
-44.59096929
-99.30628481
-30.88416362
-44.17556007
-16.63964790
-42.36885128
-29.74036962
-36.49441121
-70.03254086
-27.67587365
-23.51907033
-48.67814803
-1.36690491
-17.12885558
-48.35175121
8.25869512
6.51854451
-42.13226321
-13.07031852
21.81790303
-60.81158413
-59.86586110
-23.72034914
0.00000000
-34.07806741
-15.26194289
-50.89243020
-54.45976648
-20.41940695
-22.04403527
15.34716470
-27.03523902
-7.26223006
-31.92246420
-18.86778775
-54.62125096
-22.15373960
-34.71778908
-44.38390857
-14.26276486
-39.08245156
-13.44379136
-12.13380088
-31.27799623
-107.90222070
-2.48470751
-3.11600669
-21.71618958
-9.75833050
-59.39572925
-15.81161676
-18.29684913
-16.49923321
-15.32784164
2.11830546
-1.31219937
-22.54574852
