4.43098266
-7.93445090
-42.42728612
-47.02361018
23.20536867
-18.22840071
-29.80734433
-6.25640203
21.42576673
25.05351525
-12.89706197
-41.86983245
-12.59432505
-19.67120665
-22.65877126
-10.53503906
11.57862105
-4.27588337
-70.28332667
0.81653980
-21.54588836
13.93049945
-4.31229421
-17.13311493
-24.79975172
-40.62338162
-58.77522968
-55.36805974
-19.88201452
-26.39119373
-18.70677221
20.57805091
-10.76859626
-5.88738577
24.82170222
-69.36171127
-62.58530475
-32.30797315
-9.43955505
-3.73717460
-25.66068846
0.00000000
-48.15803862
6.44757139
-0.48523882
-17.45015613
-29.03490646
-6.15618107
29.29604951
-12.55998051
-17.61111139
-28.39351954
-23.12240916
-24.50363995
-15.56775609
5.76755379
-69.70343530
-49.41634793
-15.73765167
-29.36177835
-44.35727431
-17.56626126
-12.04201892
-21.98514938
-36.15402754
-29.21904357
1.56247060
-61.13827242
-32.09036281
-21.99282877
-33.12624651
1.43098097
-33.64754488
7.64379121
-20.76216641
48.17434781
-4.28403571
-38.18196575
-29.74745853
34.01518565
-12.18268932
-21.77056987
-12.75622192
-0.34175578
-19.77589535
-6.10148647
-62.63958332
-30.42239055
-3.67809581
-23.39517845
2.46469343
-27.06098964
-17.46666238
-39.02552976
9.27501466
-14.90351096
-6.84479258
1.32155117
12.43640508
-38.63531403
-67.40517937
-66.13904508
-10.78110602
-7.47512164
-34.72528648
-12.32993093
-10.35696163
-19.77422204
16.52877382
-0.15758621
-33.08585340
-46.21646620
-6.27582098
-16.89278079
-37.14734008
-20.78212713
0.00000000
-3.17325200
5.16893671
-23.31086505
-9.86388345
-24.56210908
-25.05757549
-2.62284867
-19.02734080
-11.24119785
-4.39752915
-38.03850648
-14.56082504
-6.74136548
-16.25839834
-91.31214882
-33.00634510
-18.74111085
-29.79061296
-45.92877594
-3.83246508
-5.78819529
-21.41038183
-19.29638864
-39.59319879
-9.30601527
-65.54509608
-27.15527937
-15.49998098
-36.16703908
-15.26789392
-45.87379495
5.85359868
-24.13465226
