-6.92424144
-27.62472838
-18.74146211
11.16237571
-10.98534787
7.44002324
18.07693853
2.28334577
0.91856163
-4.97327175
96.42927237
35.26292152
15.86350000
10.88375922
19.00705617
18.05480365
51.00121593
42.19975266
26.99862533
92.56778661
-0.17376916
20.52421228
18.50054921
13.45850116
-6.12114505
36.71469776
10.17874449
-10.84374440
-14.04831390
8.15892300
-12.55814339
14.46853778
38.02727090
3.93093138
30.62201591
13.22868809
-2.02381255
-10.87308101
1.20657296
23.40258724
1.36483726
0.00000000
16.53839197
4.79038701
59.10813092
-0.71309095
13.31389001
17.91930990
2.64962792
6.81261557
7.81906980
6.71895373
15.22235392
18.49822150
0.98453419
38.91991206
23.69145518
23.17722378
62.89161960
7.27189121
-22.46442609
7.38509031
21.76251142
4.81370461
23.54776136
41.67646964
0.72173017
19.16467541
15.40575032
14.48473321
-4.45312000
-9.96457877
-9.78367083
-9.30492107
6.52065259
-60.17476338
-26.73231484
-14.92353019
-11.21178476
-4.72532528
8.59722849
15.11719278
-1.19131206
10.00977235
16.17681834
78.63301094
3.23287736
12.58785817
-23.96388459
-0.14408424
-21.03353892
35.63193908
23.19706263
7.73406219
70.51853211
18.84827290
77.43180368
1.76403169
-25.47339411
38.79923926
24.69083268
22.31610683
-32.43383441
-21.97968918
22.25357143
6.67348588
10.83325910
19.72156143
-8.04538008
4.11070425
30.54686393
-14.05934222
3.05133092
-5.96379828
1.22063879
7.63088296
0.00000000
46.15468235
7.04503342
78.41345418
-8.50627742
3.52804652
12.94665185
-25.21819917
7.70774955
12.05557664
63.60990763
-6.14630878
36.57186779
0.18219053
61.21368096
22.94111619
14.47949556
35.41035901
2.47472173
-5.08601749
35.38075982
-19.32102191
24.93533503
3.17363190
36.08640554
1.51307727
-7.22482614
1.48765318
-20.95767620
35.32712409
5.67621999
6.73752593
0.92534656
34.73812522
