9.23548171
-42.35703825
-74.84633774
-21.75167875
25.88351245
-2.95873560
-30.72490229
-23.13412685
-7.16298859
5.97093095
-31.00432870
-3.10973754
-0.29979782
-1.36491860
-17.07773259
-20.16210555
27.37636520
7.13273585
-63.68234479
-17.70968120
-31.74339241
-1.11835480
-1.93314000
-9.75226969
-28.96629184
-24.20513229
-95.49380956
-71.07771564
-25.64134711
-67.03476396
-4.18248899
-2.37477873
-9.62661253
-13.93412135
21.22972914
-53.00582975
-73.24788350
-49.10456473
-11.04066678
-1.56804800
-17.53012997
0.00000000
-40.63592330
3.29095934
-12.44277465
-16.50337933
-37.79236749
-5.83045896
24.17426861
-4.09141312
-19.23260676
-48.53809795
-15.86050009
-19.61112917
-11.90374572
-0.36826846
-86.00429373
-53.42512052
-54.26611771
-63.56644342
-49.39333935
-21.64335763
7.78190562
-20.41886562
-20.51880144
-39.28614403
-7.61778211
-68.16168675
-18.61779252
-26.07220556
-14.62806656
-24.41559519
-43.69896911
-13.69309147
-34.11136244
52.22596627
-20.06255003
-46.18997757
-20.60839443
39.91672195
-6.19448128
-15.69105782
-15.45561154
-20.68044055
-16.96463156
-7.84837080
-35.95918675
12.73177162
12.34017642
-24.62999414
-2.46777353
20.07045036
29.14739323
-46.57651025
-19.90685194
-33.77624494
-19.04678523
-4.31404239
28.58878111
-36.89929372
-36.98658711
-110.22901041
-29.09230648
-12.16398998
-63.04904503
-5.44730934
5.30425687
-12.86277043
-14.30949633
0.37564022
-12.47965666
-58.19097167
-35.41988033
7.89877548
6.92370813
3.71004311
0.00000000
-8.93743799
-1.15102564
-22.69480270
-14.93777057
-25.41756656
0.29975749
-3.37712456
-7.45317958
-19.55359664
-34.37099195
-51.68449334
1.82519445
-8.11358757
5.70477067
-109.50120936
-45.69039176
-59.31495833
-53.64283267
-63.27161418
-7.84060851
24.80768971
-5.71230642
-14.77199447
-39.56242322
-10.89827560
-79.94563697
-26.66794422
-16.19618328
-32.94354090
-25.52879774
-59.99601119
-11.98063338
-13.85614127
