-10.81808306
-6.12866952
-53.78023772
-27.46874019
23.36292822
26.74872496
8.87231283
-21.47500898
13.88928729
6.28896602
-57.24754263
61.94887301
-15.04742083
22.13231137
32.30127090
-0.25307927
38.79275122
50.44534754
25.25900239
-45.92665765
-12.11398664
20.49326616
-10.17710782
-12.58270930
44.02544002
34.43491696
-14.74759145
-72.35877555
-26.79280219
-2.04140106
-12.62891396
24.00142288
-31.96818474
-42.74216457
-2.85181744
-25.37143504
-14.72742341
-5.42649397
-7.99161609
21.03377117
-7.56795517
0.00000000
81.76146173
3.18325284
7.66843389
-39.77033132
-11.88739633
41.91043533
7.16999898
16.85543160
-4.19283281
27.23293614
19.51140200
19.31985234
21.59193053
43.42029931
11.47956316
32.47387505
-64.78691884
-25.53930440
2.43301869
-14.79690059
12.67683079
-7.18121583
-10.76591110
8.01564042
10.78486309
-8.24520161
16.09507317
2.44728007
16.93821864
10.66719713
0.23442029
-8.37788210
-50.82746374
-18.74987048
10.98222537
-28.05646232
-40.12363551
5.77112719
17.83975209
5.25906794
-12.55345505
7.40160107
10.33390337
-10.61264943
38.54569465
18.72384626
55.20061144
26.39362105
-6.64867487
5.15788873
29.77838437
30.30910315
8.55126187
-7.37236069
10.46690583
-8.41318290
-35.89880259
28.74495777
32.62145219
-35.88421770
-62.30920476
-13.06827385
9.87388460
-10.02117024
25.41352014
-20.14281520
-38.95999941
-38.01491301
11.63519968
-31.15769506
-19.29251474
14.53061977
62.68778854
12.02251268
0.00000000
119.15447989
-12.74318162
7.32606466
-54.72510516
-20.36933525
4.15135234
-2.29016469
19.65731174
-17.68908143
35.46362971
32.41915759
5.98894644
-13.57759123
81.55639393
-3.23287850
43.99273855
-36.32958971
23.50371868
23.30518479
-17.45305280
12.29302926
-10.03685053
-14.13593578
-7.16377151
9.63144630
-33.86067977
29.27617610
-10.18484244
2.63592066
12.71992967
-20.48389412
5.46526584
-30.91114584
