57.86649207
-75.49720329
33.76062464
65.60845992
-0.32302616
-28.56734807
-9.85700073
21.96217520
-7.85960503
-21.09749904
-80.13884025
-21.11316518
27.99727594
34.22918307
-2.37621597
17.82161264
-27.46697277
-17.69942486
-102.33388705
-176.26365760
-19.85837777
-111.64055755
-5.91415670
15.35679143
-69.23424073
-16.81806720
-33.10702878
129.40879616
74.86737102
-42.25181547
2.32369857
-21.91659503
29.39793514
49.93818479
-18.74525965
38.01588520
-8.68111201
-21.36781674
51.17704780
30.41171032
16.36259689
0.00000000
-207.35341095
0.12108094
-102.33783951
74.91068811
0.61441132
21.82133071
-7.57591356
19.32148016
-4.33440068
-93.13060066
-1.25109225
-12.90641571
-9.97003316
-0.10731661
-52.82955707
-117.95881161
-80.07764615
5.52268949
6.39311798
-20.28076426
3.19332664
-6.81033066
29.10224174
-55.41070087
-19.55608145
22.31685136
11.69591807
18.48383608
-48.56102993
-10.70618535
-22.99707855
25.38580128
51.43140309
45.18300457
-98.02897014
35.34572438
83.34522702
16.49576961
-30.88902754
-3.16311242
22.00956633
-9.54470901
-24.31624445
-116.34854602
-28.63438206
34.03678737
-58.72687054
-35.04347220
20.14243077
-53.51984078
-33.21403636
-96.40198365
-169.12365170
-59.80185245
-106.15387206
-10.33414319
19.12822958
-76.52699832
-3.24202817
-10.88515534
95.13378790
65.23637292
-71.67662497
4.93012142
-31.79730588
-6.55281571
24.16505352
20.91733544
8.44475796
-12.14775827
-1.31686195
52.62149605
-63.14243287
-12.16101440
0.00000000
-192.56332463
-37.87940614
-111.97482342
82.61969250
14.76513052
13.98484053
24.67274990
6.63405502
3.42384664
-115.16887071
-61.77071041
-18.08636246
2.11107289
-102.77321265
-42.82506575
-159.76197956
-86.98100972
-9.80535543
-47.83634684
-42.36394999
-16.40016320
-59.17849747
3.92116464
-48.43840058
-15.93772305
42.28167187
-15.55087145
50.69097641
-56.42650307
-22.72150783
-10.18949569
-10.60946907
-13.40264854
