-62.50835100
1.53873097
14.24849961
-9.87814256
-41.68031182
15.33054051
-1.01476923
-14.92731143
-21.49004026
-2.61111695
29.86565671
-1.06091572
-31.55414343
6.67616057
-30.94857269
1.20103547
-37.22323115
-28.40334090
36.91589509
40.55954363
7.76030792
16.04858565
0.91990903
-30.73932231
-0.48719673
-15.57204672
16.51675294
-13.84155092
6.83286709
-17.08819390
-35.21618223
2.46172042
-18.39396780
-15.46729431
-26.85965156
7.34259715
-17.32758009
-22.45514828
2.30252397
10.68003502
-6.85717812
0.00000000
-8.41713631
-1.10564391
41.60960644
-11.21920538
2.92196203
-2.58410074
-33.42957836
-5.73523221
-17.78885335
7.23627899
-18.66999774
-17.20670030
-14.23913989
0.45754518
4.75092519
-9.28660108
60.27976364
-0.68931779
-9.48265537
16.22780311
-27.85462146
0.14818390
-14.18043258
17.66154497
-2.34510598
-8.56737653
-3.55654984
-8.87900241
24.48343103
-15.87747412
-21.96623197
-17.76493098
-1.65787344
-137.71464411
-50.20005248
-8.10900340
-66.16842942
-50.83719366
-1.86072273
-7.35837728
-21.86369105
-16.05026279
3.45647549
57.34518046
-45.85512811
-61.60178168
-25.67241220
-51.78135138
1.81321086
-21.18103013
-6.64345852
0.96540039
1.38806782
-2.10205340
33.98643809
-10.69221709
-78.21440463
-37.73423578
-47.73289116
-36.38499249
-42.64858636
-35.46650423
-4.35727290
-45.09291639
-3.76410591
-50.96093735
-31.03913574
-8.10841613
-45.46811086
-6.61207304
-46.73474812
-19.65949312
-57.00651919
-26.30846177
0.00000000
-37.86016762
-1.41583966
48.15780196
-19.24398053
-10.33023420
-5.86414269
-8.58206572
-16.45460615
-4.41429595
-28.70196380
-25.66562451
-37.86253929
-7.94221521
-13.60324540
-11.02006810
-28.22173693
34.84931418
-15.24680859
-6.43587383
12.55631075
-78.36336373
-13.02149118
-22.01537332
25.84729046
-4.55183236
-22.44352685
-22.61217671
-1.26413275
-5.73186901
-5.23635419
-21.68711896
-26.03501001
-26.71304695
