-5.56484320
18.09991167
103.62198968
9.69347145
-5.98060024
-26.36999611
15.16124824
-22.59794438
-3.48034794
17.84341400
-86.81203184
-45.20907801
-60.74589003
-64.87509720
-24.48326997
-15.66852591
33.70190074
0.73505396
-34.19257306
-58.02443971
-14.65627211
-58.74349876
14.14202930
-9.64032867
16.42168813
-11.92297473
-8.37150908
-18.24339933
-29.87397765
45.47756209
-7.41449387
5.32103155
76.74685406
11.19093475
38.34200501
23.55503963
-19.61846542
-11.23759998
-22.71787736
-60.62772966
15.55420635
0.00000000
-29.67945160
-8.75885691
-57.43846250
-41.29654918
-0.74103595
-19.20804502
13.93728655
-8.90434018
-17.97396282
-6.18965059
-35.38518760
-4.21170291
-4.27332124
-41.24271451
-14.93864495
-43.52080531
-55.84339352
39.64554653
-9.30161876
-13.89163850
-44.58568650
-4.01074736
-17.43921009
18.38875284
-6.33830594
-9.82653061
-26.09011585
-1.48995247
-13.09741448
10.57512701
4.82433845
-2.55297584
31.60780605
20.24481152
-0.44136706
62.97408816
11.14426416
-20.08576685
-12.63175154
10.98569310
11.31910042
13.28173360
15.90040336
-54.62034334
11.04350249
-21.54093100
-30.13997313
-0.74971018
7.07691156
89.73265796
29.29137115
9.23676582
-22.68379532
1.31298801
-55.01205542
15.31973727
2.51450978
-4.71813832
45.20322473
22.09980381
15.74562812
-30.64402350
25.42858350
-1.64400448
-6.06029231
47.10430295
32.77658846
21.86849261
24.31630587
5.11694836
16.99272809
-33.55865340
-63.92278086
24.55290218
0.00000000
-22.33244902
2.84342480
-40.14391057
-35.01341810
4.00482885
13.78387878
23.57521479
-3.79087838
-1.52669700
-49.96508458
6.50804056
-28.17292576
-4.53920675
-67.78950448
-13.36419245
-29.58729373
-10.60844290
44.15140866
17.61404015
-9.91045373
-14.36338351
-4.17317095
-8.04609585
6.09185771
8.32372558
17.81322584
-7.43356411
10.92673545
2.72590118
-1.58520910
13.50207570
21.06873247
29.31699952
