31.64969022
-75.99963497
-37.20658125
-13.31144969
23.09201563
22.36161392
21.50353910
16.22264591
15.53301734
-15.94012551
61.98738144
26.82442755
34.93987204
50.42380267
38.03971467
26.42998458
7.00372387
13.54727907
-10.32233272
7.82064578
-4.31748147
-29.34299724
0.97219914
11.07611655
16.19216676
24.25340720
-7.97301952
-38.22529787
0.07123678
14.18057919
-0.87300382
-1.97001360
-7.13260959
-10.38124351
-18.10581819
4.03142208
-13.41106969
-9.03734529
49.37674901
47.64280151
-0.65814705
0.00000000
-20.54303979
4.99948627
46.18041862
3.45220661
28.69185117
11.01216979
-25.46926377
13.13521741
-4.41484361
-38.48865446
35.48830383
35.12584864
8.29477331
43.18467370
3.35798106
6.26996627
21.81924428
-10.52782099
-6.12641282
14.40270611
64.93434473
4.36833491
14.46559188
39.14647556
-8.87653890
8.61740216
33.13806529
23.10293834
16.24236231
14.32086486
-7.74153187
3.41339919
11.27990447
40.87107953
-47.46580855
-15.91365517
0.70769359
56.32534577
20.50532081
7.88400753
16.76562809
14.61770824
3.74719790
37.96282110
28.57122296
95.45993152
60.03922756
43.92809759
17.08695684
-42.39460557
-15.31775298
10.95370676
19.27402722
-18.54514138
12.58387350
-2.18568024
14.30652163
32.54891728
32.25093334
-48.50785078
11.09604976
26.23573012
-15.37289586
-5.47038487
-21.83539463
-5.71257973
-20.81011483
-10.93957156
14.66566374
-17.19791882
11.16337743
77.34728567
30.85526056
-0.82568688
0.00000000
-7.91517379
-12.94909551
24.89384884
18.60997994
19.27289203
22.26643654
-24.89478180
14.77922157
2.00643021
3.89991708
27.71898136
56.62439968
12.40118406
71.66750818
17.88719212
7.14145334
27.90835044
-11.08547140
-12.23347698
7.17248981
74.35310959
-5.46042682
21.31609205
22.57968065
-7.18770763
18.20045942
31.17781595
6.51979653
9.17217067
15.91315597
0.41583142
25.39841033
19.59372589
