-7.21614073
27.13636011
14.57620080
-9.43561570
4.98698298
-6.65906990
-8.22260961
-11.96099550
-0.80434958
-23.07729937
-52.02172012
0.10091007
16.55113920
-13.48935305
1.48824259
-6.51020712
-34.44723590
-32.50791587
10.45140103
-33.82137700
5.05150846
43.69044824
4.13277921
12.84208493
-3.97567902
9.29259217
-6.81427219
-28.50151647
-10.68850414
-6.50458553
13.79583176
0.51390928
20.10847949
18.25109891
-8.60502196
54.98144702
15.48049662
18.73508743
-13.41942889
-17.08381718
5.41450258
0.00000000
119.24328931
-4.06230453
16.27308842
-27.34024853
-11.01044863
-14.32052851
1.92015096
-18.78151331
6.99050631
20.06047688
-17.99558490
3.32095125
-0.17087778
-0.24148659
7.58431979
45.26546688
-23.95332898
-36.74417472
-5.58478024
-2.42065014
-33.04163552
4.78557318
-6.05555703
-4.57823209
5.46874146
-9.43305864
-5.52248560
-17.07392137
2.57963174
1.19347374
-2.50468296
-4.68974686
36.50508121
11.80745849
17.93500750
4.14365985
-19.95030819
9.72048486
-1.57189740
-6.67182974
-9.47331475
-5.00545898
-26.52038497
-18.86925312
9.64690516
0.83020985
0.88383273
12.15589087
10.17785766
23.70596061
11.14208775
-4.99888244
-2.60944113
-5.51575810
-1.70583232
-5.86529329
28.69426631
7.04907969
5.20412597
-2.91464102
-22.52547134
-15.09098282
-7.33776503
14.48953147
4.04398900
29.65697720
16.98750894
-3.16959000
32.12455064
11.27447608
-3.74856264
-4.82107578
-35.99542790
16.99107904
0.00000000
89.80488512
-9.02392804
-2.31008864
-35.10533561
-13.93426082
12.98928822
28.78166739
-11.38717044
-0.30417693
13.86972796
21.71526762
-2.43297846
16.96104036
32.73806839
3.22112928
46.40476556
-20.35121824
-26.99373614
12.82057790
-17.73634101
31.53371967
20.48879032
10.64086139
-14.47754877
-1.91668817
-11.86143437
4.27087498
-25.53686732
4.12467108
3.44980219
0.66744136
5.79781281
64.79582379
