51.65270772
34.81348126
26.35092985
-5.96501813
33.55822678
17.44048918
2.60455689
21.14011257
49.69180047
54.97757342
142.50361110
18.22779948
81.48635443
53.44136438
30.92008172
6.08146291
-30.99895597
-19.28102489
-4.00339657
90.53182673
18.74118968
53.45536504
-0.95167496
47.31342872
65.78366345
40.06846947
40.03235803
14.45105670
2.58919216
102.55388728
31.38614673
-10.07979334
-32.70389753
35.09280461
-42.04950661
50.15433353
28.02882581
59.87288287
55.57725276
30.48943960
3.09405524
0.00000000
7.40606689
-2.83088169
80.04330032
5.27531817
31.90217311
7.29416222
-51.80980084
-1.82952650
-5.78966512
56.31531638
15.59940689
27.91523935
35.04204525
100.87012789
32.59321657
-1.55311066
72.18841857
2.24689961
4.56874412
38.91869194
28.39394506
4.99461205
31.10548152
75.85001596
33.82421932
6.72421185
10.07675794
6.19757135
17.75117474
43.53967098
27.27368229
43.04560894
19.66532083
53.96167274
45.51251115
15.36137248
20.23005739
43.52993078
12.38918257
6.10192419
12.75454717
33.81242462
50.81958888
85.68507551
19.34152671
91.26868919
47.95576074
34.76037128
18.14407669
-51.43507669
6.52727541
44.19408718
66.85526257
32.76034431
70.69713111
-15.57837723
65.23633618
63.39098972
33.78346178
61.10625626
23.94809679
0.78602027
59.47376690
23.58713478
13.48691979
27.39660621
61.22552451
10.84756043
52.94214428
40.65592249
70.05083757
74.38268306
15.50501187
-4.55746060
0.00000000
1.55901227
6.49371311
85.23290379
15.23435183
18.40859238
49.66369029
-8.38561988
3.83446624
5.93644829
29.41475998
17.30766397
32.98678445
13.30400719
54.25587593
26.50793835
46.59559156
66.60070683
37.04710186
21.38575850
27.46023936
73.68834037
7.19312146
20.41663285
56.92759896
24.03350224
30.23981348
3.87082699
9.34053967
34.34783999
19.46212745
21.84004352
59.97432036
45.51806245
