-17.94811739
-23.95198826
-68.20080527
-11.37249269
-30.17767856
-19.98510429
-13.32649017
-7.88900560
-44.44900212
-59.42491166
-40.09122029
-17.39254405
4.28154853
-11.80270502
-38.97404138
8.37093433
-45.26926085
-43.05505128
-5.35082492
-4.81512359
-24.59665691
-50.46083583
-6.02505899
-8.89161143
-73.83327475
-49.82622294
-45.05954534
1.74697307
8.97633363
-90.25459522
13.53571079
-23.54717285
3.51360102
-22.53319014
-37.36629616
-10.34144007
-26.16860885
-20.42922757
18.32662147
-3.00494150
-5.49919980
0.00000000
-14.03449607
7.31671936
-38.96634402
13.73979301
-33.28638087
-17.34059519
-22.28929935
-8.62197999
7.54053746
-46.79261209
-21.73868684
-9.75212646
-20.82317748
-44.36543959
-44.66316448
-12.43114560
-27.14605424
6.09582092
-3.66382050
-11.90289051
-3.94447563
5.22236761
2.76587850
-58.44966004
-22.91498860
-17.36092543
-8.09727626
0.76584476
-10.45363178
-42.04647015
-19.09103866
-18.67932701
44.88139928
-35.86458364
-40.60091587
-31.28984703
2.03231715
-47.72942879
-18.65567711
-9.63307815
-5.87099747
-40.38924357
-51.42402340
-47.88171642
-44.25834984
-106.24348858
-72.57173916
-45.93753199
-12.50125993
-7.57833410
-31.04785932
6.42126058
-45.79930730
-21.77997373
-45.71569856
-2.61802667
-28.64367833
-52.28101223
-44.30849464
-51.49012905
14.29121434
14.69360957
-71.54374415
12.17338887
-11.50029595
-4.46150959
-15.28394965
15.62174167
-25.33988184
-12.09415742
-23.96440949
-51.50290620
-64.61477109
-26.46097504
0.00000000
-47.20755580
-10.40962102
-40.88193687
25.41758809
-21.86928789
-25.09135894
-5.86347145
-31.21622530
4.92333679
-39.42308113
-34.38466946
-52.69708575
-10.65514643
-94.50353865
-31.08917383
-4.95080740
-27.65100545
-4.02246036
-20.31012771
-17.40117647
-57.89729002
-7.09587835
-11.37283121
-36.06230502
-14.42497966
-12.67478204
-20.01282037
19.68907889
8.05292815
-36.42389085
-19.20556056
-52.09382816
-14.81918494
