55.39337598
0.82910705
31.94851598
-17.03676386
9.79888606
-13.36734157
-11.56245460
-2.73992148
-31.96593837
-10.60203566
-37.32895611
7.76503844
50.71250839
19.27567189
68.41515202
23.33945219
75.05798039
37.73708827
-20.29042322
-9.99983871
1.23587986
-29.47456116
2.79839275
30.46988578
70.44505709
26.35727936
35.98151634
13.96951220
18.99313868
22.47410434
-0.19619729
2.35118247
53.02396385
-5.54807542
61.78838786
-37.40654073
31.95960394
6.54864594
37.34444229
19.71516494
1.77994625
0.00000000
-20.56199878
-4.39062444
-45.96121817
5.76019124
-12.27004257
4.82234293
50.53078039
5.54758489
-17.06699177
8.57992776
33.44273596
3.28309836
41.63344342
75.14130910
32.56929850
6.84220891
-23.05485283
8.85512151
9.73595862
-12.20687039
70.85089287
1.76214450
21.62738625
-52.43278434
-20.28310029
32.44341534
5.58723215
25.35157405
-21.17771131
1.28230371
21.02170323
13.35511494
-10.03741680
58.72424128
6.56503790
21.96694072
-19.57155637
-0.74604649
-7.57213169
7.99566311
6.65486507
-12.23604168
-31.09224550
-57.41275720
-14.97412415
9.79147769
-0.98129056
53.75165478
6.52965950
38.26835172
19.23938924
-8.48222163
0.15939753
-12.33666456
-50.56334182
-10.72825432
48.81706758
56.92611022
-0.95075548
14.57058625
34.45475349
22.71470865
-9.11245625
-4.63680766
-2.72207732
-1.58507920
-5.83641717
-23.31730159
26.62334555
28.19610608
21.20412926
-4.48432207
25.76526917
4.61998479
0.00000000
-56.38213119
-26.68216583
-62.01488129
13.94797641
12.69449231
4.52885736
-13.71651178
-21.13329418
-12.97346516
-44.38544474
-6.20865714
50.47257838
43.52661130
10.44518249
21.28317461
-22.24760089
-11.72913030
10.72814031
-21.89109077
-6.88653973
17.94624149
-3.20209734
12.39101162
-35.80554704
-10.58106132
16.47417159
-6.48829710
13.64457935
-19.81067511
-4.17340159
24.67206339
8.01499733
-5.06967755
