-42.06086544
30.02228351
12.98205628
-49.41804124
-4.26628837
23.32354498
36.75000597
20.88175739
11.37761685
27.40677241
129.74597671
-1.80005240
-18.76767058
-5.98500353
-8.57688163
4.52227214
21.34792573
39.57348510
96.63503233
252.08597728
35.24569378
113.62949955
6.68933547
-38.17707480
-47.30610077
6.55693067
1.92515664
-77.27441687
-30.12414959
13.63529890
-26.32331532
38.95480710
-75.49195658
-44.21626191
9.48349003
-34.51941878
-47.29028567
-28.28389604
-30.86186607
11.09408144
-25.00535630
0.00000000
162.24275233
7.96730215
117.36472405
-38.28003914
29.15900907
2.44964403
-14.54087970
0.27658700
-7.65958138
60.85533901
-18.39558697
22.92850408
-26.80132382
2.51901144
-25.96011540
96.47406556
107.21154361
9.35102775
-25.67579337
24.76147992
-20.59531132
6.99073465
-39.37004583
36.81819101
20.48724913
-30.64439753
-21.07294091
-7.43695747
9.67968716
-6.82850653
-21.52283288
-54.35819312
-50.88028274
-26.87412978
27.55879553
-11.39951078
-37.86772190
32.82533017
13.79158379
13.12483021
2.85776537
19.94873805
42.02614527
204.03658251
14.92305432
-1.63307658
41.97602326
35.59307825
11.12157592
-77.67002507
-34.16276630
49.28860648
198.99466469
41.36595928
141.17579856
5.24060414
-43.44630385
22.18590577
4.11551011
40.48573151
-42.20552537
1.38352164
63.45031149
-16.25996611
10.23189171
-35.84994943
-33.51278726
-23.31651840
-44.69424306
-18.31431675
-35.78755107
5.89057023
37.09790051
-8.55368638
0.00000000
160.36087694
20.68655593
159.37347273
-38.29976507
17.47491202
-16.51714734
-30.90844630
15.61031843
-2.11955192
112.77535593
34.56419129
22.04285922
-0.72013810
118.78685482
2.02402690
131.58861386
93.56032754
12.92209792
-1.46000899
46.66647128
6.46926073
13.95973983
-0.60156933
41.66538461
20.69425179
-13.88626465
19.94837612
-10.06956058
10.69662995
20.69047606
-24.03600459
-4.93330854
-24.77283300
