-14.75542453
-2.39817814
-8.57842069
-2.95647834
-1.54283825
4.75480730
-18.59562658
-21.56507118
5.87094979
-34.40338620
-57.94335114
9.89608050
-7.59142512
-8.64243805
-2.34664362
-17.80735523
-37.57939003
-26.19668891
-4.58791719
-35.62409888
-25.57367561
16.85318971
-9.65197517
-0.84456739
8.30160951
18.58931599
-27.98763867
-27.65015721
-16.36222952
-21.12923733
11.13423899
-6.97278635
13.74379774
-11.21825343
-17.57446971
30.34392299
-10.69608237
2.50693212
-20.37271986
-16.84393383
3.05693644
0.00000000
76.70064581
-14.58688001
-4.64399303
-30.06445005
-17.57777098
-12.19336374
-14.07946983
-8.08604834
-16.87415213
3.18104167
-10.11321479
-9.12842698
-1.84341534
10.54601174
1.93578222
21.87006219
-45.55389377
-53.90309949
-13.55397492
-8.57079725
-23.69573386
-2.96399298
-13.69523430
-6.07450368
0.49846769
-4.56587626
-3.12340303
-17.50300460
9.11995310
8.73650645
-8.30011365
-9.54904901
7.12867625
-8.87991710
-15.47911471
-12.61085863
-27.03016072
-7.44829807
0.67247102
-9.58397004
-16.97794057
-1.98137193
-41.59946847
-27.23191166
12.38358175
-11.17646040
9.80244412
-3.07404879
-3.11003842
1.45177770
14.11186893
-5.23051600
-23.12182276
-29.73176369
-5.61288447
-18.64489514
0.15333519
26.67743185
1.70359200
-36.52327105
-19.53691622
-13.49511332
-36.48636371
6.05594724
-10.46419260
17.51345895
-5.96947151
-25.73169575
-0.84008771
-14.70325379
-10.69720605
-8.80883790
-10.73501474
11.97126295
0.00000000
53.77630357
-21.26653694
-11.49198801
-43.34533192
-19.93651243
4.37326347
-3.73095889
-2.49411065
-19.65031308
2.79946569
11.87325321
-10.35266796
-1.91679804
38.37154009
-15.36983690
27.02097025
-50.01505158
-43.64243799
-7.06556840
-25.12134298
-5.92790972
-2.73998651
-15.08738804
-21.91553600
-7.85662663
-23.47477059
-5.66080450
-35.05408758
-15.35779843
-3.08758842
-9.99547575
-1.70420427
49.67126163
