64.90520090
43.57544169
70.59106059
140.17579674
69.95778518
51.03308619
34.98684593
20.27089537
47.16890982
45.77760437
98.93343920
75.50330178
77.00839763
95.92127306
45.23335526
61.21796670
65.53090146
59.17011574
17.80340228
119.84603226
56.08115940
26.51111154
2.64944452
54.98232044
48.84554570
41.59480583
-6.73446433
120.16782677
57.96244411
105.36557086
60.85052059
33.73777366
108.28498072
75.95717686
12.58169829
64.14450468
12.62150913
35.58843156
68.15165358
71.51988293
54.53486086
0.00000000
16.95991358
-8.95235534
14.89717388
79.91450032
2.15405200
46.31288502
12.68494353
45.66832836
-18.20222412
68.13761864
32.07513404
49.46718741
32.58006773
96.01817930
4.21017453
-15.19051030
5.15952399
80.67380404
24.05422970
34.46385841
66.05299481
27.17516652
50.14494424
47.36561612
20.18904616
13.31174460
24.32744999
13.87679342
71.07283620
43.87894071
13.06465363
76.00898418
79.49434932
38.46575610
40.68044240
43.50153941
118.86733703
70.67199937
28.33417847
24.87570375
19.23481057
28.54375421
28.32247351
50.76057383
47.27983991
39.37896716
34.60871083
-3.36278825
38.22582535
75.67166550
60.70044277
-10.55030525
20.95926266
16.29388201
27.71873453
22.27216901
39.54348762
27.97709208
42.79893459
32.42107171
81.37374775
29.09251731
54.18365989
26.11282010
36.35039709
108.59947310
97.33663836
79.08082810
108.74798196
9.27945167
56.05036102
53.86298621
18.57260180
32.52282414
0.00000000
-51.08332450
40.10322078
25.89936526
81.55687693
26.37675252
31.04157398
21.68399336
40.58703459
8.86284377
6.99287172
-30.26487548
48.01857250
21.10329821
-56.34045961
-16.61050666
-58.79972249
-9.98933969
60.05126072
12.72928634
27.93456127
73.18679262
21.90881757
2.37170681
40.78966404
11.15343635
36.53852800
-14.41188112
24.93263654
81.69693873
12.41723984
2.29056274
57.66046464
96.86249968
