-17.71948632
-64.25142183
-45.54643933
-6.69535651
-43.62083438
-39.91950138
-7.14983856
-12.47646540
-83.49372496
-57.56898675
-204.24517790
-47.83360124
-38.45123034
-76.61408418
-52.60239475
-49.31214001
10.07810102
0.88222311
-122.14468034
-220.13273766
-46.74130690
-62.76190159
-21.62456956
-26.31096901
-134.98012777
-32.55382521
-37.60962766
56.00975629
-7.09733708
-107.01741384
-45.02973408
21.74039982
14.92803102
-23.78598210
12.31146593
-16.59548803
-39.53645154
-68.96488117
-40.60060714
-25.88002142
-11.69924176
0.00000000
-106.46543764
-21.77963871
-96.58591477
-21.84732915
-33.99690216
-17.09101157
39.08472020
-3.33744094
-20.88541841
-84.44712967
-38.68015804
-27.08521620
-55.29256004
-112.59279013
-55.28906424
-125.69853175
-108.08414307
-74.78548594
-25.00127551
-47.24377617
-19.69815832
-3.74713555
-19.83226378
-62.48026392
-37.11930926
-3.70858340
-44.18822561
-17.12312128
-56.17932522
-75.29354738
-44.73932691
-76.44897389
21.39405042
13.40201403
-138.82641352
-38.85728551
-20.23946911
-10.52009884
-28.68218679
4.62636790
-13.98464507
-61.14950244
-64.90614862
-117.53345908
-9.83639923
-72.69398312
-70.86780210
-41.45072677
-31.31654419
-20.71707482
-9.17904491
-126.47042174
-187.84154221
-74.49657954
-91.34543301
-16.17392544
-18.72203210
-104.36608802
10.48591565
-20.32741904
17.46411168
3.42223722
-68.47457132
-28.25535056
4.84093633
-21.60775078
-20.19077823
3.72638853
-9.75288194
-48.51175282
-88.76813485
-40.45253590
-34.55342901
-6.86330113
0.00000000
-111.57626035
-34.68029740
-81.63800704
-7.88227916
-20.64846718
-43.91134689
7.87579436
-0.23313002
-21.80856030
-119.18379302
-53.97622133
-0.12456495
-36.63333116
-58.60233035
-42.40633416
-160.13798220
-135.85101572
-94.59086327
-56.02788130
-47.82401073
-10.10062291
-7.83292081
-13.15546495
-52.66228226
-22.32486723
27.04282985
-17.01027335
-4.95120412
-77.44005966
-52.33466811
-56.21083703
-75.55906295
-31.97786388
