-24.72229153
-69.69004932
40.06862779
18.07076278
-50.46178573
-32.37025034
-20.69440209
-18.14614544
-52.04685332
-52.70861169
-233.30313296
-30.85280501
23.50041001
0.00524892
-24.53537808
-41.92057456
8.32788494
1.98980002
-23.76389855
-299.64620106
-27.61365627
-139.82794562
0.98665723
4.33482215
37.28521528
-10.49932706
54.11405050
26.35376797
-2.62459209
-20.29437267
-10.46021020
14.42844352
15.45873675
4.17471316
6.88713838
25.23118838
29.20436091
12.11899382
10.61069119
-19.77536823
9.97659267
0.00000000
-170.13499881
-16.61881445
-125.68003898
-4.99855020
-6.24664733
1.11931448
13.23989690
-8.38514213
-5.36071394
-96.14099544
4.39115435
-40.11005120
-15.01089893
-40.13949993
47.92139725
-94.43002425
-105.50622443
-33.77155983
26.99239104
-22.74604337
2.01685281
4.72867426
-15.39507574
-45.41598101
-45.57875543
27.05917984
1.97964765
-3.03956503
-22.49980261
-9.50096950
10.41741804
-2.03869157
-1.89709667
-24.61001413
-56.05777572
41.36638437
38.55224770
-61.37336773
-15.39120890
-11.87730158
-5.02031343
-40.66371538
-30.15082342
-172.16493697
-5.62083105
-6.15047673
4.98786220
-0.10383291
-6.29685144
52.12044415
39.38293710
-52.30063370
-233.39048830
-45.32853043
-149.79310749
-8.53101455
21.57530972
29.75217482
12.15295201
51.46785792
11.29294370
5.27725487
-14.28774360
-6.74216684
13.27481178
8.19681337
-10.46364941
12.31582950
37.10896879
2.33737924
34.40748996
18.28999941
4.10185306
17.52157573
0.00000000
-143.37965466
-19.79351737
-154.36555096
23.69252607
1.62051806
24.31167048
35.24879446
-6.23399755
-1.39495728
-87.78164424
-1.32084251
-26.76094584
-11.14387945
-48.63616445
42.59353607
-108.25293264
-87.08604256
-6.63755269
8.07861224
-23.79156958
-14.15679943
0.93923473
-3.38889696
-42.96789882
-23.83508898
11.76907288
2.92491375
-1.36396647
7.39037872
-17.21026940
36.07429235
13.83163963
-22.70081703
