-10.94427129
135.15475313
77.60420020
29.61277841
11.24186519
34.03680173
55.46798926
31.14738085
12.97210594
33.86452387
141.53086380
61.00477862
-22.34957069
29.35506655
85.08485749
33.21824495
-15.55040275
32.58318108
57.71293244
158.25442418
69.15587504
96.59061657
-14.83432320
4.05573530
31.65022753
71.39507634
76.70896440
52.39001817
36.62726261
81.23028511
-26.72614896
20.51739576
-7.77078018
18.40323637
-32.66056869
50.06023977
60.46952137
10.80729556
-9.01650277
24.94383397
20.12999011
0.00000000
99.54935207
-5.62107620
42.72058491
26.87006883
32.40283323
0.00870857
-23.96094203
28.78808580
11.73452502
98.71199570
38.43496830
54.71078151
45.19295406
13.38506445
69.50141702
71.18183528
86.74681296
67.09573807
37.03457550
24.11005262
6.51945200
0.65980839
10.30293654
32.51170408
31.28031779
54.29053478
25.51205644
32.51854751
6.02397135
-4.20334727
38.97206367
-1.43382520
34.37103589
-19.74703962
93.23886149
25.56997553
-0.30404195
39.91235715
31.90588053
30.82691074
27.82610482
36.97276195
32.93062581
82.16718604
60.01479136
30.68465887
24.56806431
88.49085477
31.56127968
-106.39565342
4.81026003
39.64799307
102.71744263
68.23628911
73.25651950
3.62941116
-17.04434142
55.57147149
56.46306749
48.59050532
2.57821869
14.77725669
81.26940497
-8.06187621
32.36095260
8.86255408
12.33170952
-16.02040555
33.72498697
50.74240160
30.61167446
-0.03066919
68.57892951
5.96853928
0.00000000
58.84053238
3.10714432
59.91980706
9.62130302
27.81706724
23.70440371
-18.43893161
31.11990276
12.93554030
49.36872988
38.72260276
113.36742024
45.77806607
136.03963006
66.93462526
57.82211387
76.96850430
43.37259130
40.69134316
23.73729298
32.17454876
-1.82033096
9.58545551
46.66191698
32.28414136
53.93853430
39.88784886
16.83254966
25.71868583
32.39378270
45.10807647
24.15971071
13.35468314
