17.90495478
58.70210070
50.90648753
39.70642438
-14.15153932
-24.93664107
35.05501667
19.65398606
-56.69823580
-10.75197033
-119.37793202
-17.02499905
-23.91596766
-56.54286130
-9.38249124
2.35014117
44.55571619
28.83660180
-55.80204615
-123.36955475
28.83396850
-3.36634358
0.18947783
0.30374017
-58.51663213
4.54191275
54.77806768
153.98685705
42.94925416
-6.74197031
-21.01942081
35.82529597
82.47118723
24.87941957
44.67966918
4.26256139
49.80832806
-11.40507636
-37.81960904
-37.16080986
0.25752068
0.00000000
-30.29360500
-10.62877255
-68.69262793
12.55596246
-5.91345398
-12.46318823
66.70642834
5.23001098
4.88815958
-6.76133559
-18.65007040
0.29702909
-18.54123703
-90.29520814
2.68248968
-84.73880014
-95.26978969
-1.45517599
14.57132891
-33.46159890
-25.63653059
13.11096629
11.96678648
-42.05284080
-1.30919770
52.48994741
-19.66990523
24.56993640
-39.02933478
-40.84667600
5.83892184
-37.08123141
57.51565598
24.60937463
-29.54976713
3.20318730
21.01482564
16.89703168
-14.08781469
29.06714616
17.03634211
-26.93770880
-15.04992084
-65.76523063
18.09646247
-38.27831304
-54.31913178
15.87918753
8.63336965
17.53202788
14.43571299
-80.53320764
-86.97295189
4.16579671
-46.92144110
7.72529832
8.54672485
-28.59383920
63.96598072
137.71523917
77.12967440
45.62157255
47.19372244
-8.24046306
25.35092923
35.53772771
10.30129663
17.82290847
37.23575115
59.67736124
-1.12387773
-47.54256844
-29.32759921
19.77048930
0.00000000
-42.88800128
-8.65340501
-42.96473317
41.63321159
11.28390024
-12.00141772
36.66701245
16.47811486
12.84734040
-82.96744516
-20.97780658
38.24958025
11.02058695
-34.12116714
39.17163371
-153.26257971
-80.71607889
-24.77576633
-12.72752823
-27.40897125
-15.81378926
4.74539089
5.24811079
-18.32965508
8.41288780
100.23441989
6.46158323
61.52510524
-52.54285898
-19.54232502
31.04720725
-27.04912691
15.36055600
