12.47200022
-50.62660034
-65.50151616
-7.02373950
22.03503475
17.40654889
-13.53817258
-21.25475847
-10.89881618
0.20914366
-34.49173496
27.79800764
-9.57667995
14.01156846
-16.03692751
-7.31107442
5.45235234
16.24188814
-14.94672137
-35.89322955
-25.70190565
-18.64987352
-4.65202968
-10.63672568
-30.05524441
-24.34972411
-78.86590106
-40.88910021
-9.35197227
-57.77569591
13.32788391
-24.73383135
-33.67170668
-34.39311557
-26.25980998
-25.80167323
-30.29285325
-36.98174198
7.97901503
6.68343974
7.02046566
0.00000000
15.37163782
-2.43987387
-24.62262782
0.73790666
-16.01797399
10.48717103
-9.86921731
14.02804457
-8.03363109
-56.68648678
5.23737279
-1.62666102
-10.77057238
-18.98784294
-46.68576009
-16.27771132
-40.97935860
-60.07143646
-0.44087332
-10.17133757
16.58278877
-3.53558973
-4.12204964
-26.51299287
-4.91753583
-24.02838712
6.09869706
-9.26222683
14.41316726
-19.68681671
-26.70223402
-21.42790182
-49.64074230
53.44833233
-29.33019211
-33.33695305
4.52235126
29.60410974
8.71794581
-8.07637303
-10.90884757
-15.32589878
17.17675685
-12.88453731
12.65001380
28.55826020
45.67376238
-18.80039998
-4.50150399
29.34436561
5.97432713
-12.79706504
-41.92806700
-31.52513233
-37.99682477
-10.84460490
19.02909946
-42.17959550
-22.84958517
-104.26101608
-19.78640953
-5.52566931
-64.58317010
9.33430959
3.38057050
-15.03730153
-27.66865016
-12.38449956
-11.19195971
-16.88923611
-39.72250566
35.81444326
33.25559748
-0.69964561
0.00000000
-13.49436321
-15.82746154
-30.77374538
-8.72756276
-12.43010428
-18.21270626
-4.76440013
13.75554987
2.41837438
-61.73008364
-10.83293514
-5.39920713
-20.22084024
-27.89352578
-50.89693211
-12.04619423
-38.46716711
-53.53656990
-23.32115546
-23.08440170
33.57725964
0.12970579
0.28340223
-26.46803404
-0.74776942
-43.44294181
-9.97603899
-5.65079174
-11.40967162
-12.59240568
-25.54287252
-23.07155425
-6.27167940
