30.63821829
10.12602125
-43.04213909
-6.65645456
34.28595222
16.16945195
-17.26630261
-17.41119375
27.22865624
32.71046788
-8.19153063
29.46889424
34.37008544
52.12509340
-2.20754242
2.10598921
2.04909307
12.70692547
35.38886465
18.99948623
18.13475663
17.98612946
1.32946509
6.06267773
-15.34989067
-6.99980122
-26.18052797
-29.30202340
-15.75244081
-11.34155384
11.69530876
11.64185119
-30.86114838
32.22881834
-0.16093990
-5.91142521
-7.99029833
5.49211233
17.06832348
46.70204979
11.98677245
0.00000000
0.29166392
15.83618727
-7.53272269
5.42253121
-20.62673569
0.95288696
-3.40995960
10.52797942
8.68702738
0.17646288
16.48049163
8.92929762
-13.83314575
20.14735461
-12.78654061
42.42429262
-17.00712448
24.28870310
9.28099567
0.26197372
26.84503588
3.05675058
-16.01936845
1.42465915
18.36466294
-10.27516194
9.19359450
-6.26085741
6.22958589
8.45129471
1.00600565
29.23949116
10.16530606
46.24534195
1.02969377
-52.42127721
-6.75283410
55.42690795
-2.15736488
-19.61108422
-5.80673490
14.44045649
22.32574648
-5.90888929
-13.90792844
-30.17515135
27.94616258
2.04280152
-6.36632658
-30.64219771
-0.91461455
-26.05956011
38.79083126
6.78013966
1.87622874
8.14336746
-22.85605896
-15.59721059
-35.58829913
16.86806242
-2.54204253
1.22136725
-2.22811719
18.17670971
17.09694197
9.91070996
17.77392717
-8.30247809
-11.99509947
-42.84828905
-4.31476410
-5.02492691
-7.79141230
1.76184852
0.00000000
10.85401285
4.19760395
1.23065861
7.42192694
-1.94917884
-17.15762252
-27.90266948
-3.46105713
-20.12483853
18.41479423
5.29358283
4.09411743
8.85081834
-33.98828096
11.32205708
13.55177658
21.25465078
-25.46945024
2.35754894
7.21566275
13.26765740
-12.96756311
-17.30601470
-8.80944137
14.04682664
-12.64753964
0.82065501
1.12221529
-1.32334080
2.32824657
-40.32302284
2.62601986
9.43580891
