-0.39911581
81.85702096
37.02706850
34.98772725
10.36762786
27.41163343
48.73259965
15.58644612
23.65118395
27.76181618
162.16395682
56.31322523
15.66752884
30.54572233
71.42241311
41.79028664
20.91379132
46.21252254
64.77377744
158.57926168
44.75785539
80.44758840
5.51886369
22.07870123
28.03502354
66.68398232
63.16660358
33.96660010
13.20637286
79.76573682
-5.22130685
30.84191800
34.73887093
39.52498497
10.14922901
58.65245836
46.38137665
20.89351963
9.88155231
22.71223956
16.25691000
0.00000000
96.87601686
5.21885273
86.66311072
17.18269152
37.41637086
17.74390189
5.49714180
21.90215991
21.83921998
76.27264712
38.19995690
52.20502643
36.69226761
31.39788108
65.05773616
100.56349488
116.91224573
64.41399504
11.04520765
27.61739634
23.42705865
11.69051365
26.37690495
67.64283635
22.67186603
47.98319640
26.56300262
30.62624731
11.52193002
4.85738166
28.09880600
7.25669315
44.18454698
-37.14819865
61.78678018
-0.42193379
12.47519514
28.43602339
34.38956058
34.09613322
22.67553585
43.61657535
45.53678255
120.99892001
49.26863965
63.45494553
23.56502889
63.17116531
10.55739704
-29.84653609
19.70677893
41.37990035
128.84610428
70.83185718
114.80652441
12.37200492
-0.61627621
74.66247517
61.47057540
78.28368874
-5.03628344
5.98365641
84.43248885
14.78362094
33.68040541
43.44326696
26.02172969
17.47981768
63.28385313
29.33526250
46.34741030
16.26888384
44.21771783
21.76719032
0.00000000
103.62763102
18.98838777
114.29377637
6.93426207
24.94143299
31.09231045
3.34561280
26.21236535
29.43897860
97.42736771
37.04109923
94.04536311
28.01880270
118.88558194
72.61982381
101.41196441
89.36128433
48.81369403
41.41800629
46.04785352
31.19667945
33.57854157
19.22621241
66.94231280
27.50233698
38.53807832
34.04516428
2.59150607
55.45620869
33.71193955
52.24666229
37.09554611
57.27778991
