93.79827858
177.78314444
125.22314206
49.98748821
89.87790138
25.29883764
20.92815778
58.90251173
103.47171203
131.72683854
217.54141591
47.26204828
104.21004815
78.85476359
81.06667365
96.43612115
42.11020582
13.09772778
113.76476498
238.11454572
128.36929035
54.99803732
42.06376934
70.52494857
155.73306259
24.63238234
127.90006112
108.35434276
93.20420051
180.19386847
65.81293425
8.98430331
45.34730930
89.98052158
20.10725471
29.20421013
129.78467411
117.74703340
66.31789992
17.69721709
21.21742857
0.00000000
84.80758675
27.01459569
66.41184551
74.16345198
48.80374825
28.35707179
2.97230449
16.19797507
46.88969487
112.88867287
59.99233050
46.24504193
72.43910449
126.57668616
92.12260268
121.80039496
139.60163085
136.44059779
78.24807255
53.95114900
54.54835655
17.40275498
53.30729768
61.30456770
67.69160082
46.09265597
45.97137715
41.77016582
48.03910270
90.86357520
81.69917380
125.80892893
45.90105210
83.98072031
198.66947287
88.88249785
73.96101486
64.30758716
21.74336257
4.56053259
41.91572459
78.13753302
112.21097998
104.82968671
24.60947119
66.20766730
75.54247940
63.90327842
58.33797998
12.32783203
12.60680022
97.25492921
182.40324758
120.57092464
88.63715129
37.35601398
77.09159335
67.90110243
6.10254632
156.84655652
96.78438871
64.45862930
118.73489000
39.66594575
26.92085253
43.58224944
102.85567516
60.98238293
31.82170600
130.65791731
133.77473889
59.73895013
-1.54754436
-9.04431507
0.00000000
49.55272191
58.62110711
70.03604382
96.57270235
49.66316367
12.87158442
-7.53648458
10.08968469
47.32416755
87.49308727
57.19307773
34.88362254
56.05148914
-44.53874429
78.93090849
110.04577429
157.07472379
107.68910831
50.37940316
64.81446131
34.32836490
3.93419500
34.91349322
59.89012435
39.79309282
84.81823545
19.90907929
64.95173697
54.69510005
55.24400460
84.08644364
84.63791557
69.90736314
