-11.79468022
-34.28660191
-15.27620407
-55.52374276
-7.42305173
-8.78114106
-19.13773832
-35.52863835
-36.79000763
-8.83921284
26.92209909
-25.12022457
-21.94281420
-0.96153368
-32.21756068
-33.68403432
-33.78825870
-34.25506894
16.79542000
12.31147504
-12.14889136
0.22016606
-0.20419986
-29.03160923
-29.01601792
-67.37281479
15.45690273
-63.30747045
-29.75776695
-30.01533427
-18.24038459
-16.95219740
-41.61743884
-50.54257681
-44.25343524
-47.40029398
-24.47310722
-45.55282119
-9.93339801
0.37370822
-24.93315858
0.00000000
-62.06850312
-9.70611850
14.50868341
-48.11369660
-13.49075792
-24.35423545
-56.54247328
-10.56594289
-24.76802164
-26.27253663
11.12997210
-17.99829152
-14.80065798
-96.67055048
11.18442995
-24.39449938
53.92257382
-19.21736204
-0.88143452
16.74751407
14.67992772
-14.81888053
-24.56859566
23.78645243
-16.70596921
-8.67022788
5.25709700
-15.23568881
-3.24418184
-34.57496604
-15.06523576
-44.15216582
-14.24923224
-19.72177991
-64.68231429
-26.03077682
-74.51287364
-44.13409777
-19.85267777
-16.70847856
-29.70457961
-21.79146021
-1.62427214
30.84097588
-37.45502235
-75.36442871
-13.18804748
-31.77669161
-27.37455568
-28.96562426
-12.32452518
6.28282886
8.25963493
-6.78733109
15.76791679
-19.37239662
-44.75945473
-56.92166995
-34.94858019
-45.68297706
-42.58908940
-40.70891784
-17.18005301
-12.72121189
-12.68533547
-66.11831309
-50.43474328
-41.94235508
-46.83445733
-30.96995237
-51.17674777
-41.55812302
-13.87474330
-23.19174479
0.00000000
-66.64979043
-20.21580963
26.28181663
-43.33427811
-10.60525578
-16.37258450
-67.87685068
-21.11054831
-18.79820909
-41.93959477
-7.20832500
-43.57504898
-20.03284874
-67.30261879
0.97434749
-41.74165752
63.61635957
-29.20344865
-7.48173788
22.11580783
-29.02833577
-15.83150593
-12.35729340
31.72739246
-13.90419925
-21.95942016
-16.26005944
-12.98585674
-26.22815151
-13.58029270
-22.84885094
-49.27572853
-51.85712436
