-20.52225555
-14.12416592
-13.90850290
-51.91897920
-45.81987005
-16.84533010
-34.10373059
-11.10440588
-26.98111367
3.21693218
-6.23938487
-4.89837363
-42.08801127
-5.02889462
-31.12312725
-8.55627591
-31.50282161
-30.13540843
13.44315641
51.02602548
-19.51922503
15.30449348
0.89108572
-36.31732485
-42.18576164
-10.82696710
-23.65416395
-57.16969905
-26.79432661
-64.08345578
-46.01115400
-36.30184204
-65.30295661
-35.13457984
-9.22085176
-76.75128982
-29.15864719
-35.84635488
-13.99616353
11.94076321
-38.30415261
0.00000000
-49.96586926
7.75283446
-32.14987757
-26.20154327
-13.02160403
-16.24339311
7.39825111
-10.51475400
-5.76445839
-43.76949297
-22.05319487
-30.74821445
-44.11240285
19.38980923
-41.47590446
-42.26638575
16.90179977
-46.53817577
-24.65644507
1.32522500
-8.26122804
-19.59553312
-21.96851038
-40.85399836
-8.51090610
-30.08583859
-14.20061178
-21.48323266
-47.99259796
-22.43026726
-31.07170979
-25.02473406
-101.41105398
-53.02289970
-46.70206923
-15.91880967
-98.82455530
-12.51957721
-10.56450396
-29.52545978
-23.83028098
-31.23878462
4.92147334
22.25600190
-96.39363290
-51.62819508
-60.47231850
-62.60582390
-15.48675942
-24.84494501
-28.88356878
-14.39365734
32.29002134
-20.21583011
15.79878688
-15.19085538
-60.21846589
-45.89607842
-77.59448935
-63.17489689
-46.24548329
-48.73398624
-62.40222537
-37.95208021
-34.47515183
-108.46740164
-89.73671156
-36.88857092
-109.28441089
-5.85894515
-68.01838693
-29.21717110
-42.86814897
-28.27139573
0.00000000
-31.92528450
-17.30578558
-1.52024369
-42.82674491
-19.55433325
-17.36122107
5.56963280
-33.85150621
-21.76652803
-31.14934204
-57.33833433
-33.69482077
-37.51810782
-8.97636636
-51.70469475
-7.52787499
17.19709019
-91.32900087
-42.21673363
-1.60624544
-78.32609379
-26.33284770
-32.35391555
-39.17145489
-7.34131017
-71.50631790
-49.20905259
-31.59939085
-45.63156790
-36.14427446
-47.16836043
-68.81739153
-97.06953232
