21.60618376
50.79322001
118.04532782
7.79831795
20.94699847
-4.20260256
12.74983000
-11.21912992
28.95486950
31.96420824
-9.52320550
-36.92698164
-22.47690787
-40.92819070
-1.04809167
-1.94731064
26.89232820
-6.97333131
16.83615444
28.84985148
17.27370960
-5.35815114
8.02207347
6.47397653
41.44979471
-5.94087085
7.54387385
-3.12717936
-12.53247707
91.77257551
18.92057143
5.69142369
62.48590572
26.90593491
40.28252120
27.47674598
-7.26625715
20.64359954
10.78560807
-46.69161382
17.60331051
0.00000000
25.46327800
-10.05982156
-10.69693923
-25.44927686
11.65514582
-13.73056656
3.11413323
-9.22303437
-28.98136987
34.75760465
-21.23884987
4.00395391
1.57476975
8.69072723
-1.48217995
34.04370173
19.24929821
51.20099114
-7.17175039
13.70733200
-29.42403776
5.45168235
-5.97499871
50.63391003
-2.46977191
-11.74859299
-23.82183615
0.96343314
8.00738123
35.25363477
6.69998271
27.00434594
27.28209264
45.47658759
42.22682417
53.84599880
5.53885960
-4.20148620
-1.80618712
13.79304385
14.13748496
28.20049619
20.40125508
0.53912852
0.16018229
2.93549874
-25.26441477
11.97956148
18.60451117
72.71862033
16.12778327
23.86682216
55.39888216
29.70156545
3.94290215
6.43026421
32.70349247
0.43776925
20.66523553
37.84573502
29.97158906
-4.41809946
44.30171705
12.32023138
-30.88605103
40.33204186
49.14231305
23.31664318
16.38890140
17.92051682
27.13901168
-27.16379863
-70.49364445
10.36385594
0.00000000
22.98843029
-0.21721850
-3.04771899
-24.16974752
9.00119113
3.01764333
19.76236637
-11.22310398
-13.67440430
12.13263003
14.64818448
-26.16640516
-3.04971403
-67.33494299
-2.89166300
46.87706324
54.19335834
41.05515625
28.38463633
7.10775911
-13.69953248
11.36462867
13.46997888
30.98205333
7.35014899
13.01809735
-8.20578233
13.80575217
23.68111011
14.17400223
10.88901848
41.69119558
35.97462730
