60.67724281
44.74653577
55.91316511
36.10691423
49.30255156
20.24511666
72.37184419
47.85693794
32.71340320
6.33288452
114.77578097
27.52394963
35.99945997
32.30496815
82.50634577
71.44774521
32.17400319
31.22173080
30.46117585
58.99786086
58.74565107
21.34610820
20.61006098
37.87055676
60.94417711
49.53484951
86.54276623
85.58234743
62.35386838
100.28952894
18.20928811
23.98871116
58.47593362
36.89492540
7.59147044
47.69621343
58.99429228
31.46793234
40.35572313
18.01131818
17.29224432
0.00000000
56.66348040
14.69030954
79.57164736
50.16329155
61.41379065
8.82238152
-11.26421812
18.77857096
18.09800959
50.15861543
54.33429364
70.39733257
52.97001958
43.76452868
57.64893535
51.63251637
35.03780334
52.44905304
29.62660645
21.45869544
44.65469630
21.60080953
44.34063534
57.87131517
16.43785304
72.31959290
50.26115766
76.12062411
19.77831375
35.70915329
35.28854838
25.58970330
72.77146177
79.93712849
54.37041345
33.00763171
64.72092423
84.70286696
27.68480580
44.98376674
62.08554410
41.71043591
25.12492326
68.23025101
72.89305738
92.09325099
71.86704845
111.76257179
59.16311140
-22.48084977
-0.07028365
40.65562024
74.34354589
52.61847055
35.73424837
26.97896659
62.04158450
69.41417722
77.40131116
116.95032062
68.55730481
82.38167974
104.46348600
14.74145955
3.31163545
65.32664498
30.37803298
4.61123091
60.90262198
67.38811465
81.47071102
48.24402440
37.94420811
20.98268216
0.00000000
59.04994994
4.92477817
53.43314399
78.74116807
59.10260848
37.18493784
-15.86823140
29.93875781
34.73334885
38.87600735
69.57096467
103.45571902
68.98113221
67.48977600
99.42244812
28.68856482
58.48896265
68.02469831
37.73060050
14.63046107
94.49166824
17.92002691
52.63875911
53.24427405
22.73425499
108.24051376
66.70743723
85.85774838
16.80425967
49.77414349
83.26476201
58.81055241
72.52335309
