-33.02562372
57.24617132
71.41403668
16.94491745
-11.83143447
14.87632108
38.28544973
31.51709870
-33.81216477
0.66895792
28.74540938
31.15872998
-76.70583011
-0.80439018
55.49945156
-5.71371843
-5.82883535
20.69104629
-18.34026182
23.42174787
39.52632063
25.89477412
-24.46765730
-28.84208663
7.62394977
46.11382832
38.39564117
49.71733786
54.54996867
5.23844410
-60.19510238
-6.57933207
-24.53126690
-28.18153105
-26.82113428
2.85006155
27.75555389
-29.71801462
-50.97498727
11.00728001
9.69536442
0.00000000
-13.48556578
-19.62716278
-40.95641286
36.46340364
8.99113422
-26.63373391
-32.65748045
18.59787136
-10.78775142
36.62275798
18.79844824
23.64769228
23.46247587
-15.87118965
31.95739031
-64.41501521
-28.88537836
0.81613608
22.79733634
-6.01608801
-16.72669516
-22.48693820
-17.37485679
-37.35007733
8.12007256
39.56111692
20.57538845
28.91162422
-20.18854892
-33.54481217
10.81621274
-27.47734013
-5.17578739
-25.71170846
12.57746314
46.49934840
-40.52856236
16.85829563
0.15422527
12.84622415
14.94051908
-7.82964944
-12.44477455
-29.49086464
18.43918626
-62.39507172
-29.39544739
58.97117181
24.23471726
-106.23645408
-14.23704205
-17.77997448
-22.87758683
10.38582737
-34.51395279
-16.92959598
-65.00670133
-4.24346359
6.57420034
-54.33211389
-3.53245214
11.50315489
7.14623477
-47.85877138
-1.70412019
-55.30704656
-40.44663825
-66.61222436
-34.91859708
15.13384693
-35.88148641
-43.03403664
34.78270844
-18.08886217
0.00000000
-66.41570044
-30.00792045
-50.67861762
9.85777667
16.40677892
-9.97723328
-59.77514754
12.67459250
-26.59718641
-55.42184542
-2.17713517
76.11239647
41.30782580
75.99173805
6.53521428
-102.35973880
-19.76991834
-21.12923022
-8.97936512
-13.90507008
-10.93055241
-44.14654152
-13.19078851
-15.34218040
6.27528431
28.36989497
13.91246107
14.42355465
-43.42142449
0.88022254
-7.97869633
-25.28831157
-58.68898182
