7.11483571
36.96489770
-8.64247109
-16.77747993
12.24942264
-7.32072083
-9.39631102
-11.91363517
9.39147437
-1.29806062
12.15704161
-19.90261505
2.95290003
-21.84624375
9.18284665
-8.97954039
-66.09554043
-50.79410177
31.79878580
27.11465473
-12.44894428
8.24298974
-15.18513780
-3.32291598
47.81018987
-11.12544551
28.69251503
-19.68534006
-0.86659945
6.84713131
15.79385449
-27.66996875
-20.88768186
-24.17880903
-30.21515146
-7.71083981
9.58027691
12.79998670
-22.21437408
-47.29402562
-10.33403120
0.00000000
64.56751376
-2.84986841
4.47062684
-14.66334533
3.78240622
-17.28045400
-29.07550436
-16.54937386
-11.14998148
9.40613639
3.80407188
2.43896966
21.58445991
-5.86038266
32.62062839
43.97827851
3.01015409
-23.34797500
0.75301397
-6.51495506
1.06148062
-8.37804080
-4.34531376
9.73891754
1.64060277
12.93432383
3.01177705
12.59873138
6.43061518
12.18533456
14.88185694
-5.73608500
5.91284767
28.78523327
28.62157768
7.15518972
-24.98251306
-13.15053438
-10.40800497
-5.26568914
-4.43560400
20.60017081
-7.89588610
3.56981080
-3.14041824
-17.49133059
14.04140072
18.37383145
12.32551536
0.64512446
-11.41630118
42.27199526
38.31368764
-7.44476053
-8.74297997
-19.24786743
-2.51813461
32.89114545
-18.25300909
-3.53599577
-15.34263446
6.29976246
8.78218969
17.20818857
6.44955049
-14.63729336
-23.93593311
-27.40539217
-49.41463180
-22.47347870
-6.18961016
-27.35841232
6.01085002
-6.83099774
0.00000000
55.11672846
-7.88703299
-3.67960736
-15.45639042
-3.17836311
-27.00600657
-18.37315906
-20.46096230
-19.48877436
0.92096877
10.28927673
-6.34889729
25.40451285
15.42327134
15.10874112
55.71823811
4.57964612
-20.12737068
-12.02920225
-13.34435673
-12.42359527
-8.92782034
-4.95315122
13.56868436
2.81438302
0.35358074
-3.27288931
7.41554838
-5.26279754
14.52062360
-0.21187663
0.97515769
-20.46282458
