5.68701809
5.97934358
-31.03740362
14.06472908
9.76764520
16.00484867
2.91361469
4.25795240
27.79027111
29.23903495
-0.86551836
-5.23148565
22.14442662
4.29869526
-18.94558038
-8.25224614
21.89458877
21.63708418
24.79289149
13.42940100
3.72245943
11.75444760
3.88104679
-0.71878696
-21.95854571
-5.20509853
-11.89354324
10.14868098
8.44261311
-5.64755700
10.15791342
30.63190333
-10.86755070
17.61325186
-0.56863150
32.28732211
-11.88718523
-3.96187820
11.82337367
8.50099753
17.50871748
0.00000000
-7.44167961
0.30412824
27.46321331
21.03878033
8.96381290
-13.84662912
-12.50574663
-0.65271707
3.26302466
20.77370924
-13.26644983
2.32672741
-8.14435278
8.50554235
-7.71772197
42.53854036
40.92251189
28.42833625
-2.03939090
-2.07227516
-10.18615012
7.27711936
-13.11444566
27.72698566
20.36397536
-0.59009321
-8.23786135
-2.11607337
12.52283623
8.09229874
-10.27251505
7.61747132
-0.62249906
17.97383808
-0.69313530
-32.00278902
19.67163769
25.01347166
-0.43353156
-1.80774418
9.97208033
22.62802417
27.39564996
2.05224401
-3.05204051
-15.40630887
9.96722244
-5.28380710
-4.86969862
-47.92083284
-15.77440347
-9.83332894
10.63221974
11.80577627
21.16741950
19.00787315
-18.45228285
-15.55888082
-19.23845157
47.22410384
5.46658221
11.08787786
19.57026746
2.71503052
1.89976796
24.03587339
15.51237380
-13.03539495
-1.32669315
-47.02514678
-32.48635711
-2.57041666
-24.72861536
0.51229754
0.00000000
-2.72911943
-6.90909926
25.99535544
20.46036190
10.54694826
9.90193989
-42.74257854
11.98336321
-11.82799127
38.69854673
6.20221175
3.78412712
0.14478394
-9.47289605
28.05727333
50.43610471
29.84650852
2.57242164
17.96215828
6.98196443
-5.82273463
2.54132430
-14.80202982
13.35671431
19.21542300
19.55629569
12.68115311
5.54425713
-14.76983999
14.50080306
-37.05729951
2.47301737
41.46018490
