92.77702537
129.54952533
117.28055329
117.91131930
95.89377607
55.17024269
32.08110016
44.93778620
86.50750980
117.46811363
168.85105856
87.19277185
110.04773464
109.26340371
60.79646714
92.15580798
93.64889528
67.72278998
76.97450864
192.53127057
113.87520212
37.24257636
25.44557818
78.60749706
112.21623232
39.87502383
58.30537817
134.70604285
79.28472368
163.05444905
81.31295129
39.93027269
110.15299860
98.88837643
28.47005549
58.90956937
94.77543914
90.30022383
80.20584506
57.02727862
43.87116123
0.00000000
47.77247713
1.12158984
26.76621321
77.44635586
20.84595134
55.20133899
16.31752346
40.26465805
12.98785131
97.71988373
46.58877675
48.96655045
51.33050732
122.82838323
45.54185311
37.51478606
46.33871076
132.34748249
56.40484422
40.49220059
65.49086468
33.51927593
61.98720500
51.59541893
58.11540831
26.59726449
34.90438871
21.13084001
82.89795943
76.24333947
54.30666731
117.12057369
70.94294044
64.56819456
142.24968885
75.75780224
111.02692769
82.41698246
33.36427844
12.58517860
27.01665771
60.64434092
91.19007991
74.91331177
52.23774624
79.14261536
69.77454484
28.63209894
58.40020898
62.08957456
63.13079957
36.34844848
103.60854883
78.14638193
60.84246487
32.85308292
69.19441665
64.26986354
47.15301960
119.09519706
105.83305457
44.49005885
103.08129674
43.73617785
49.72024353
90.45102698
121.85853850
82.37630691
96.47312666
93.90888303
119.72551119
75.31361911
28.70051414
16.36481367
0.00000000
-12.67569731
58.71661623
41.82617157
97.70909975
37.97851514
32.41923739
8.53319424
43.15210278
24.87378141
36.52066684
12.35598535
43.38548346
39.50939031
-52.00238682
29.67550644
-12.80023560
63.98073736
97.13190207
31.03414361
51.76905214
51.77929911
17.06849943
16.17515765
51.41140892
29.73027611
70.59789185
3.54884833
44.78695467
87.06572559
36.67819999
48.80031684
95.04676776
108.06634408
