-74.21480805
-178.04823053
-124.11587552
-73.57499828
-68.45055212
-44.68501013
-82.91495383
-77.04747528
-68.94789234
-76.99290321
-167.96712030
-86.04357155
-74.09176966
-68.67013597
-118.69488215
-121.21160003
-19.89001636
-20.92171601
-121.84475785
-201.90652082
-134.95810815
-126.35214015
-38.66835159
-51.08136022
-85.02867604
-97.23479173
-127.49925089
-137.84818476
-107.40485442
-139.53400159
-16.10293839
-16.29505535
-55.39289616
-90.76855649
-10.38340051
-92.00835652
-119.48353272
-96.19484810
-39.42740099
-36.93564198
-20.92908049
0.00000000
-146.54850357
-46.00882621
-93.12858254
-71.20642046
-81.96066065
-50.19783142
-3.50494603
-34.39897996
-45.21847928
-117.50260650
-67.12467985
-104.68061362
-70.59431774
-154.41174061
-73.46184261
-138.97553961
-131.58797872
-120.18581660
-54.64194405
-50.87319127
-59.57869710
-11.25313626
-67.15025750
-66.47692778
-64.42232777
-74.87232926
-52.31315629
-87.55730175
-48.21665791
-65.60064871
-63.48187057
-78.06765114
-64.34813891
-47.99990124
-172.76945642
-100.07555864
-66.16435964
-127.97665967
-45.10179551
-50.01959090
-66.01539083
-57.98397196
-65.18347201
-159.39837388
-74.63413429
-74.24603274
-74.01682445
-98.79538569
-86.39056504
-35.04511849
-47.49180601
-62.71440841
-216.41627133
-111.48338225
-103.67254433
-25.27754265
-55.01318353
-44.04269400
-65.75388552
-167.95759713
-45.08452860
-81.78580619
-148.89408881
-7.07782912
-52.38448204
-48.48321595
-55.48432731
-42.12641167
-20.78231492
-95.80334201
-60.65046975
-53.56916983
-31.83624046
-30.56512010
0.00000000
-147.96889828
-52.68381796
-107.51549402
-73.16951231
-58.19996734
-19.44495707
-18.39553466
-32.49609890
-31.83009400
-93.77101308
-58.61117487
-125.57496436
-63.60002980
-105.30180705
-83.50753981
-141.72818554
-135.48629057
-81.12742479
-42.95139367
-40.10716944
-93.36326076
-32.77724711
-56.96237303
-57.43440520
-57.24588759
-102.97916268
-55.76329725
-81.75267200
-45.53229805
-51.43289097
-56.93025742
-49.38787062
-55.96846355
