-1.84768367
-42.57652199
-70.61328470
-30.08176712
-14.81913690
-9.83848264
-27.52744812
-24.69882807
-10.29540810
-2.76072772
-65.95173496
-21.12778383
-13.90585565
-16.47344492
-35.91523034
-22.48961915
-24.25512520
-16.13620261
-42.98518694
-48.15908641
-4.05532835
-54.50943754
2.27242327
-10.88988369
-34.67955157
-58.80329311
-53.01300960
-19.86755744
-18.62082383
-68.69098037
14.76269786
4.71205463
-58.70612094
-26.86681824
-28.08578844
-62.43018101
28.28575322
-14.13921126
-12.04605816
-16.84935934
-22.82139263
0.00000000
-20.06149339
-0.10635293
-48.43603247
-13.60677373
-29.46726890
0.43856702
11.13254150
-8.51351054
10.42877600
-59.53665094
-1.02945736
-25.74635456
-23.07464960
-66.51262550
-31.92178901
-45.96859436
-60.40063442
-31.70493920
12.18850797
-12.71012573
2.84466784
4.36868818
-12.57237735
-55.91437955
-1.26034805
-11.83347163
-15.34648709
-31.81339875
-9.11393828
-13.89593938
2.43354837
-16.38208482
-51.09462581
-2.12362761
-67.35379811
-54.81263880
-13.99832766
-32.46301681
-8.13760104
-24.71576000
-24.01227742
-19.49219223
-6.44547908
-44.70785084
-10.91889160
-19.61305669
44.57485411
-32.42561973
-22.54033234
-11.19597992
-51.90827898
-52.06940619
-64.85915972
-27.40590187
-35.76357484
3.87041679
-8.29285223
-59.58076005
-31.08007633
-64.92061938
-9.08099531
-16.32145623
-72.04367503
5.33922294
-5.66168528
-37.81083037
-28.52131356
7.98656590
-29.43890846
-19.85186423
-11.81803489
11.99628279
21.98852412
-17.19494526
0.00000000
-20.15906988
10.94005662
-43.06617362
-15.58394447
-27.59915244
-38.30096160
31.44346043
-2.06952365
24.42979262
-16.95069850
20.74554492
-63.15371763
-23.32848344
-104.94307286
-37.46682295
-52.89812651
-73.34840785
-26.09402135
-1.41394432
-22.25189150
6.50325643
1.56872861
-8.83070288
-44.24683813
-10.64376489
-29.79561251
-10.04121692
-27.53679681
-28.73155521
-24.25924493
8.71064537
-43.00223908
-37.27673046
