26.34762112
-43.52214533
-36.06221013
-56.98077463
26.27835317
-19.94700639
-16.28163626
-24.53820812
-21.20890356
-12.35695628
38.65296882
-27.51816821
-8.51509899
0.38287352
-3.48627559
-37.75163113
-22.96950452
-18.35469766
17.52270971
23.19210123
-23.20610439
-0.58094410
-7.41918817
-15.25162379
-0.86878599
-64.02431533
37.66643450
-62.54265399
-30.31165698
5.88723991
1.69236155
-20.10075056
-53.15492481
-64.44095540
-45.82416514
-82.52801691
-13.45307039
-30.31598836
-21.14489861
-14.77945883
-30.94571458
0.00000000
-58.07458102
-9.32537040
3.87619029
-44.18728403
-4.22933832
-33.00242340
-42.43454263
-8.91517997
-10.95868198
-20.13455692
43.37785017
-3.70987196
2.98172373
-117.22302647
35.45033447
-24.98744191
58.02618108
-33.69761323
14.59404989
21.10713957
49.51719627
-21.11968535
-18.52697349
34.93841198
-15.17191100
6.97638493
23.86203866
-7.24571458
-23.78762378
-15.28080217
4.81541243
-38.56562009
-37.57885767
70.77781942
-40.32208005
-24.23896600
-56.25545966
-17.21346648
-17.32416088
-16.62092948
-18.02042722
-7.95328547
8.11689923
27.60763430
-8.63505197
-58.76621816
28.65663238
13.05363136
-24.95607413
-50.99880810
-37.60362155
36.05423517
42.73133629
-2.25195659
13.06109032
-21.99005680
-10.17263377
-24.65413684
-15.35067056
-17.16900071
-20.08649473
-15.61326182
2.72016039
15.09657559
-8.40341043
-38.71424181
-54.18323307
-61.41606419
-41.44038941
-32.27780624
-26.26426432
-38.96313661
37.41705959
-7.93425592
0.00000000
-32.79478705
-24.14866266
14.16444945
-38.54605374
1.73010475
-27.74475989
-76.82654552
-11.33225500
-17.82153768
-11.19046357
35.71135020
-22.70056075
-9.84746140
-57.75185261
29.29858398
-1.78129122
82.41266985
-17.94541524
9.89084765
22.74244520
28.90477960
-5.66482402
1.47885088
35.79316922
-13.03758823
-7.24045356
5.68332158
-16.17224793
-23.61955458
2.52852932
-5.11032596
-37.96364042
-46.74445937
