10.18296628
7.06208126
-9.70472860
-52.47771733
8.19843781
-14.84322504
-14.63173405
2.78530727
-2.16036328
11.05886004
4.19094911
-2.50002535
31.15084171
10.98896228
35.72433047
-7.58929031
10.21582476
21.81886761
61.40512717
50.18205303
6.86158173
-6.87991070
-8.47753261
11.83504676
99.47458204
18.08655953
83.64129210
-10.63891416
-8.78032428
70.20407527
-6.86718607
18.02202269
-38.61052905
-28.23941377
6.22771115
-73.93271828
35.48387619
43.60490764
5.97356801
2.45042608
-19.34213124
0.00000000
39.11754202
0.88169731
-8.86154494
-24.01722029
7.58654858
-7.35597826
10.07796459
-7.63306315
12.49872849
39.16689072
36.39741309
-5.65507213
31.38821388
43.17689434
73.65398020
21.85222565
18.99766327
-16.47995181
38.31390291
6.12617723
50.00366276
2.77618584
15.27906360
-14.43157222
3.63917058
40.60772708
28.70761697
13.31913895
-12.22098439
26.81325032
45.49696382
17.14122560
-26.59447573
27.57804799
22.76890191
-8.05693487
-55.61389402
-25.14338929
-3.51612733
-16.47002229
-6.95580018
15.05032665
30.79616953
1.18451089
-4.82039955
-34.85660853
49.48365218
58.82030099
16.33904680
-100.86045729
-60.27296602
68.27054164
52.14571254
23.35612288
-9.50424999
-5.24203411
2.56731842
74.98348022
-22.08099252
41.96489847
-2.75259682
-6.79842628
36.58094487
4.23429841
17.13401975
5.97777208
-13.89034534
-32.84204678
-34.88088251
36.12820629
70.29699013
-33.36083231
65.90058646
-22.76251620
0.00000000
49.25413899
-11.37872473
-16.76219205
-10.88246598
4.42296749
-25.63483087
-37.58540497
-15.50124651
9.55705058
19.75876014
48.60246285
8.03623513
57.05866524
38.08572117
70.74953788
60.04485221
45.49049851
18.22780098
26.19260451
7.79401776
-10.09388859
-7.26691409
13.64295552
-3.81775963
-2.50562322
21.23702646
15.01796153
0.34824007
0.35119730
22.30903919
60.41038357
30.67660455
-28.77139143
