-25.21666480
-11.70831788
-42.60689641
-79.90494450
-15.13196391
3.88889223
1.95338262
-15.87227431
3.16974216
12.59024573
50.58914210
-6.83473613
7.65165011
-1.88058872
-8.76950471
-20.10088099
19.91463866
32.07104298
-7.26316554
130.66266219
15.17773475
59.88809694
-0.71685151
-21.63902102
-33.40111813
-6.59026595
-28.57813143
-108.79555413
-44.63005614
-7.31755381
-32.24278398
39.12327027
-108.84372254
-33.92784736
9.67923082
-61.47634030
-47.54387797
-9.63899478
-26.79309289
-2.94877282
-37.59149810
0.00000000
88.15409597
16.91165057
63.97054439
-65.99825911
-2.44197933
7.35783146
-5.48004372
-9.09897001
10.16361728
31.20074372
-2.34744461
3.58641907
-29.66543360
3.33598777
-30.99622126
40.99597788
28.99021008
-35.51705184
-21.07046041
4.26593224
17.86250142
-7.49793180
-31.73120150
7.94196477
12.40483801
-44.73508173
-13.25047600
-23.18383808
-4.88497135
-10.53987751
-18.32250078
-27.66032998
-67.75098796
-10.49802670
-10.59507525
-29.37607245
-59.83783170
17.52491198
5.97733833
-3.80062929
-11.63165469
11.30436241
20.85926905
113.02907174
-14.04486927
8.53431134
41.59181343
-15.31058142
-58.34802695
-109.29861869
-44.45178497
14.04114360
113.37100564
31.47788448
76.89920822
1.95976162
-20.66231213
4.00293107
-8.62529972
-20.75782115
-68.67069985
-30.72303288
35.34597954
-15.87205337
14.03941796
-64.14074332
-17.41622202
-25.96478064
-31.94891509
-30.18777342
-17.29084419
2.50997897
17.20931907
-16.61491819
0.00000000
121.57816772
22.93552505
87.36617841
-67.08240219
-8.76980347
-8.56438198
-33.18105094
1.46355404
15.01931760
72.38310780
22.09334768
-12.99723144
-81.31335456
73.92890876
-32.69850215
73.54036158
38.95470855
-0.43402515
5.60138550
28.42157870
20.28314266
13.36186964
4.54806823
12.03109381
9.46392412
-40.81666752
6.04407872
-31.98959983
3.77347810
13.61312898
-32.34282707
-1.11192539
-59.66617669
