14.00459578
-30.85336710
16.08811360
120.63081278
4.38778374
13.90373761
35.64144840
18.97203663
-14.86126666
-24.56706697
-31.72460050
16.00983384
36.54229546
2.40568137
-14.91254589
26.11386916
58.09874767
10.12030377
-33.23032413
-60.19454470
-15.89822457
-29.06736550
19.36788902
31.96596454
-56.42561907
-1.59690110
-2.14511444
89.93831196
38.70948524
-27.48274068
28.28054643
14.76762967
95.04301364
19.29108145
24.73139362
59.90466216
-10.91936555
-13.78944758
-3.53253788
-22.94960222
22.74669059
0.00000000
-17.56317399
-22.34172594
-6.12311993
56.02367140
7.90760400
-0.66330265
24.22409711
10.42325020
18.91377249
-16.74996884
0.95098544
26.12322315
-2.04774531
-92.28781900
0.35805219
-71.75803010
-33.83272279
-3.54208279
9.36420394
-4.68966219
14.49790321
23.47352505
20.79961296
2.67124835
-5.51229822
19.11842603
-6.41712467
4.71389441
28.41164658
-15.84507477
-7.71231747
-35.00841180
63.63887766
32.70554879
-0.20894382
38.25952394
126.76358801
42.79485545
19.96963902
31.60093860
14.80183693
0.77318168
-11.62570346
-44.41273996
63.99116816
61.58887395
63.98189040
3.92154754
-2.63623601
114.76514034
68.61021871
-16.99451235
-113.05076591
5.72811634
-16.60251874
50.98984803
68.12989970
-14.95604450
98.35160397
55.39650830
45.35170320
20.26638306
19.71585161
29.96311868
4.95694510
88.39735695
34.70667825
68.42733445
106.42720631
16.22988902
8.14032495
39.50390914
11.65432828
27.60995505
0.00000000
-56.61307213
33.59092710
-19.60819863
55.62998123
16.23464660
42.62133525
33.16673563
34.46033714
39.19336395
-19.88427659
10.63986041
27.83476122
-29.95499417
-6.20855806
16.57494168
-83.06846959
-66.63697530
23.11798545
18.74792009
14.68383141
116.12770308
39.13117665
8.30074804
8.86759853
1.23795523
63.41508930
22.76705882
10.65610628
54.47449335
0.99803396
1.16738259
-1.80685261
74.29449664
