14.47001910
144.20540373
37.38521469
-48.82245001
21.52568078
7.62367291
25.19921463
19.90164145
48.47983154
33.43632203
174.53465894
10.20361113
2.12363951
-6.74667735
47.87546060
43.67264637
-34.16371368
-27.65810309
78.69126334
229.47731890
61.43310774
153.31727848
1.78869011
1.37038597
50.25654169
31.78468431
4.65899540
-64.49182307
-4.13551790
66.67160445
0.49107906
-16.12530900
-8.57660727
-23.73519974
-12.19216090
-1.51961007
14.12938014
24.14431095
4.08364547
12.78282048
-14.99334518
0.00000000
208.09158706
7.99724095
140.33204403
-14.77048406
17.45775779
13.15765187
-4.73873125
-11.51664468
-10.48024576
111.71353668
-6.45871568
30.82291881
29.52745290
105.53790066
22.29856942
179.03698991
111.24873701
17.40312823
-0.66849228
36.28451536
-17.97027079
-21.13079853
-1.22401999
50.25898615
28.19632947
-24.45271264
-0.77384096
-1.52409845
-5.09020575
18.95611008
13.04995655
13.63565518
-9.14033327
99.04902345
145.94955653
21.72909871
-42.48969290
65.05709999
11.81032593
14.19736934
9.30961418
42.91699097
47.29478922
163.31640731
16.80651737
72.43332705
45.77385361
61.19106833
32.66564285
23.61191832
16.36363855
87.30413770
201.48573398
55.16904563
157.59147789
-1.83653024
72.18314808
75.48012356
-9.06672451
-2.99722654
-45.59358050
-0.44900061
66.67491182
-0.16338248
-11.30014228
11.50836398
18.83210519
14.06143758
-4.24336738
35.82949740
30.07999857
23.51737357
39.75031562
1.48016673
0.00000000
181.69401706
6.56916865
168.65683522
-19.88326386
6.81459053
13.86960453
37.64354452
-1.01932378
7.12012367
129.69511900
27.77330117
57.64931274
22.77878203
86.41584186
-4.89955276
204.33673125
91.29412084
30.07924324
5.48718346
30.10725047
62.64490680
6.90111487
17.69620499
59.36360454
29.03524854
-47.90287842
6.27582175
-6.28793283
-15.86455549
30.09001811
30.12284735
36.92893692
20.46526709
