25.50003077
17.58349701
16.79673178
-46.61703621
2.36195512
-12.85069484
-17.37838287
-3.31713494
-23.21379355
7.59707854
-23.70958740
6.36319073
50.05572714
16.55675876
53.21211912
8.22824542
48.83962446
32.03309746
32.03913637
27.96866259
16.93631433
-13.71760503
1.35388604
24.24754114
101.86586882
30.74650084
69.04927970
-0.17650286
-0.06762195
52.74387062
-10.47151223
17.65005155
11.31747377
-7.93514272
47.86183584
-56.54418187
44.43259759
42.21623065
26.66187152
18.52994417
-8.37563405
0.00000000
38.49699819
1.43597884
-23.48853362
-16.73579916
-7.37497414
2.02557365
35.88550057
-4.12266328
2.95312985
35.09997078
32.82243925
-3.14984394
39.90601899
87.17187890
64.34789558
34.76521713
-9.94050164
-0.14956544
30.04532301
-3.58637121
62.49540507
7.66529168
24.22149992
-44.62170758
-6.73205075
41.15898173
17.10379784
19.57080369
-7.45311744
14.99702245
44.36313455
25.50604659
-2.00180933
20.46996335
27.63517387
4.48016093
-50.20873819
-25.09439773
-3.53151884
-5.29910118
-5.99126870
0.45619353
3.38301400
-30.74411159
-18.50151873
-19.33197949
22.10398032
55.72345269
7.50443907
-30.34030996
-13.92906235
37.67147171
30.45470540
18.30404315
-34.14791255
-2.68638254
23.72639801
81.11027160
-14.07648619
30.29787147
7.43333062
-6.92282205
18.90667575
-3.95651661
14.42101282
4.91903417
1.60948404
-16.46225165
1.70458269
47.83454241
67.56823144
-29.96966020
44.24382961
-17.57207847
0.00000000
15.39898262
-11.85333764
-39.82242100
-2.06367373
2.96312861
-10.14993405
-23.33095033
-27.83473040
7.28108197
-9.81947318
16.64730562
29.08752764
56.64947053
42.27026179
55.34942645
28.85233900
14.40880813
12.11499925
5.71140972
5.96301615
-11.08365820
-3.14890961
14.54033094
-25.18151588
-5.28613074
22.02242503
0.02782497
5.93967205
1.00207295
7.58262110
57.20340344
29.97937303
-20.19657664
