-32.58949285
-39.30239494
-51.96723956
2.29723435
-66.56722344
-27.39694360
-16.94147064
-7.50569220
-23.26730502
-7.06960126
-39.94012832
-45.55345981
15.22242805
-45.76394300
-57.52102739
-52.73813002
-43.98091394
-53.36761944
-98.14807175
-147.31226884
22.37191190
-47.17928277
11.81823358
13.49907455
-62.94473317
-20.39889813
-18.40392937
14.88516096
-34.30884506
-39.66678473
-28.61776508
-34.04415605
-28.33440578
70.17659063
-4.62155725
34.78096157
47.37770070
31.06215889
-22.87868663
-43.10511399
-5.16286308
0.00000000
-150.02730520
23.87311161
-40.06836507
-14.29726162
-12.01470771
-12.12202562
-3.14675777
-23.66761250
48.20798905
-24.97636095
-24.10741204
-38.45023063
-38.21179986
-74.17383123
-12.50250237
-71.78384539
-33.48006011
9.52086952
10.58779855
-4.69202059
-4.09514828
-16.17757963
28.44443542
-13.47262236
-7.61571931
-18.39172359
-27.16083636
-21.50904793
-0.80119431
-24.54600589
18.43896836
17.74405276
46.41809990
-40.90263769
8.31762528
-0.41323500
29.46658292
-39.36396964
-12.58342563
-11.61075842
-6.97046985
-22.66643046
-20.43719633
-72.46648980
-11.20098917
37.64721157
-37.73485571
-72.96904851
-75.33027837
14.35519516
7.31102334
-68.37080727
-96.08249194
30.84842987
-47.96021600
31.39513249
44.21285172
-70.19238920
8.24709472
-35.56344192
-36.25091007
-53.87009450
-15.43108958
-24.91366838
-5.86899945
-8.71697696
68.76662642
96.45086799
13.24178003
24.03062186
37.55674302
1.88793800
-21.54366307
-9.14584628
0.00000000
-94.53457945
71.89744230
-45.12668963
1.06952367
-22.59424745
-4.50900058
28.99725087
-12.02659531
50.91272814
-21.00313332
-46.72792551
-14.78957590
-69.87650560
-67.83435177
-25.54245863
-111.87425180
-20.31460023
-0.11653699
16.11229184
9.84743273
45.04864734
24.64575410
22.83283538
-3.03711461
-10.90718941
0.06009305
-24.40332731
-21.35527999
23.49361303
-27.95765005
24.04487254
-9.16427684
-34.52041941
