62.24489856
-43.20463943
-1.81568450
37.66767275
45.11802698
5.43860457
-2.19368663
4.43570499
34.24683202
11.32275527
-2.33212568
16.97954579
111.38103376
107.77900527
7.08892638
44.29422892
-12.51716681
-34.80154964
-16.86281268
-44.72712874
-32.01265273
-29.55539737
-7.27928846
47.54000301
34.15218856
1.24817058
35.38504875
58.56568384
36.50405953
40.48942563
40.37412791
-22.06712302
24.56319920
48.65118421
14.41118297
38.42840765
7.26271912
59.27998542
76.34108552
51.83248966
16.79042335
0.00000000
-76.00313185
13.55780991
-8.34981092
30.76436502
29.23407901
9.27613491
-2.98443407
7.78001889
5.71548075
-20.98702754
48.20885687
-13.15057241
22.57256120
39.51155240
2.40772099
-44.52980722
-16.61915907
27.49611025
13.42544023
-4.77662944
66.22359586
11.06191536
40.62719384
23.42717093
3.58430135
29.58511656
33.28399818
22.93997895
31.69957187
55.06884291
18.05561653
71.07075701
48.93133702
60.61954811
-32.53937141
3.98723258
36.55181410
8.99336721
0.91025621
-4.58182017
1.84969722
12.95389064
-15.81969982
-19.84508298
3.72823125
39.54453062
66.02949105
-26.08909598
-3.66848584
23.87267927
-9.65359732
-0.33325549
-7.46160996
-31.02007176
-47.69714913
-8.36251362
60.01970501
-35.52837932
-9.61685513
24.49352769
33.45613912
1.63319965
-1.88214818
21.39859406
-0.97378787
27.16179692
25.09563661
-2.41433883
-27.79915834
-23.01624537
-14.49392878
32.04391098
7.98370912
11.62894085
0.00000000
-61.11188818
1.23349876
-37.94705137
15.66642244
17.67257078
1.00318237
-17.93052419
-7.90574984
-16.32089305
-64.77490912
6.39275061
-45.10636485
-4.60030262
-108.56702700
-10.47223812
-51.38517270
1.52065928
14.98060144
1.96902315
-14.22249268
39.30719225
-4.50061899
35.51174433
-2.14953229
-7.71902998
36.08333158
1.23145036
14.67144121
24.28766612
19.28349117
-14.68822631
3.43794494
-8.09307779
