27.92764211
31.54455405
50.05477098
94.33867246
24.41077381
18.03472740
26.46424947
7.91176043
14.96846868
-1.75148013
69.82341899
32.29225669
17.25082395
44.65753618
36.51911825
39.74965486
-3.19053680
5.12211434
9.08009107
110.47577940
19.71028363
50.22780922
-0.49443952
17.14371500
9.52939194
30.90660551
-4.80486061
83.55382103
45.24059419
52.51649032
16.47059266
2.18790799
44.23004723
41.87131499
-6.30945553
30.42867617
-27.16627429
0.32152727
30.18327306
46.01930125
33.43738233
0.00000000
24.54403355
5.41626995
25.61337769
71.06485237
6.58354780
11.96858639
3.54862979
27.14389174
-17.24373706
57.36388032
18.63758561
40.11593603
21.25599422
74.41831588
-5.72729517
-3.78697598
36.72091815
30.35204075
5.59256743
34.36240679
37.54285296
7.27220302
27.05402853
32.27819057
-1.47424641
13.73553321
16.51452904
22.08921219
17.95035484
17.91000805
-7.39498098
34.13034340
35.87110580
11.51212960
2.98207329
31.45090118
68.76848227
45.39813834
13.60159565
25.38632786
21.83521656
5.04175985
-6.66849150
60.91154043
-2.27401848
-30.09502498
-14.39425017
-17.27595732
22.48807594
46.41151337
17.48232116
-8.27617573
26.73233223
1.83388105
27.44789273
15.69928090
6.68283747
-12.98253998
-11.67698454
-0.73357291
34.71008555
15.63157507
29.12267704
-0.99790869
7.32810894
58.58657380
36.20850669
42.37895917
34.20914339
-21.59108712
-5.06866444
-2.49738939
-20.21804597
22.24357474
0.00000000
-21.88015224
19.80744295
35.25596576
52.33613307
22.38345452
12.30555550
24.36538866
5.45138179
6.06426839
13.70412350
-44.06109216
37.82063992
11.53008826
-50.43697466
-25.10707213
-0.80920480
0.53415766
18.36027426
7.28286352
12.76026008
47.22412098
17.23679730
-0.17942578
24.34778746
8.13199791
2.54832312
-26.04509515
22.19329241
39.17312491
-0.60888003
-14.97166606
-3.17317549
29.38117741
