47.82592708
51.92314461
54.74794073
13.54748360
39.93459791
25.88778272
2.95593430
6.30480401
48.55925259
41.70258807
127.87986101
34.86921381
56.73592756
48.46782095
24.19518561
9.18347860
20.28794221
2.02862675
50.29731729
116.52763808
38.41936702
65.26187027
13.81254751
33.31546275
67.31761058
40.70870164
30.61536254
10.15744291
-2.51884208
97.52723823
41.38218572
2.15006563
27.64874259
35.79006605
3.60594697
58.23728481
25.11074965
63.51080532
45.20104873
27.96090167
10.58559202
0.00000000
52.34391365
-8.27497363
68.62718163
-0.48667105
22.35624291
2.78548342
-18.04552718
-0.51922032
-21.73589715
64.93571253
9.69493055
12.89157508
23.73614798
103.32404413
24.25872049
59.05106042
82.25296196
26.97286327
-1.06558139
46.49765914
9.56280723
11.74753761
17.47124032
75.41685829
17.15847786
-1.91861287
7.23916350
-1.48088577
26.57059101
43.15674524
19.56365980
48.65656617
25.54063913
74.51313773
67.60007008
20.99755088
25.27568853
48.54833026
10.51192974
4.62005602
5.81382659
28.28484144
35.98064474
98.97031233
32.27941777
94.08253906
44.54574632
35.72373789
22.87316396
53.49004781
45.11985645
50.72383484
109.84967856
40.43618022
86.85809733
-5.33009704
76.03840634
40.03243532
36.10575927
49.02175627
20.42867224
5.91621660
55.90238846
26.20256440
-13.29888709
38.40624917
42.96141983
21.90889296
44.15961661
37.87538534
48.77173414
59.36742671
32.75635396
9.72795524
0.00000000
49.35769867
-5.28419042
76.35474078
4.27219645
14.14208974
38.60916053
24.71615549
5.23191534
-11.04067666
61.96252048
14.24455486
20.32610722
13.06645618
16.40020072
11.11371620
82.14164371
78.89197340
28.90365974
22.31031781
35.88116465
52.74094890
11.88417127
30.31487968
53.61244064
10.67399192
11.47091456
3.49701946
4.51144495
35.26185234
19.87478535
13.12148118
51.81015109
52.15273517
