13.91636314
6.93419156
19.97172330
-14.91442253
26.90224175
-8.39729956
-4.49165235
10.60577877
34.66046085
2.53466484
24.49657541
-44.35648801
-37.72334833
-32.15555835
-21.23880697
-15.14375289
7.22105473
0.62331212
-13.20927329
-1.31194621
-9.21063546
30.08880689
-6.54897766
-21.92078583
-0.44115448
-15.67044912
-8.22012172
-12.16221073
-12.62692598
35.91547373
-6.54290203
23.06259296
33.56939849
17.81338642
22.55429947
24.51766026
-36.42293822
9.21860817
0.12796026
-14.85406425
11.36356979
0.00000000
-7.03518498
-2.34672892
37.95736336
-8.43580977
8.04322000
-13.27342977
7.61423657
-10.36814098
-9.31657291
32.15283579
-19.62107443
-11.72664664
-8.30349423
14.66530291
-15.62706013
27.99303878
62.20466092
24.43807312
-15.10261171
10.18709952
-49.31166670
-7.95866473
-25.13587546
39.44272353
-7.54222285
-21.10165376
-26.15001402
-8.76552403
-9.60534540
23.47034166
-7.75927105
16.27651442
35.15756590
53.15118047
22.06975083
-10.72956316
8.72577793
30.59986786
8.15681681
2.55120022
2.01297724
30.39767830
-1.48580529
41.69062364
-14.72144669
2.75310263
-8.67547573
-0.28761461
4.46226108
-1.38038351
-20.65662186
22.78663172
44.41664988
21.12067502
31.55432481
7.09617765
21.50404932
21.90957121
-21.40409815
12.41297758
10.83256752
11.91726513
32.63965521
-1.35532363
-30.56582637
17.47607434
46.40876814
18.24656635
-0.50633768
-10.14408804
30.45340800
-4.50227612
-45.94749444
-3.52892390
0.00000000
20.90265674
4.42555272
25.43742075
-4.77245461
6.50280422
-24.56204739
15.40806411
-1.98538449
2.97959830
50.61789504
-5.33779781
0.09745447
-10.39335051
13.98035338
-1.27241100
62.73191153
62.29604596
3.28076418
7.99120458
18.01794368
-0.59824743
-0.97175448
9.34678452
21.10432606
-1.70570982
-10.95063546
0.75515041
-5.87917255
-7.39519682
23.57995805
3.90612144
44.42131867
18.24751572
