-71.82925863
98.97212947
83.99686748
82.48105721
15.56473157
78.09514225
76.71644594
54.13103182
36.44840475
57.11780871
159.24209419
49.39944064
-112.78849826
-21.36362216
16.92538781
35.19607558
74.05535056
77.10959511
119.95608922
186.11941378
55.90059086
134.77983953
39.44294079
-32.36140572
-9.29738161
44.65624062
56.72739136
30.82338976
6.64074321
86.16151088
-9.29358147
43.68757954
72.26339216
16.52304456
25.39953046
37.18342289
32.67404066
-30.44922208
-52.70514088
13.71613502
19.29848408
0.00000000
173.45372517
26.97935468
160.88891089
47.78622164
58.06382188
29.86022623
31.24533488
41.57383398
15.08227060
115.61887951
7.81281471
57.73151834
29.46948262
-3.25495518
39.41038398
179.24245558
121.64436430
58.72868068
1.91623881
43.27309401
-43.52379127
33.27212821
2.52336111
94.16844800
50.96851150
17.28357667
9.16600368
20.33897050
78.83223718
31.94277652
8.89096460
-24.19565799
5.08495017
-84.96004356
108.29794663
65.86515475
67.47156038
63.18231150
77.39373000
54.36631530
41.63449963
42.85099477
77.78804131
187.26148387
72.14426109
54.00335379
61.42157746
50.51936924
18.20459205
84.40967806
62.57206066
62.21961345
168.99350812
73.21713348
175.73764412
39.76174462
-31.35363852
70.80530073
82.62161529
110.85048836
16.12317923
36.35136350
127.10909115
-14.87369145
34.57974500
41.78914667
39.70811683
30.66760602
35.98225639
41.51630103
5.28836201
27.04146593
43.30650468
41.06774414
0.00000000
180.63533562
56.60682216
215.58487759
30.35875323
48.86877675
6.92789177
48.60975122
44.68094253
11.82473970
144.67051108
53.54036127
93.44057046
-2.84670621
176.04130833
62.15985525
179.39338250
115.04078893
49.47554173
39.35391488
57.86044231
47.17156078
64.10347312
10.34886618
87.30445789
57.52131647
30.43833728
48.82046125
9.19947750
100.93814458
54.25479063
13.88664047
20.16718514
58.00299121
