13.14154167
-87.85369268
-28.19895736
-46.73645355
35.13485276
9.14138978
-12.43857904
-7.58051184
19.11138252
42.85710163
-7.70161759
-32.73055470
-41.05179069
-30.70297774
-4.74893578
-1.96739952
-7.43872927
6.14713332
-121.80043371
-34.31641319
-46.47262951
-32.91563762
-6.99038582
-20.95726045
9.71549951
-63.78933132
-62.64030956
-81.70859261
-33.36572726
26.18766067
-3.70794833
17.99651783
-24.52317696
-53.05678757
-27.95157751
-49.19058584
-11.94124990
-41.82123764
-9.72653643
-1.89128445
-18.44549825
0.00000000
-84.89329720
-43.62665863
-9.76084954
-34.12846448
-11.63959891
-7.70754803
-11.31802852
-7.52641381
-13.84944404
-45.96123836
-20.86919687
6.91666163
7.48772087
-15.50943020
-50.10324928
-109.86066169
-116.08708173
-65.97698691
-44.46174622
-15.86204816
9.94786755
-13.14318042
-7.14775405
15.40275339
12.92083152
-39.96998521
-34.65421030
-21.92499604
15.17175125
25.22021866
-43.79159589
-22.36585103
-34.70550952
29.99169019
-47.81028542
-41.83048116
11.12811373
43.63605600
22.32285862
5.88566385
7.75243261
10.89315827
41.19496686
-40.67449998
25.74226210
58.63595976
38.90658771
66.10650886
8.95686299
15.55131103
16.19118235
-37.46939608
-94.10215577
-14.70108758
-13.94573763
0.69563139
3.79117263
23.77302067
2.21098070
-55.53144704
5.93103784
15.91215893
-7.99413827
5.81317290
-0.12650025
16.98855275
61.93110061
43.16729030
38.30714203
-17.08294575
43.50940547
42.36838680
19.96181705
20.95865520
0.00000000
-27.66091279
5.23212952
-6.98458426
2.49810389
1.76732924
9.07236566
55.80655314
32.47294194
5.94717245
-8.68923015
8.05281010
56.97958909
25.77240079
28.51509350
-54.92973431
-42.51533619
-93.59652188
-13.99703874
-36.85593270
-1.99544992
-3.90042709
4.52320302
1.73153884
9.04239029
16.89936992
-11.34851631
-11.58562696
11.91565345
12.86982506
21.71166792
7.69570096
33.21388698
77.59150922
