-79.88388714
-85.93873610
-97.59902618
-64.06017841
-53.45643626
-48.68328426
-42.97644625
-30.19073641
-36.29647838
-62.91475805
-89.41283756
-58.95377992
-81.88920521
-68.71079879
-88.21990796
-87.24776519
-62.89104571
-36.05216235
-64.81552311
-97.56817448
-50.10428841
-75.44037090
-21.91634663
-26.77002671
-90.71937115
-82.50766563
-83.23541516
-122.88714955
-70.22938696
-101.47150306
-49.15834323
-47.84692164
-107.68167898
-94.00902005
-41.50071921
-96.45311736
-63.17687374
-104.80138843
-41.02927585
-36.21552141
-53.39167908
0.00000000
-121.09972133
-29.36857269
-54.79511347
-74.69305353
-63.01547207
-9.90593746
-94.08966748
-13.04406745
-41.64760688
-41.51828426
-35.71719946
-69.00940866
-60.63362944
-66.56829469
-44.26845033
-69.10394282
-41.37801200
-44.35463034
-43.81779786
-35.72647998
-15.36682138
-60.07508315
-37.64431512
-59.28723587
-33.36075678
-78.27625942
-45.02177166
-46.49654917
-74.14888482
-41.01470215
-61.18088782
-56.26582350
-85.72881164
-40.20272714
-9.02266396
-131.74019698
-20.59076299
-23.79929975
-42.31549290
-35.13421283
-25.84043911
-27.58637710
-48.69132062
-98.78551695
-33.46192218
-12.69331719
19.27531780
-81.86124200
-75.47707737
-82.87464938
-50.17276927
58.52347639
-53.25678142
-4.15086817
-34.54145379
-11.70024569
-26.37678309
-63.30407847
-35.09306408
-89.03203411
-40.13896138
-95.45427700
-93.99271200
-44.04837580
-26.94139062
-67.10873244
-104.63711108
-67.67200211
-59.63606275
-38.18334232
-61.76355297
22.82549956
-3.76562218
-41.85997072
0.00000000
-22.82705924
-44.58043392
-36.69826329
-63.51638883
-45.57426696
-15.88234656
-82.61328654
-11.06913533
4.77281863
6.25637299
-38.21903103
-79.30585992
-50.73682814
-58.13868938
-55.20550825
51.44817116
-37.19622710
21.75900612
-2.05684988
-10.29528804
-18.49805349
-19.77842608
-13.76211474
-49.29767293
-31.58044722
-65.34600536
-21.01934438
-42.57974625
-88.39111359
-25.82281574
-44.78227834
-49.13160312
-72.10725077
