15.37594308
12.17092000
-5.98580260
41.63852979
18.54593154
1.46519463
-8.53249452
5.83011995
-4.04387257
4.29222762
-14.98113142
29.50748328
63.74438139
41.66059027
38.31392541
25.54670947
13.36604698
12.00490214
-11.43475785
15.32776590
1.43867394
-4.62810479
1.64954402
23.39460589
37.87688432
29.79277126
3.79463219
67.47216709
44.30850435
-18.50994656
22.44214933
19.70209913
9.09963071
24.23958002
-1.61413770
59.64893598
23.32531661
22.29474040
25.79492163
27.27977116
11.44865107
0.00000000
47.17266320
-6.17779248
-11.13613098
48.82422725
6.79380428
12.03580968
6.94424474
1.09799264
4.19123637
10.35608135
13.03165570
12.60661014
20.49901049
44.79453710
18.70538408
-19.46543808
2.22069273
-13.68810501
16.94792286
4.91999633
60.93981386
18.76251986
19.37103930
-29.04246464
-10.82837759
36.63344364
19.00429608
16.41716955
30.35681782
7.77061217
16.86586418
13.14406765
27.44870584
-41.05839567
-39.53756824
24.92299118
4.95036775
-41.06293251
-22.15488259
-17.60842801
1.38336740
-21.36149042
-31.69721895
-40.91517181
-41.57071594
-41.37558859
-31.56136881
-69.09349363
-11.00009957
-4.47037733
-16.53721103
-65.04514394
7.55707561
-8.91733110
-8.20699518
-17.11030257
-17.41637513
-94.34644118
-65.34191240
-39.30031808
-14.85971135
20.13807781
-57.71394806
-9.68132806
6.11121969
-47.35109388
-6.44954739
-30.83714832
-28.25590944
-18.37587072
-33.84329850
8.60670951
-21.28857967
-6.15733048
0.00000000
-8.20213268
-3.60910297
-24.80474706
20.43681990
-7.47598448
-17.87130532
-30.80621367
-10.61050546
-1.67081306
-9.27873072
-79.96681900
-34.71404879
-24.90583936
-71.72723979
-48.43156049
-32.24662906
0.77497143
-23.45333305
-30.88883658
-12.12817475
-50.74496479
-24.35466371
-22.14083856
-39.38092209
-20.05067362
-11.35443601
-55.53363199
-1.74176180
-30.05492570
-39.38785698
-25.56155791
-44.67936372
-34.65645551
