-18.23187577
61.01527971
-2.17105899
-58.07057538
-14.50153071
-12.50148186
-12.97352847
-31.60333934
-54.25654651
22.37628750
91.74928829
-15.47660050
-36.36313320
-22.25438576
-14.06020738
4.72080893
-8.61625540
-23.89250324
71.22255449
110.87146698
18.95328300
74.01290928
4.15043572
-22.24231181
-112.89728948
-55.72851269
-15.44457045
-68.29278493
-22.54839193
-18.80494742
-6.84987551
-27.71262861
-0.31441242
-53.29796044
-32.16748907
-90.35437960
-19.41838128
-48.29985442
-36.44064449
-13.07748797
-8.32316890
0.00000000
122.19840675
-8.44731144
67.53247423
-37.94916694
-31.72075538
-19.36422958
-13.18338700
-20.48021170
-2.52865116
29.75339052
2.47361768
-2.74952423
-7.54892297
-92.27700485
-29.82007900
69.87227548
63.31906104
29.59401929
12.57199767
27.71792673
-24.60698705
-46.70905891
-25.07076228
0.59303100
-10.90820469
-39.11231063
-1.28563728
0.67305684
-28.85205091
-39.29039430
-27.18733064
-32.61548949
-62.11941433
-11.00954095
114.74412433
-8.30320059
-13.57923745
23.48294103
3.45213839
3.99804747
-1.86540439
-21.26447950
8.55341985
61.74727451
21.31392145
40.09867723
38.24528743
38.83456016
13.98853561
-31.28087447
-43.77394466
99.86178970
106.90197954
43.86957929
52.24155207
9.97665609
9.36613260
-76.04222748
6.81318005
21.21747925
-11.10507071
1.40692204
-1.67971592
-4.44063141
-1.22012425
9.65108618
18.78083573
29.45821562
20.65388014
23.98657478
22.96869394
-12.84639943
-13.83782614
-6.48940920
0.00000000
151.27495470
2.77440272
52.04010497
-26.75020991
-4.22266177
-9.45507937
17.30172527
-2.34955108
5.28617662
61.59909536
39.94233957
16.76314906
12.60959284
-59.66167170
22.18351414
168.47621472
92.20094236
57.71622224
46.71443593
28.26593380
56.70410417
9.39325910
24.11655980
17.97547834
6.74255829
-16.96654545
24.13343948
19.94562520
-27.69514189
-31.42237741
26.06780692
-1.89837626
7.18858369
