-7.24772191
-4.17671307
-0.22955589
53.21657685
-34.37755093
0.41488341
7.06725441
-8.43356886
-66.66449813
-21.26550059
3.65286505
16.91826760
-19.46349716
-32.88402812
-26.80345185
-0.63339026
31.53542460
21.57821112
4.42410761
-18.54753552
17.72639639
9.81821720
9.81950857
-17.57980315
-109.49066389
24.45414429
38.63278580
54.15007287
57.36639135
-33.03203877
2.56879072
36.28349364
15.58804380
18.76130736
33.78141516
51.16682687
12.45727620
-21.24167705
-37.23696765
-24.62702610
15.40589633
0.00000000
-38.65602017
-0.70667609
7.98111356
34.25011679
4.76264654
-1.16264144
35.54247455
8.67283210
18.22911218
34.59367196
-9.87089687
15.85949554
1.43145617
-46.41266994
10.07759142
42.51150490
79.96593227
44.09391963
20.70677003
27.75449649
-71.01736208
10.81438395
-0.45231969
0.33770017
-12.97221297
22.30619255
9.26509959
29.53676194
16.10201000
-32.14702061
6.67917626
3.66910696
30.21077798
-64.49989709
-20.93102278
25.10150683
25.35264709
-95.39089443
-6.29994406
9.41712610
-7.19794751
-35.85238656
-27.88262680
-64.64707186
17.27788997
-51.08980070
-89.45656592
-78.75893198
-0.83282493
18.80692998
10.72078994
-15.73703031
-33.66205226
7.51999930
0.16520678
-21.49240485
-43.16688124
-129.06871606
-7.56484822
32.17426827
-3.45705126
46.81817409
-1.71538165
2.02493258
9.39028489
-11.32723042
-26.31408645
-1.95613623
23.55901987
-31.17952614
-101.50034331
-48.51886534
-75.70178126
6.14216432
0.00000000
-20.65870029
-39.62196730
-6.73942563
-4.34879661
-8.17004489
-24.77380640
-4.91595015
-3.11960803
-17.60996159
44.81695838
-90.62888259
-42.71845944
-11.56560687
-87.60387837
0.08515808
28.87874213
42.64605882
60.37875824
-7.15038182
-0.12471445
-162.68448889
-12.77897715
-29.75725095
-3.68598824
2.95505895
-15.29721410
16.13263763
0.91887187
11.58981259
-18.30278354
-48.15125253
-63.10949288
-6.47277306
