-3.94922628
40.74938095
19.24946496
9.90169095
18.57173334
-14.68341815
5.53532418
-1.10529738
-1.67765250
12.88156425
-13.16603461
6.76321014
63.36883857
2.19632067
25.74176254
9.53269579
27.14176535
35.50973456
13.41844275
-45.26156402
16.32618362
-25.84509144
16.02173596
16.40695640
36.63163421
25.79203663
27.96306474
7.62018643
10.65217508
18.43143935
4.09258738
45.78337193
2.82064473
65.32837361
65.60938775
67.88399555
19.94117585
71.63545725
44.79634847
-1.61783006
-7.83804171
0.00000000
13.94779665
27.98582983
-0.75520342
-0.08075844
6.87300974
17.60612659
33.55963898
3.29708938
12.41251427
12.07806478
-0.05882473
13.51124964
14.62292144
-5.41506459
36.70040734
38.16759554
22.27566623
66.81061718
18.43941547
10.05573230
38.69128922
4.61811570
3.04944580
-2.98462910
-4.02440795
4.31337857
-5.37809700
7.22125631
-17.53319261
17.08251380
53.53221950
56.02161201
42.72716636
13.13224667
63.43278683
-11.37622037
41.32151503
27.66626381
-1.81345237
-6.41586569
-2.11454388
-11.55816883
-23.03993383
-41.13595679
33.56972639
6.45730264
12.36226852
-12.98331156
1.98884262
53.85326292
61.74042838
42.61255285
-54.12685083
23.12351404
0.62394685
33.35016527
22.10040230
30.01193194
36.51049204
7.02176693
11.04958303
15.60071639
-4.23755600
5.30385360
23.88791114
72.32986840
61.81357002
73.68471739
55.57438035
30.21600105
42.43757460
53.51099634
-26.47299361
21.27612215
0.00000000
16.56411565
59.47904321
-8.54247130
-1.89148188
-9.02161232
25.79733106
40.56038740
20.25156596
20.58863777
40.04852481
-30.75513747
-1.95601875
1.80550707
16.25151064
15.63672785
71.21149054
18.24986193
97.98131207
40.26190659
9.77249244
-30.89797210
6.98227487
23.55126663
8.45386526
-1.38668067
8.61674605
6.32634946
-5.62968936
-16.68504936
-12.25791193
25.47492850
50.81443082
73.14271992
