7.06424096
71.18934792
66.75846440
65.03401094
8.35874046
10.37060234
16.52954548
23.94776399
23.80482115
-5.21032735
59.39508224
44.45232687
-41.89231400
-12.15560177
10.04823007
-6.17018033
9.71841593
31.26517925
54.24671666
166.76193068
36.80363716
48.84880853
-18.05285246
-8.27491026
-10.16315554
49.72821353
76.51387671
63.24830462
15.19709705
61.24320843
-24.58041489
1.49250757
-0.08748287
43.15506166
-9.14245799
52.80861041
10.34672245
26.21896798
-20.76821747
32.00071785
-1.45263582
0.00000000
87.15087935
-6.99913563
19.92481220
38.40839310
52.91288988
15.78843272
6.81328245
29.15334643
0.14480162
28.69709416
24.25401593
19.61246160
-4.54567615
-4.53024542
53.79557490
49.72827611
115.48820857
57.39056252
6.67263923
18.34002321
14.55282433
-14.65697493
1.72363396
22.39401730
18.65027190
48.83194607
31.85377856
2.54288669
-11.40802974
3.50390587
6.65681939
-1.32367188
24.38811694
28.62321925
85.55654171
87.42941384
39.95076804
20.51910810
2.15848775
19.50666962
12.35897291
14.48558177
32.68046421
106.49890755
57.80718420
-32.19846382
0.44474275
29.08989660
-5.09830036
-25.86461257
-6.45395574
69.73008684
126.77738404
24.10501345
52.55452423
-14.64980208
-9.79244615
71.47057740
41.80519118
115.70026296
74.27899082
61.09727160
77.72061409
0.69850550
16.63811033
-8.21662790
11.16980136
2.51437047
19.46202020
35.65163076
-6.85577399
-13.23331310
33.34664744
4.14598460
0.00000000
17.10896640
3.21645031
29.28359011
54.95184668
29.30622163
44.09804656
-19.69435663
22.52263766
-11.55767037
-5.94060360
74.87358969
23.34894594
25.74073028
23.36578427
107.02687534
-17.32380200
110.04246720
48.39540527
39.57298206
22.89297482
38.75211935
-14.65950643
4.58723750
39.04384616
9.13107383
64.81756581
53.67913725
27.84175233
28.25276062
17.24871010
30.11735302
19.66669293
-4.94483608
