3.40093488
6.52209812
-14.89376619
26.68511364
-13.08823903
-3.03069645
-8.83373384
-4.70763168
-12.07067664
-25.37849735
-122.87897818
-0.46157179
39.32858682
7.48920461
-8.02188098
-19.74152794
-8.62746313
1.51791626
14.15626497
-120.35496172
9.00460762
-17.60149686
12.53198055
21.99037916
29.01252330
10.24822687
-18.28992669
36.19215151
1.45463241
-36.61365972
0.35215223
25.59100203
-9.30261729
19.17038275
49.49360254
46.33618168
25.58116611
22.96601220
5.98224749
-6.79347811
-2.31333314
0.00000000
-46.05767146
31.31851999
-39.14059492
12.73676630
-13.21562105
8.59067352
0.69704147
-4.87898959
28.74181479
-2.04747552
-11.06795663
-2.68318987
-1.82570295
16.24322392
10.26940587
9.45472435
34.54598817
30.25988529
13.81774599
2.64401239
-8.24714767
28.24927921
14.18417760
-33.08385764
-8.12146570
12.48896868
4.25819708
-5.28768039
7.06923802
-8.05092866
49.62582300
9.78957027
21.02868934
-23.62737124
-10.24039432
7.31919655
14.45533484
-76.10169179
-23.16794560
-26.49735705
-16.02610430
-27.41968149
-52.06400058
-129.97319661
-24.66839786
-33.34193447
-41.39903623
-79.01565878
-38.88339034
5.30825721
35.39061175
-5.15494288
-80.14503391
-8.27525307
-30.58010806
-2.23675730
-0.62925957
-61.37614306
-15.97880054
-44.85610940
-18.79294247
-1.02638727
-47.64168607
-1.81153006
23.32112042
-33.04241523
-42.13417267
-17.80511185
-31.64994795
-1.46670569
-61.87796060
-11.18018931
-39.99220954
-19.67297028
0.00000000
-70.28173443
-3.64210442
-52.09434373
-4.93168064
-24.60405316
-2.05029911
-23.98400923
-10.88587784
-1.35313311
-25.70495998
-69.11154596
-62.79469159
-51.04810646
-57.92592100
-33.85612395
-47.64504733
-9.78327783
-35.02975551
-11.54264245
-18.43922804
-46.60567266
9.21389500
-14.08715075
-52.93158447
-27.15204370
-11.54501125
-25.25659836
-27.87869670
35.40585163
-33.51353255
-40.82024927
-56.49174337
-32.16613084
