5.40330497
34.28020470
-32.31584443
10.10239761
-35.99536210
-18.32338775
3.84368935
-1.10431522
-48.51407858
-37.93806909
-65.10294108
24.53782492
38.16129298
55.52854342
12.13780316
-14.24697072
-28.66562667
-4.44560170
43.62813065
-48.16740154
2.11924854
-61.41044554
-0.26517598
6.89192957
36.22936997
5.55798803
-11.31963158
27.34326920
10.76893914
-70.15601000
2.75693047
-10.20874872
-2.98492222
18.97953758
0.13382772
45.18339726
28.18073874
19.16823814
16.70960682
31.50816341
16.61009018
0.00000000
40.34488880
-6.61948184
-36.25574389
8.49459225
-15.62577557
-6.53295600
-25.43704176
6.89975313
13.27553156
-29.05430005
13.50678468
4.73433251
-6.88185936
4.39410752
23.57554751
44.16724279
-42.57102829
21.19314473
47.00810667
-14.33883739
-13.65786722
21.37025952
22.19823653
-15.34070202
-21.60593526
-1.35663189
29.75001855
-6.66087333
-6.03308826
-33.00664008
47.78221672
-2.14917536
29.37892262
-77.62086627
19.30407788
-0.39025059
-56.21518023
-85.25754059
-49.15717339
-35.57953440
-22.90971578
-60.49600054
-59.61421350
-96.34948512
-114.08527759
-162.42115575
-151.17099445
-143.60886992
-64.63046453
-28.81497636
-11.31552563
-84.88952854
-100.31972138
-39.77482455
-62.81630630
-26.73080211
-57.52936131
-148.49753263
-106.79643844
-85.90618413
-25.26755265
-35.52501809
-87.80682249
-1.32088731
-28.48611355
2.84419159
-80.00498081
-55.70879895
-90.85699389
-29.16127407
-122.86245926
-106.07202540
-135.84074173
-20.67701936
0.00000000
-37.17197435
-39.00721742
-72.61777048
-22.86208287
-39.87061876
-53.31358387
-49.08869194
-42.33800260
-44.63421897
-31.07662980
-118.70575341
-105.92786527
-81.57675563
-157.50872119
-50.92304422
17.80270395
-90.86444778
-105.84297494
-36.01102408
-42.14399894
-87.28176851
-38.04804381
-56.24481098
-57.93177735
-36.01745586
-38.34777790
-78.16729746
-46.58188717
-75.91487007
-77.82500090
-61.62612312
-129.75714759
-39.31326951
