27.23167756
36.19983325
69.46493185
26.13677682
6.58115240
22.95208291
19.75034882
18.59429339
34.73985527
24.60999004
104.65451336
21.68529358
45.84360751
20.14265576
24.92189907
27.79275094
30.91551654
26.90085312
7.54180802
82.23446671
26.07111802
72.34946581
21.74878052
22.55473610
36.67675020
38.67484778
51.59980615
47.20444081
34.54401771
47.18092634
6.49296141
41.81543466
31.81975134
42.76454489
58.45623135
64.36860959
14.03541449
36.39469131
28.40261368
29.00634178
8.76394301
0.00000000
-21.50176784
33.76912794
83.59911378
20.80403676
21.50104602
21.28596917
32.98457715
12.04771833
10.39448999
33.76507205
12.89344757
11.41239724
17.78808964
11.00208647
41.36927280
57.16696435
94.19109670
36.64085795
21.53451590
29.52962080
26.84932233
9.93720464
10.29368606
63.31835286
20.73797548
19.33655076
9.01806730
12.06286041
19.74753769
14.96690146
14.31678226
34.33736007
34.46907422
25.91867318
14.92823317
83.83284694
38.41774284
5.40748383
12.85351538
19.75356296
10.83894420
21.36284333
83.01380702
123.09681876
46.26617133
32.83464541
76.79750426
28.53446899
25.70287631
36.71681598
47.96353363
27.14654648
60.05362511
32.96917705
66.56374452
21.05084899
18.61597236
51.65585890
61.33831520
70.84495704
32.05782357
62.51316132
51.44530308
14.97014852
26.92735552
59.43196497
34.30559471
25.38926795
70.64276030
17.34588557
6.86698734
45.12901372
36.28588673
23.69084262
0.00000000
-15.47943847
25.21938347
86.56473759
23.93528365
17.79436614
20.98542886
16.51094539
23.15425990
16.84850106
24.28870114
24.34300608
9.14134146
20.99186296
38.92782349
41.76915548
26.55887845
40.45428205
33.89580712
22.34183122
32.80793210
41.28063204
8.15322743
10.28873084
60.25262537
23.03599037
13.69374862
36.54356916
18.05531591
40.61227149
10.57874008
10.69677819
28.40363136
27.16839637
