26.10743956
64.89454429
123.96110456
-19.36341598
47.90808183
36.50847529
45.05498685
31.77176785
84.41659486
84.41607461
51.90851527
9.75086573
-15.89596936
15.96127243
61.56953106
50.68602175
-8.41316528
3.68412606
4.53513703
49.46322395
30.40539299
131.57515302
12.33766805
0.77788549
126.31743194
28.58351849
88.01439548
35.52593973
11.49667238
135.68870057
21.94504064
-9.00390576
10.53836550
-42.36044225
-18.58575395
-31.72030027
-5.55947242
-22.10764705
24.78641421
29.68196591
2.69702130
0.00000000
82.74573080
-33.53214558
92.52036779
7.17313046
32.76744966
-4.60359299
-5.75160397
7.46240575
-18.31466039
5.53078360
39.00481607
29.77615543
37.27986584
73.89519967
32.98057031
39.15303995
7.51430536
2.04192974
10.35204694
10.59217111
41.15156922
4.53464080
-2.29615716
50.66978494
41.62390291
21.44991406
20.95661108
5.99250768
25.07428892
47.02065769
-31.09820725
-10.99206507
-4.08167844
83.99055702
92.69651653
125.19521516
55.51685415
114.48462106
56.80441254
45.79033671
24.23361235
65.64832568
98.31425730
136.51580295
138.24864840
151.58779948
203.51192624
240.26043938
93.94703779
11.40427007
27.65499663
124.27757516
84.43960515
54.81071590
81.17083491
11.80491307
40.37959846
276.17894298
140.30007037
133.48496324
79.70884525
93.70839345
134.83827701
4.99156287
10.84795138
115.40223280
140.75418365
29.73305383
148.95305506
96.52790122
179.21102087
107.87137486
157.46525135
61.22907611
0.00000000
60.85087635
16.85523207
86.96748004
69.53776690
55.79647822
46.18056130
36.93719063
33.37261759
24.23259540
29.40824547
211.54332963
138.56732141
121.48793231
215.07802098
129.76702816
57.54556199
53.92523315
44.58678974
83.95415933
36.40084917
150.92119499
12.56200841
57.28412079
58.46873657
33.22782648
85.14380922
125.59477729
77.44229965
53.89284718
69.51392911
96.44726879
154.89263610
67.53170847
