3.43956399
-48.99848230
29.46784152
72.00871557
27.07976735
7.79779977
1.33489275
31.93710025
-12.66775960
-8.96144102
-47.95284935
34.16825239
18.41550920
53.62050156
36.29342916
36.32242518
1.78223678
-1.84702193
-91.42948351
-50.38129646
-25.62709401
-75.76617731
-14.10472230
-7.26029881
40.00388216
29.91857702
12.65527191
101.33284463
70.91869540
-16.95178563
8.29668091
-19.67297352
-8.42978685
2.65335578
-36.58584607
12.65936267
9.01074252
13.27631589
23.51960946
26.39548961
6.83424184
0.00000000
-30.86573738
-6.42078734
-71.97011922
71.77998088
33.18726519
3.24759618
-13.01337538
3.94911495
-13.81372338
-44.17794320
38.68686726
9.51828881
23.09411485
25.17922537
4.58295409
-90.62218367
-97.03801016
-52.98726671
-5.54151222
-18.72298916
42.61706370
5.49901189
8.41110023
-60.54561305
-8.01910103
59.16425027
25.32249280
32.25682251
15.85340934
12.87263970
2.46594783
5.25378529
5.49180727
-59.45809730
-89.94278259
68.96829900
32.52626696
-33.26948318
-16.92681214
-1.72027425
19.10368634
-20.48435049
-45.26206159
-59.77309421
-42.97244706
-46.78508206
-19.14858547
-57.04873731
6.58557885
-26.43933007
-53.68374791
-101.30733554
-51.26886746
-40.43716344
-67.54409582
-34.28778277
-51.86184250
-83.40075118
-53.12841064
-24.76748462
25.81011692
66.39686520
-46.61202906
-21.04477196
-19.60899075
-65.91331942
21.38262289
-47.28698191
-17.33871183
-36.10324247
-36.98150788
18.87511620
30.33147131
-7.89325606
0.00000000
-65.31246758
-22.51372737
-69.82236162
69.64895229
25.86331871
-36.17390971
-42.09646443
-12.44861980
-27.12389385
-61.22391748
-25.59798049
-28.85497095
-11.57834041
-73.23763614
-40.06715950
-119.89126690
-58.75042893
-39.01815217
-54.79348470
-39.59125968
-75.68039197
-36.58458343
-26.68589945
-54.24764844
-26.60944190
26.01547609
-34.97232790
22.68461153
-65.34835934
-36.42795335
-40.95976705
-42.37570191
-37.66197348
