47.76210111
104.97765387
60.38758433
36.72924307
29.92870054
18.25668582
35.99788783
25.92495250
72.99815645
55.03486136
111.44848647
52.67431567
29.02830061
43.41512143
72.76094472
40.10762916
17.16008995
26.08798224
140.08262754
152.16723713
62.42160008
131.80055589
13.05617845
10.82318313
164.06155052
97.96394883
127.93434390
48.83303679
34.65681561
116.65873192
-4.22572443
32.23188182
42.54672155
60.46465204
28.42250209
85.06399677
30.61112954
84.38361370
31.65930550
46.20396332
18.63286979
0.00000000
121.21829698
12.49079623
117.64580329
16.28344432
62.83194570
12.42018048
44.84604244
32.60804851
8.38782549
68.72464368
33.84820572
35.30095114
44.59685878
128.01432048
108.55765279
159.30235516
152.31697902
124.52847602
54.49476878
44.33043735
20.86674162
8.14942759
5.93685793
84.50626852
27.80205126
50.06361186
55.74625731
37.80675431
4.14637065
46.88246393
55.13806850
70.80757183
41.20348235
-7.65567915
63.33235790
27.95797371
-80.92479178
65.25164312
-0.22629482
14.61056564
4.91710833
53.38692910
78.83730147
109.79227336
-1.41974214
-46.41374894
-46.85678162
37.37292439
40.74002336
3.56733183
20.25082682
123.15582795
168.87280972
50.96980228
102.71941544
-4.41323227
-27.63693507
138.77618362
33.52161720
142.37506221
-10.19247020
-40.38438006
120.41415494
-4.50987732
-8.36126475
-11.75969220
-17.74981395
-35.98515928
10.09362829
0.51604452
5.70550326
-26.52477137
0.17783823
10.59009935
0.00000000
97.59304335
-25.75394206
84.61301053
-32.71353073
20.26168628
6.40559036
-8.32976069
2.63013202
-33.01753180
63.87782600
37.91784525
15.08294624
50.13814972
79.89010838
117.23498871
131.43882700
119.77627996
39.73109930
22.94701285
25.20651840
12.37598945
-41.37021365
-26.96165104
64.50910033
25.79799126
14.27111403
11.52864874
2.09828978
-19.12317623
54.36650739
-10.17562587
30.15445407
1.35887612
