-12.60183490
-70.90199276
41.26266302
-95.64394253
35.51656950
-1.93830334
-21.52309415
-16.86153770
73.30071604
78.07934505
-115.85877157
-76.43714416
-23.81800754
-64.44610405
-28.91063113
0.64596876
-40.48873905
-36.98494759
-123.20213016
-131.91193471
-26.95154253
-7.40739065
-3.90120814
0.10446181
42.00544349
-115.49981068
-55.08637881
-92.53299648
-59.58055798
64.03422734
22.62133691
-5.85554686
-62.31517585
-85.24761271
-54.46400569
-108.14222911
-21.04609594
-49.97612733
-27.07443267
-44.96877988
-41.81957793
0.00000000
-84.21067983
-41.26394174
-51.19511385
-39.33196158
-38.06602199
-27.41930643
-48.93124235
-30.98875554
-15.10002515
-63.07951675
-28.11061110
-13.94580644
1.65206158
-36.34070325
-43.67649729
-95.61237628
-142.38097156
-89.85451766
-50.44272775
-51.89196575
21.33010003
-27.30656205
-13.91792028
10.07011943
22.95676872
-59.18257089
-52.02733892
-40.06706327
3.64360619
38.83446757
-52.57955016
-32.93171666
-60.79480318
93.50610719
79.78247794
6.48289180
50.23471816
96.16862262
20.98689087
-8.12548847
9.85140087
52.05492280
79.83852220
-72.50908640
53.05162185
136.37298406
146.92056799
140.81042284
29.45977402
19.49297179
6.00695134
70.74203234
-78.65454630
15.73005186
-17.93375073
30.90145219
56.95475073
125.78158893
-6.53645164
-23.03756889
35.12662522
42.49391018
37.54784091
6.90630031
3.91240793
48.43515069
58.56196470
35.02739198
8.33587455
47.47004953
129.13213057
89.59968559
68.69946308
16.95302480
0.00000000
20.16085011
18.02823473
-23.08616892
38.37165618
-2.67537126
23.77337922
55.60744813
16.63455691
38.73231554
21.58338907
113.03560373
84.07999228
70.03543886
26.73961969
11.35103379
-4.40730440
-26.01405379
59.33589376
38.56570863
0.18028008
7.31818954
34.50158769
62.75764142
18.52229671
19.45400115
16.49861864
41.64230979
50.07439629
12.96890554
53.61945852
66.78835057
117.32294333
57.73702726
