6.62902119
66.12902403
61.80547284
19.11129528
-2.40936370
18.84149223
19.34856186
15.39306868
-11.47747307
10.23672691
55.43892615
41.80128830
-11.28695459
19.38812034
21.85777944
24.33278673
25.23361241
8.65973595
110.74231557
77.83471143
30.27804115
63.90607541
-1.66597349
-13.95900956
-53.81682038
38.34507613
33.32777465
71.61167308
48.21852912
24.95160095
-2.44317979
-11.77251033
53.52069884
23.36442979
-33.58645188
42.64463163
5.19329744
4.87763010
-6.97944731
26.61418270
32.24514270
0.00000000
114.92877304
-17.52311917
40.79794257
50.44419154
42.34983743
-3.27116949
30.62296368
22.16855378
18.89085720
17.87753595
25.12182240
16.87813851
12.41573323
8.34669226
30.28543615
121.38128874
68.89083534
57.95674176
27.28337173
13.58421901
-21.63778624
9.00179757
7.82207854
32.76340957
12.85252375
46.15969237
39.03100733
36.90235451
24.25918460
0.66553615
14.06714653
-4.56574696
37.17350346
-38.90524062
73.65097243
58.93002260
-66.56877069
-1.47288132
-6.93797604
7.61336972
11.17297377
-5.45667045
17.28593521
28.03932964
-25.87993651
-102.89489811
-68.15865739
-16.24803227
15.36389304
2.62826469
-5.47032523
36.07192363
73.81849605
10.56410953
23.24885151
-11.33953404
-43.85376039
-51.99132312
-24.43362148
13.26965051
-0.04384879
5.29034882
32.13790658
-12.41830510
-18.08221996
1.01832476
38.36062132
-8.42587082
-5.93622221
-2.97886961
-44.76245010
-76.39098104
-45.76782917
-14.38539118
0.00000000
53.36923546
-15.02581065
16.39667506
13.27197257
20.41056744
-31.97075776
23.95317040
-6.20778666
-15.14727208
12.64472144
10.07765322
-0.57067123
2.73503438
-10.92166036
21.93448529
75.61189359
53.76637484
0.43902259
10.12497187
-0.15989206
-33.95327630
-25.77612635
-23.76252370
25.06567962
10.38876311
31.10907282
6.15644597
11.85061384
-5.49545902
10.22931020
-33.31178869
-6.98909152
27.06635357
