10.76807645
-50.10672425
-19.99147395
-62.41911708
23.83186677
-15.88749992
-40.63714713
-24.31911451
-12.65197851
-8.55054216
-39.65206094
-42.70820770
28.62412403
-4.56311312
9.36960085
-8.96155481
-22.11424822
-29.12329112
-64.13761700
-57.03112969
-35.02085623
-28.68419377
-14.38864248
33.27143079
-26.64730643
-63.79812728
-79.71587221
-61.39337273
-33.66759088
-32.05329014
-3.47583162
-33.59011720
-9.85581393
-53.43794390
-37.80664993
-84.70692033
-7.97147969
-6.08459102
-3.74486832
-39.68142319
-11.80743458
0.00000000
-29.74480959
13.66088312
-35.19543082
-31.91380692
-33.95883447
2.56586977
-24.42528949
-31.89285906
-1.94148772
-17.49099812
-8.83678042
-23.81658129
2.40493566
-5.72192167
-72.11480549
-79.70829188
-80.43069316
-58.64873677
-41.66420842
-10.14769573
30.30752086
-18.90582286
-21.54352731
-56.94227234
-6.51616162
-41.00647676
-17.21341919
-17.51126419
-33.46590607
-10.03197711
6.39193990
-18.11748865
-70.89945927
13.42972297
-29.88997332
-73.80976857
-82.89803733
77.10140442
-19.23228964
-29.81697135
-13.20589442
-10.76912617
-34.86039181
-77.65340985
-120.32990892
-47.00703147
-80.70103711
-33.39312988
-14.29328514
-70.99662517
-70.12760519
-26.21247399
-55.59943692
-25.54499370
-34.14263759
1.63628143
-1.83392458
-52.26478899
-98.82712232
-92.52902643
-92.20022278
-86.64851113
-57.07311759
-10.13523206
-15.48864374
-71.49928298
-20.28103157
-21.37166175
-66.68782290
-32.42087513
-4.26150923
-81.28744041
-69.38212152
-39.67422042
0.00000000
20.25685614
-2.30744228
-35.60665653
-48.62746673
-25.25366212
-54.05437861
-11.05513846
-44.20489367
-9.32958307
-12.95519629
-57.21241702
-17.32874729
-18.72376658
-65.12625634
-95.55679284
-34.27608680
-62.97111273
-72.04913321
-40.74437868
-29.18776897
23.42680972
-12.19065812
-20.10277482
-50.73526170
-13.91880656
-66.37334471
-83.07001746
-34.57422301
-50.88588867
-13.29613582
-26.55860864
-20.98615145
-15.16081134
