-28.86324421
-33.15727814
-46.78289124
4.54702415
-20.57615920
6.21109664
13.61491192
10.16560885
28.33513485
-22.51293138
-25.00571788
3.68383050
-1.43793772
-5.47030523
-22.34858502
-13.76057680
2.64552307
-0.76421628
-34.76597678
-61.90444132
-16.06036758
-39.03852308
5.23059103
-24.56929559
-12.78156377
40.17237731
-11.98927037
6.99668553
1.29677164
-31.35555990
-14.34256697
-5.30338162
8.93339840
23.26097348
22.67712969
10.19817358
-18.70231753
13.81870745
-20.89513129
-14.43162410
0.53924014
0.00000000
-57.59144832
20.13903957
-17.65582865
-12.79628935
4.56223828
-2.04934584
20.30758138
5.56515130
9.88656645
-4.95487775
-18.21464381
-0.13055733
-19.08181048
-2.31023973
-32.24782809
-48.51736569
-58.68765300
-27.75771268
-33.36178725
-9.33837390
-42.78135760
2.07661501
-12.96990969
-23.08351443
-6.60161865
6.12986874
-11.30892492
6.19390181
10.63489540
-2.58063774
-3.83473932
4.85391123
13.88536623
-28.09038250
-83.40949875
-50.05754869
-42.85245553
-13.42192964
3.50907442
1.50718804
-5.93187933
21.83881534
-20.14085939
-40.60825125
-6.28490794
-4.66463439
8.20541802
-6.83881345
6.96565876
13.52272069
12.21560872
-55.82879994
-86.29030528
-25.18917457
-25.99749510
14.83061003
-3.12108400
52.48199504
52.22211881
15.55927015
-21.69103655
-43.18066989
-8.60469512
7.20739133
11.31644405
-26.23305882
-56.55263640
-2.58959078
-17.12602248
-34.51453901
-21.87783586
33.92607239
25.12726691
-11.21947890
0.00000000
-51.46088747
17.24600274
-22.08219321
-39.01333154
-5.33476208
5.83627367
-8.42169716
-3.57059568
-4.64265737
-27.45186560
-21.78415155
-11.29197607
-7.25342871
78.26192931
-19.59736156
-75.40368119
-85.35159561
9.08606724
-36.40292277
-8.66102243
-39.37659601
-1.31865993
-14.67399689
-24.84075357
-2.18864916
-13.52731802
-14.52931885
-26.99983992
21.81637962
12.63944538
-25.28265934
17.14730617
-71.14604478
