-52.24562248
-88.12604133
-98.96388399
-29.71348108
-36.67290096
0.98548691
-17.20102095
-6.91631633
-25.96694701
-49.44862302
0.81186251
-15.61658492
-112.22127884
-71.28985484
-62.57429955
-62.60609021
-25.12899800
-3.70186687
-88.30638913
-12.58924658
-59.55074827
-67.21749414
-24.77058301
-62.70495269
-130.40478635
-35.65772511
-81.27358064
-90.19388928
-54.56539106
-81.91851816
-48.29083724
-16.28415571
-43.68564463
-40.40265213
-38.64968763
-40.47942488
-51.44343179
-96.51552896
-76.61447383
-10.20786086
-33.97198903
0.00000000
-71.36814837
-34.78247987
-42.69902062
-47.23858157
-19.07351622
-15.81575327
-29.61982235
-1.92286575
-39.37417902
-29.84345937
-32.17350853
-15.89462648
-36.85296804
-77.77626315
-79.09581711
-108.61160877
-110.94495905
-104.42124276
-63.39895010
-24.52484736
-32.86360803
-45.84907466
-28.50929296
-46.78002333
-12.71823355
-44.55401080
-25.32890250
-35.87535047
-18.56518527
-46.01544102
-84.29385915
-77.12901882
-49.26641416
-33.61757891
-89.63682779
-98.85437297
-19.46149126
-12.23052885
-3.10413391
4.68187758
-1.07964912
-21.53979671
-17.10873669
4.82491103
18.73821273
-16.05498565
-0.97380360
-10.50832009
-47.02056606
-24.51834297
-20.13439321
-63.01929062
-23.73395935
-30.96975798
-27.14914158
-14.60199945
-44.35608771
-49.12690222
9.10575186
-43.79561919
-11.20999061
-31.85946033
-73.27061907
-43.34690977
-4.99678419
-53.93163139
-45.96065973
-25.20801306
-40.01087526
-65.46465628
-77.69822653
19.44651678
27.57409340
-12.05616192
0.00000000
-41.40221722
-11.18904342
-7.80259615
-26.72938213
-10.76670375
4.95260874
-18.47282905
21.90982368
-35.11460057
-12.82728499
-12.98225660
-6.50196695
-27.05921879
4.25513230
-73.49711666
-37.52363735
-93.49615531
-46.44183762
-53.81107618
-7.38818944
-39.66396111
-41.23241706
-35.52986786
-23.95043116
-5.47679823
-29.93576531
-6.10560074
-21.21162161
-43.43309003
-18.55818299
-42.37902582
-45.95035684
-22.70205642
