-57.95160808
-196.24468026
-146.66921743
-37.19770282
-54.03254782
-22.03524441
-54.24377265
-26.71028076
-65.15691134
-76.56186201
-118.86063047
-68.89749088
-94.42736467
-75.08899511
-93.16563575
-73.27472529
-39.01837056
-44.80195487
-253.69464955
-217.56297343
-111.07839984
-213.28787414
-34.20260126
-55.38084968
-160.42314214
-107.38615211
-186.97693318
-63.93452462
-45.38535807
-166.33605023
-20.00073502
-48.75313389
-25.98037426
-60.55933829
-31.88162239
-84.89206897
-51.50039531
-107.98359750
-69.61594501
-66.31686539
-24.71699918
0.00000000
-250.09515097
-41.00010938
-160.94919727
-28.75748343
-69.90535990
-41.30856334
-35.11778268
-35.66268699
-34.73779311
-113.68959577
-72.50063958
-39.06213837
-69.25793538
-129.73407491
-141.94019167
-240.32142276
-307.34764497
-178.88122617
-85.65838312
-70.10005010
-40.93092766
-18.27988369
-25.19445005
-89.06003777
-30.52903410
-56.10492897
-63.22690862
-47.64303241
-3.57232293
-59.78579240
-101.74657783
-89.86065254
-52.33419278
-51.18651033
-261.95920232
-126.05071055
-27.19807514
-100.61100821
-17.67067646
-39.84976858
-11.26918758
-42.32412969
-47.93815667
-141.45664162
-142.09076611
-101.73665144
-122.11010801
-113.45508715
-75.24043185
-41.40881669
-68.66549934
-258.84984513
-257.78377208
-120.79769585
-144.25331829
-30.59259218
-39.48617304
-161.14426283
-153.15109981
-187.91956033
-38.54982362
-56.59666837
-153.80244658
-11.81139170
-3.78036469
-100.44465891
-104.45758531
-22.16246791
-146.07794930
-85.67346147
-103.21209732
-69.87207736
-127.63833752
-56.72111791
0.00000000
-240.19987960
-22.63612401
-122.13433973
-27.03532780
-45.07134628
-70.42591127
-45.16142967
-44.28011638
-21.79262684
-125.68404187
-140.32873313
-58.31582535
-80.01151245
-176.63915143
-169.14064121
-308.99839897
-254.24968945
-136.11980642
-120.88338580
-56.26596291
-46.55838085
-15.48768886
-39.78935966
-74.63721441
-21.07475784
-68.30647227
-117.05177204
-45.98949980
14.41873754
-48.09725452
-55.86898167
-113.94542244
-74.84136888
