-64.43685831
-147.68641808
-5.24866088
-81.56183627
-1.96812679
-27.24650338
-47.44237094
-36.54893175
7.98740352
-5.00005955
-170.68025085
-109.49332723
-111.07885756
-104.24933208
-94.94330389
-39.51869813
-69.12723822
-57.95031148
-209.94566569
-213.84695062
-70.55684146
-127.63844095
-21.21334037
-46.34602780
-52.34888404
-143.70617028
-116.23752847
-114.42654087
-74.18838710
-29.49581409
-4.19352666
-12.41875121
-126.59641141
-103.32919491
-69.17824694
-139.35844204
-58.36193909
-99.81762655
-46.43112944
-77.89223307
-71.17075950
0.00000000
-173.15409223
-49.99569981
-152.93853350
-50.71694551
-64.41433569
-49.34966718
-103.01801098
-40.60149454
-51.36927792
-104.14758630
-66.36439163
-49.92470023
-26.63943553
-108.69355047
-104.49949502
-207.54841070
-264.79281948
-140.88126618
-92.80984119
-82.30185599
-38.90291906
-38.37100200
-37.89860073
-78.65516560
-13.52418362
-68.15376327
-78.62914493
-52.18690016
-26.34171703
-6.76595792
-92.47797067
-67.19114768
-107.32691583
27.51884720
-4.10366358
-3.47505831
68.05110658
47.03550510
1.76843498
-13.93251616
8.49898048
2.61766249
-5.51422313
-126.65656882
18.47959756
88.17307392
71.63699388
67.46196831
-1.45501040
-6.48169360
-8.70851101
5.26542289
-137.97794053
-22.90832454
-104.45141517
-2.16450903
23.78395511
42.93732494
-31.01078411
-60.20877800
62.97115094
56.21818342
-30.51478498
-2.99360510
-15.71808156
32.35912913
41.84795773
1.72856099
-16.28511630
11.30320220
63.18003237
46.79987908
22.97321006
11.02100407
0.00000000
-34.57352806
-1.72597014
-97.13520875
58.22504565
-16.04925690
-20.12625749
16.60001849
1.99953401
7.63481676
-37.16010231
45.09986515
45.40368905
38.81497961
-51.51960300
-44.56382953
-89.62732018
-101.45610958
16.15043499
0.41522579
-34.01437315
-62.12496919
14.06364881
28.10267072
-39.35253143
-17.89423095
31.51432742
14.08136285
59.82639476
-31.34795176
7.01922727
35.43742113
44.43979017
24.93226953
