-2.94659438
50.72222948
47.25765106
2.73200235
13.75208859
-6.71180312
14.76421842
-5.11656629
-17.49620123
28.03386004
37.97883610
13.21665214
15.07532907
-15.12596352
36.49123886
27.27262215
27.93462207
24.68779134
52.76997499
32.34531519
23.38400621
8.19839243
9.31592299
4.57388824
15.28599443
20.89671677
51.94872817
32.62771066
32.46002361
36.80288870
0.63074361
7.29006815
25.88880806
61.97934221
35.05903645
43.05204470
31.95919146
79.24781557
15.86991127
2.28548689
-2.04976855
0.00000000
49.31687079
23.12806892
17.52211230
9.97409190
17.11809205
0.25119220
42.60272393
4.89135880
16.65392261
32.48095874
8.29540687
22.39621102
20.64168625
-25.90365932
38.15149163
67.49875323
70.33956048
75.43162553
19.78392063
18.69329108
25.18739944
-3.40780533
5.41138922
12.68541579
3.04194698
13.57445341
8.07328863
25.76941833
-11.33695452
12.11967129
49.32162075
46.26030587
19.76896490
10.92166069
57.30176425
9.20639403
-15.62475891
36.40793894
-9.16660537
7.89545363
2.79978760
-10.92706233
-7.08951871
-7.74950431
-9.45840662
-54.66835173
-44.62364593
-13.98339087
15.64077356
14.66656309
-9.92747911
17.44207927
-17.22334045
7.41976941
9.01242156
9.45304900
-7.58436432
-24.60576952
-14.34649242
23.01203504
-18.65333045
1.05253920
22.79704933
4.94955281
1.68556182
7.98634751
55.37427091
53.43197055
14.68685826
13.70073895
6.97252165
-11.18941910
-70.61121693
-3.30185560
0.00000000
28.72592365
32.74283027
-5.56702818
-23.62997557
-4.89176917
-17.10196955
28.47343052
-0.65456889
-3.23463558
11.80562185
-45.14105239
2.08781477
15.27381340
-31.51803600
19.24277869
71.17763620
28.30473376
64.56652877
20.84796732
2.82427429
-31.34002951
-9.19654131
1.03087832
12.54329245
8.20299438
-12.01678336
-4.56819506
-1.47480454
-24.22671840
-11.59154632
4.63960464
19.03317133
20.52220657
