-16.18485381
-67.55968478
77.21247607
80.51724399
29.73376785
17.50502846
18.73579246
50.31998792
-8.68473363
-22.87074973
-26.74522438
35.67003756
6.41383515
61.78494500
30.38334814
44.39696126
8.16283555
-0.23212742
-129.66624882
-46.90654584
-36.87839501
-96.65688855
-12.89790743
-28.33649942
51.00887274
31.52907723
38.32508487
123.69034041
81.42886500
-11.02445093
-6.26600784
-29.01638202
-1.39037843
5.91610190
-17.60189402
-3.31564506
0.11256505
21.91869712
45.06374856
36.16638162
11.21008263
0.00000000
-107.71984782
3.78381887
-80.71491430
79.02499283
41.68946607
14.54760673
-14.08560070
13.04736478
-25.58820008
-65.61259275
52.34915632
6.28176720
17.93143991
14.99007821
6.49877206
-95.69534183
-130.29389540
-54.40193482
-17.20776340
-31.12170433
13.99872874
-11.97612656
-2.24987140
-55.33272089
-2.98313931
66.79121809
23.43427814
38.43713406
5.45252383
16.18048315
-0.46686309
10.75047816
9.56779364
-58.77942044
-103.55378913
125.02700801
80.25267666
-25.62914815
3.06595360
16.04596089
30.78141348
-16.18610536
-21.08677843
-17.16017912
-2.70981395
-16.10093990
25.46636161
-2.28201079
29.75005258
6.24026744
-32.45727290
-89.12615035
-61.35860729
-46.54334669
-80.82674556
-28.28288556
-55.62288590
-8.21278193
13.14573728
31.71065697
96.15880599
135.53406080
-22.27517406
-20.68426337
-14.40624750
-19.19296631
37.05308446
-25.36754902
28.40797051
-24.97583088
-28.77645051
36.89013501
83.47209454
6.43895076
0.00000000
-111.95026565
-16.48398930
-58.80663697
107.60785060
51.34542498
-11.08864555
-24.58287305
5.70752558
-26.61421325
-78.53099698
39.89667934
-10.27722832
9.93027449
-18.91247110
-2.99730754
-143.59579582
-86.20135476
-26.90423262
-48.67567192
-32.72825366
-56.62036176
-31.07701785
-22.34691498
-34.18971043
-17.40754661
64.01837969
15.69725125
53.32678801
-63.37995953
-22.61225566
-26.69763146
-20.38884271
-39.29462517
