16.56393211
11.50900960
-19.76934934
-61.34091516
20.62835676
-26.12214191
-36.33670392
-26.80511392
-1.82020492
2.30522367
31.65007086
-36.22421894
35.57060889
2.13972674
16.86736609
-3.14098242
-4.73061644
-11.00153189
-5.70162018
18.65578225
-11.11813693
13.71929221
2.88628524
30.02290526
8.41640326
-38.13647603
-45.61590085
-53.40272327
-30.42028009
-16.38340549
-14.47640723
-3.92321462
-13.48891527
-20.75931798
-6.01749628
-34.09391366
7.67928746
30.88942537
22.89810469
-9.33952816
-8.72854055
0.00000000
31.02687709
27.73681777
20.88683055
-31.02059746
-33.79964758
7.99796340
-16.84860417
-17.80019720
9.63209319
26.56464295
-16.14280332
-7.68472077
8.75680318
29.22540963
-23.01635314
-19.67463749
35.96426076
5.68799114
-19.42078693
21.71564902
28.35373249
-24.48614567
-19.81066585
3.97808789
-11.02972365
-32.66151918
-11.54896769
-11.10099186
-42.98827608
0.72309103
36.12944537
25.64357011
-46.17932629
35.56853722
29.20761420
-55.22866107
-60.94241059
62.43814883
-17.19439587
-27.40892417
-13.05931266
-12.23658160
-41.12111908
-14.64702926
-71.62282437
-22.03266431
-52.11793092
-14.70046963
-13.86474756
-55.03008011
-37.04706207
33.74450764
4.84939322
12.65419770
21.78477037
16.38577301
3.21330866
-18.93499517
-71.17661980
-50.49704458
-68.16981482
-69.91823093
-26.72676502
-5.93470830
-7.78087770
-41.47193482
3.14767765
29.96888960
-23.17687151
-15.94010676
30.67882820
-52.59055259
-55.28577781
-18.77047236
0.00000000
69.42910365
28.61354433
8.41440637
-46.80724878
-26.25990099
-31.07646832
26.17424335
-32.50391528
18.56290595
37.94609055
-46.09366604
-7.54824169
-15.75075838
-27.09502090
-47.82156299
56.77653382
21.45356281
7.14146919
-5.24034302
-1.86047492
14.26876519
0.18863162
-22.91604831
-0.62084472
-9.96791635
-49.55989445
-53.68494608
-28.82383882
-52.49890123
2.49659450
4.78417823
32.51806021
25.51979625
