-20.49031983
34.67350106
-42.90079269
-15.92500818
-31.36282213
-25.33674905
-6.24288352
-17.32633733
-11.14781333
9.65405421
12.76671310
-7.75973023
49.83129652
19.02203703
-17.07792797
-18.13601479
0.76822958
19.96635760
45.23516590
10.10582954
13.62554568
13.93016578
18.91536843
31.45065097
49.16202620
-11.51076643
-14.11767062
-49.62313239
-31.50259689
-13.39004658
8.16036223
52.43664295
-10.79281889
14.36529603
53.82926146
55.02313800
0.66679641
3.01116466
40.43371694
6.05978452
0.83098776
0.00000000
70.19405492
27.52555756
38.79725834
-30.96441549
-31.74234462
27.24120505
-9.20931745
-4.68722353
6.85480416
16.94914489
-6.21404518
-23.34090430
-5.88702871
26.43050159
29.01516357
35.60731911
10.98256399
24.77032381
33.20763932
3.70008696
0.37117450
20.63444678
-9.04388644
9.76472909
-8.09794681
-32.15135496
-11.14314755
-31.52745678
-19.88723066
-3.42223057
14.08992291
16.33427487
27.34464412
10.28888264
50.79550496
-54.97417324
44.12701962
-32.63305238
-15.13361140
-2.94448846
-13.20879726
-13.64300271
-4.72575337
2.45790122
36.28213897
82.09374632
38.51270778
-20.89092359
-25.97779079
30.13383674
60.58885090
47.32246497
-38.45857219
33.49494730
7.72488500
33.70369948
31.72231824
22.18436843
22.06306333
-33.08184857
-25.70059911
-26.87362857
-25.57103711
2.03132284
21.46056326
87.07229549
11.75571633
37.87919179
34.37610081
29.33132317
16.46327851
22.65775986
-5.90604033
27.06070831
0.00000000
63.76657499
17.46026959
22.68781527
-14.44481741
-26.06305417
31.82543775
12.66875448
16.05007741
41.10709350
33.07840354
16.07536973
-31.11163189
-22.66470659
6.25548846
14.04432324
99.89642076
14.09778131
26.34966578
41.91472928
16.08110845
1.04610018
22.07992124
29.97801462
-10.52337072
-6.18830576
-23.25520341
13.96764628
-17.86993740
-20.32053760
-20.36959033
33.60884704
16.89923446
60.11863343
