5.31762875
-15.70888522
-24.09980224
15.67976120
-1.79169982
-3.55492738
-3.63627039
3.10679404
17.58418611
-8.89025620
112.93757955
10.50705632
-4.22402235
9.12532503
-58.06555859
-41.93991554
-17.80141744
5.81363341
29.34918317
186.30026244
-4.20884739
16.44147031
-4.39713071
11.12631040
-49.04343403
20.93490659
-3.64958440
-25.44718618
-3.84014377
-10.61823408
13.92059754
33.86210055
-28.81031782
35.78040638
19.63179920
70.36193288
-14.09172058
11.22860518
-33.00412286
-4.91186727
9.46977863
0.00000000
6.72081950
-24.15871485
50.84505779
-15.29673263
14.32697688
9.12533736
-16.29311433
10.63792392
0.69043863
31.49718324
-21.07199235
-19.92453774
-38.25110958
-23.93402989
-11.17575465
-2.77492842
75.81399066
-7.14215908
-15.56243990
18.73557202
-59.81350664
11.36285046
-0.67598520
63.64944475
2.69702504
-9.39158188
-17.06290438
-9.52138204
-1.85864635
5.71911812
3.29809414
7.68818935
36.97496024
-41.19020568
-80.31761832
-16.51406297
-38.38679685
-14.60957178
-19.62190193
-10.31664428
-21.87840583
14.03914248
10.87133324
79.59645517
-39.92965196
-64.85910046
-93.89098260
-86.59829419
-31.72195152
-0.23559878
52.92528939
-52.06191057
81.84370930
-19.21599544
16.97606011
-22.66363041
-25.21651762
-11.08468637
-3.84878604
-26.61903958
-60.07689983
-74.79045332
1.75100281
20.34629814
14.43100900
-6.23058183
-55.23180306
-46.30376248
-18.35075183
-61.25672471
-70.69371282
-42.11887739
25.35909908
3.45964636
0.00000000
-17.12597147
-35.60427537
27.16198728
-39.06798221
-1.23520699
8.96046220
-30.25257664
6.92941209
-25.81331915
-7.43284582
-70.59070492
-55.99012416
-45.97299922
36.20047165
-46.91222018
-3.47306390
-30.44314162
-38.19334341
-53.75560658
-5.26472737
-50.57997900
-16.06114202
-33.35867619
42.16881051
-7.43431487
-48.70125246
-54.30139935
-51.49925919
-14.66296143
22.57305120
-50.17187692
-10.54539971
-32.76612691
