-70.31353957
-116.32463024
-103.87509571
-26.39502996
-50.42674514
-7.30973293
-26.84222102
-24.64491406
-66.64784487
-75.41253756
-67.28819666
-23.71560344
-78.89692011
-64.14522547
-87.51154332
-74.18825903
-18.81729942
-16.45902300
-164.12027393
-101.77250355
-56.09655294
-111.61634756
-20.02871711
-59.91944238
-182.76715333
-47.47158489
-123.38505507
-112.13537978
-60.12591891
-127.02288306
-58.00820806
-20.76262834
-24.57729522
-20.43661090
5.10604588
-31.59890205
-45.31055007
-82.13162614
-70.06808435
-33.90964682
-34.45732486
0.00000000
-135.44325601
-17.69802716
-89.12902679
-63.53269913
-57.46067393
-19.85384918
9.76152217
-16.93871355
-22.88141476
-46.90865660
-44.54634592
-30.06743036
-59.02734624
-98.97033615
-104.65241320
-158.84714113
-167.45620622
-124.03925013
-64.54843545
-32.48699269
-49.17602003
-38.61870162
-37.59233679
-80.73788948
-24.84366036
-73.36103792
-33.63097524
-44.68451587
-33.48188515
-62.49368327
-84.55497923
-76.48483928
-50.66895416
-76.26258227
-153.60118450
-128.11416677
-43.51439797
-70.20510359
-24.61899720
-12.12232530
-19.07987330
-37.08533511
-64.21888412
-55.98049852
-36.59240285
-51.43070622
-75.66742356
-59.94279444
-58.66009572
11.78651985
-21.53329159
-145.79863441
-106.72388769
-58.55425837
-80.87306382
-11.85360252
-54.11467644
-115.46598915
-54.08486356
-94.39119005
-69.35224126
-70.16289133
-101.92769416
-52.80869074
8.19470819
-67.00690287
-80.41214534
-6.44466537
-91.37551438
-71.94945070
-92.00337399
-17.25390204
-9.27793359
-22.56373171
0.00000000
-106.88216424
-1.20030699
-51.57149076
-62.23050675
-45.03092150
-13.83548046
-16.94897019
2.02722330
-42.21053819
-54.79530995
-76.33904797
-39.58666360
-58.93194590
-48.14855385
-120.05737996
-129.37746972
-146.06182937
-79.66431664
-65.36311029
-32.27163206
-65.69634555
-41.31149700
-52.24703862
-56.93214590
-12.23950730
-80.24924988
-53.59793513
-49.11714344
-97.39364213
-38.10077429
-59.47431456
-74.42500399
-36.39508360
