-75.70968677
-38.70061875
-61.06814292
-36.13963475
-77.07719375
-21.19861921
-11.15423445
-24.72747144
-69.33004620
-70.98463412
-30.01751767
-37.05584845
-113.88701633
-88.39866121
-90.37964183
-46.65932761
-23.89698331
-21.25026432
1.69076166
-45.03764351
-26.86796534
-43.57287033
-21.62114662
-34.25992369
-158.97379398
-32.60063170
-23.77164815
-75.02603181
-48.95641291
-91.02589464
-37.52104762
-43.42803550
-37.24383161
-49.59047429
-35.30449064
-99.64305308
-48.23609269
-93.72462409
-76.08214014
-50.62388050
-18.25757469
0.00000000
-41.00386428
-20.04719759
-22.18132474
-56.29619958
-24.52993875
-13.91896860
-42.70223904
1.62112493
-37.43184364
-6.14066536
-37.10334136
-29.34552874
-49.93917868
-88.57343418
-51.29023803
-18.95099314
-49.52125754
-30.17775045
-27.08209537
-30.00812650
-69.32846911
-36.27580292
-22.59410932
-58.37899214
-31.57924012
-42.35831057
-22.35220084
-12.71058938
-39.85404797
-79.74290947
-60.92786589
-77.80853511
-47.90953787
-34.20658277
-58.00563872
-81.23468881
4.37017300
-43.66561165
-7.93283237
-1.72911683
-21.36240059
-29.69289778
-57.02708798
0.53965535
37.10225510
5.20739147
-5.05856809
-5.88083469
-35.28480667
2.75890694
5.84077650
-16.29647097
-29.89656924
-29.59965977
-26.32027198
-18.20102649
-21.46033436
-27.18431128
42.80692237
13.08680484
-24.90769909
-48.55235095
-54.24240148
-21.66983144
-6.64389415
3.96402198
-37.36534532
-20.10539919
11.59359523
-12.72328967
-63.87069838
-7.22060326
-1.61833148
7.23247932
0.00000000
-18.99586614
-27.19429462
-1.12906534
-52.50617962
-2.36770760
12.06589562
-12.60248866
15.13586578
-16.14279888
-26.28720098
17.18149748
-17.74583947
-23.26253319
7.69100383
-6.64667269
-3.75292612
-26.41970943
-25.65330744
-12.79190139
-14.47181535
-32.32808855
-16.80999741
-9.47361921
-32.13803032
-11.36311057
-20.19722243
17.95425554
-17.78004861
-31.04504296
-27.02971203
-28.60310357
-66.72804576
-6.39319984
