-53.44761067
-17.21694634
-30.05273808
-28.62037918
-57.62839718
-16.95850902
-11.42105376
-18.72219886
-47.21665372
-39.10146875
11.12104644
-31.39876965
-88.70251776
-92.47469302
-81.71171682
-39.06466746
3.54211715
-4.87466090
-21.43012958
-33.25124906
-12.09057032
10.06815475
-14.24234097
-12.53076216
-174.76910732
-32.45112447
-39.16322669
-56.40327457
-41.86880614
-68.02484889
-23.88892054
-34.86794739
-14.09930535
-47.92797595
-31.44452824
-75.82367588
-36.74807962
-87.71279426
-87.42738061
-57.98589891
-10.97753228
0.00000000
-7.55200165
-8.60494084
23.92642610
-48.82317774
-16.06525704
6.08080309
-5.93573922
-5.83387644
-19.93192735
11.02797504
-39.97037451
-18.82542345
-51.09641074
-76.28606002
-59.55521589
-8.06210473
-60.92374653
-43.71114963
-27.96726731
-4.01612373
-45.30714873
-29.17492889
-12.60672956
-33.23985283
-12.39294332
-37.77552549
-27.02291927
-16.81431827
-25.18729309
-60.41014214
-52.68668625
-67.72522922
-41.17989632
15.58194197
-4.84006679
-35.47662359
7.80890346
-6.44785239
7.31661290
7.62696659
-4.32093886
-10.00128973
-26.74536376
56.29028316
39.35588918
28.44766489
29.76924772
8.30301399
-10.57109654
4.36591588
-4.61624263
-24.87137900
-7.30372834
-0.67845802
21.76482140
0.87271996
16.79036682
-39.56401129
26.81208784
15.80623125
6.76555976
-17.07987796
-19.30863197
-3.95289321
-7.22013082
-14.00093721
18.80154746
17.94678990
22.33890379
1.45306963
4.03114918
7.85761147
7.64578444
2.06377951
0.00000000
33.75350725
0.76108661
45.45599177
-28.57232909
7.45687192
15.58013219
15.00637727
15.03728909
16.85756676
13.07926629
8.73304445
4.20061096
-17.10394678
9.67575293
-1.05896351
35.11272279
-10.94745899
-8.72709967
2.20218523
7.91886110
11.01103126
20.80237623
10.69052711
-3.52327730
11.37454864
12.19894912
20.60592865
-14.44486952
18.75213314
-3.60430740
1.95610467
-18.51366902
46.79732900
