-52.09271959
9.99657180
-10.81128579
-18.79588286
-36.15109544
-22.12088804
-12.55686183
-19.30877217
-35.91194531
-29.37529191
56.86363949
-28.32513049
-57.92271613
-71.84096019
-74.22142740
-32.76562088
19.41664483
9.96544207
-49.44327955
-27.70612633
-4.08186337
35.12157962
-0.96613746
-15.11696864
-162.43126985
-30.11577352
-49.77766790
-35.79014191
-36.00130670
-58.45043329
-20.94321706
7.24864186
-16.93927698
-30.68984100
5.15354773
-19.45162807
-30.04032624
-71.16376442
-68.10780297
-47.07287757
-13.23662207
0.00000000
5.22674132
1.13786458
45.90972363
-44.17069556
-17.31987426
24.83373001
14.29339425
-14.96053372
-6.81538706
27.31237726
-48.95082241
-14.89420990
-44.15734526
-44.82429422
-64.86928114
-6.44194894
-71.18240294
-46.79398471
-25.72372109
21.81209389
-31.68423597
-23.92175904
-22.27797378
-24.13078685
-6.50946359
-28.92551518
-36.50915497
-24.90540722
-24.16184375
-35.21091541
-38.81565609
-41.12645413
-35.60531866
10.06096456
53.09617575
21.37891418
56.95535410
5.01298973
19.10732069
14.86317230
13.79705408
-12.32396539
-14.27686296
78.88444805
54.52035050
55.41799842
33.11343605
13.74875301
8.62403823
24.84069297
6.30404116
1.29787198
15.34294993
35.70892186
53.47677971
16.74953867
28.81451283
-33.55290107
39.52756545
29.36497654
87.78982230
64.58092482
-9.93032708
4.54815042
9.00746520
17.48875232
65.80629202
66.04482599
57.58393883
18.00045046
61.89706620
16.91794608
-13.18494046
19.75983095
0.00000000
84.57993940
33.97639896
75.38089537
23.67373688
5.59022523
10.86157745
43.41171523
26.28544889
40.77794812
60.38053928
-21.76808886
11.24917021
-7.52866268
10.11855451
5.00747973
90.43208721
10.59718580
26.80659766
26.70217513
34.52366139
20.03431991
44.72775132
10.26587630
13.95903761
17.33417324
62.76103509
42.19641367
22.80103531
29.18004615
4.25056855
37.80783982
30.01715408
95.80828523
