20.73331894
49.50217392
-67.64883691
5.91670648
-38.10409825
-33.74895420
-11.06082559
-22.05557271
-52.06246439
-38.52699864
-60.12095670
8.58758768
41.93539503
28.06668236
8.98394534
-24.14900250
-27.16031306
6.59182111
47.36475196
-82.85097041
0.81885200
-68.97479197
-0.45563524
15.97372086
40.25426548
-2.66040574
-29.52292974
-12.26975151
-13.45715834
-70.57019061
8.55393094
7.56490788
-23.65510575
17.22063577
15.19402344
59.15038531
40.87168600
28.78420284
5.55217289
15.30257084
0.28035375
0.00000000
35.64402506
0.15555808
-35.08643332
-12.53369119
-25.94801135
-9.85911953
-22.93149881
-6.89723261
17.17720466
-7.42152396
0.21688070
5.30783023
-7.05910348
3.47666990
14.18210353
38.75415912
-50.89238902
27.42337470
45.42838232
-1.72473209
-5.94785299
20.59591068
12.51378506
-17.44947774
-26.96521577
-16.93434096
14.67302377
-19.31820584
-28.26529400
-31.23263365
54.47501110
6.24583813
9.58191942
-40.38812973
-27.69957389
-33.82828595
-19.98426411
-83.99511988
-47.26678934
-34.99031434
-27.35509541
-56.75407421
-66.76646953
-83.10994954
-93.98382973
-121.19619951
-149.81222065
-139.53125637
-68.61300235
-37.62384913
-11.97288214
-111.50086603
-127.36218020
-35.36720832
-60.16082611
-9.42229989
-32.51998984
-132.39337035
-104.27677482
-105.75760193
-25.60813550
-39.91631441
-85.45141841
16.02328704
-2.79806981
-1.59809580
-81.91132714
-35.18266313
-78.62382967
-34.14951671
-94.87137464
-87.27137287
-138.46393318
-8.87659286
0.00000000
-45.89374388
-23.21370097
-66.51396804
-24.84013164
-48.03250852
-38.53057203
-51.24129712
-36.26965620
-41.28182996
-25.96519531
-136.78764385
-93.20948671
-86.42171613
-151.49385799
-60.80399714
-22.99103435
-89.87827764
-103.30578113
-38.53680734
-35.15525036
-65.36643059
-13.60764880
-44.03735114
-54.65255590
-32.39808555
-41.07913506
-92.57759497
-53.60692728
-53.90595632
-73.69058987
-41.68124302
-122.49518017
-13.09118841
