-75.75108257
-139.90480251
-80.53780740
-54.34201050
-44.15745270
-41.49650180
-47.45794543
-41.41193828
-70.19058348
-48.61673443
-137.98068928
-59.87444682
-93.11863023
-68.37972634
-84.51537570
-67.89668061
-52.42298452
-37.64936751
-110.43071543
-122.53791492
-64.84708775
-88.39119809
-15.47055886
-27.33786941
-146.99718143
-121.10326477
-112.89964784
-137.42550579
-75.68822752
-103.01648035
-45.24042403
-44.72858112
-97.52922398
-117.13958632
-45.50136312
-131.73619334
-63.04259187
-133.35875724
-57.76559375
-43.01939269
-46.74246202
0.00000000
-130.00626193
-12.81463851
-99.01898319
-62.45615693
-72.11257242
-7.88075031
-79.81194468
-21.61087031
-45.47689100
-71.46727978
-20.26788739
-62.00163227
-49.66400665
-89.87267354
-85.22795230
-132.68441709
-148.92103213
-101.78240680
-53.91929342
-56.37047449
-15.70636682
-57.09629608
-35.33502129
-107.26506419
-29.67818935
-87.13812777
-43.54506093
-47.40198317
-62.90273871
-49.75311665
-79.66192673
-90.27826621
-122.49414747
-40.22146980
-57.72766154
-130.58187321
13.30249980
-23.81444605
-36.87140196
-29.49109763
-24.65969330
-39.94838332
-52.43281949
-147.11172758
-10.11125798
21.13935708
44.33672548
-89.40971730
-65.35299097
-50.92160973
-53.43575360
-2.81879388
-89.16122011
-28.79163401
-83.36327223
-7.90229289
-13.82612666
-127.75921881
-54.31793617
-116.30805886
-46.23263851
-61.65706629
-117.75199837
-50.12413351
-33.93978838
-91.72582205
-106.09861334
-78.23560324
-84.46605229
-47.31427983
-110.69482188
22.46784876
17.73050665
-39.05156453
0.00000000
-28.85874674
-50.84771429
-79.08978374
-50.34920829
-51.61156453
-26.85196125
-88.22584524
-2.05252931
-15.36482282
-32.35741701
-31.05290145
-72.41548108
-43.62638618
-122.97667116
-91.79475157
-21.38671216
-101.96221645
-44.52399660
-19.59414317
-39.53359860
-47.32870350
-8.97092261
-6.14453159
-91.93122536
-24.55302703
-79.58914505
-22.27433713
-30.75330958
-100.73732209
-43.74359016
-68.79054416
-109.40177975
-76.49477592
