-9.73336672
33.68229790
14.12583713
8.83050154
-23.86577214
1.69276292
13.02982802
11.38043532
-37.53753192
-20.71570250
-14.57624741
32.57033579
0.69156127
42.34358739
10.65526236
-1.14588669
-10.97364566
-7.68579391
72.43940725
26.52417303
11.59773377
-10.30236817
-3.59402130
-9.79964428
-12.61427005
9.86035219
3.48466653
49.26465351
27.98239181
-36.96166078
-7.51267144
-24.34241764
21.75865897
10.30713895
-30.70193551
21.34099099
9.18177643
-0.09531050
5.86420978
33.73824418
23.24248305
0.00000000
68.54781869
-19.92308875
-6.16257121
29.11181231
9.58515028
-6.15172351
-9.39815523
18.18573722
10.34057252
-25.68650807
21.22130808
1.78126120
-3.37110668
-9.22119365
23.52961662
74.90899972
-1.13650674
30.82972867
35.47708949
-9.96749824
-25.44659845
9.19761174
15.15210875
1.10624793
-6.93190209
14.78236444
35.18503763
10.65080493
9.79356956
-24.32195211
25.83702389
-16.21134067
28.95280030
-82.44980611
62.22062593
31.29630271
-80.12338139
-48.52005364
-33.65454354
-19.79321763
-7.88958370
-42.82393225
-24.24823123
-44.04809245
-87.99686642
-153.37752667
-121.49450812
-91.69028833
-33.47007395
-14.54382463
-11.88745655
-17.37782650
-9.76053072
-24.45905283
-31.21647062
-31.38894027
-66.20051281
-123.98568397
-84.36676798
-44.12781100
-16.68921925
-20.24729713
-44.70575911
-17.69013111
-37.50781670
-6.39813701
-34.21340518
-47.46895765
-71.64707915
-17.31054630
-103.25831690
-102.62960972
-98.76322784
-30.75095975
0.00000000
5.59910890
-39.72934361
-37.50694409
-8.99821334
-13.52355942
-46.54667577
-19.81778422
-30.04804357
-35.58290471
-22.07919374
-52.53851160
-67.53155338
-47.04086463
-110.12331050
-20.46346235
61.86435519
-31.07761694
-67.53357652
-15.62237633
-29.75441871
-71.23825917
-45.87208058
-44.44664801
-25.87933419
-21.03279043
-11.81176001
-40.05422729
-22.56450973
-58.26524392
-47.31250277
-58.31854387
-86.78338409
-29.45233835
