4.10695552
73.15129702
106.82291313
-10.23636532
21.61146453
34.96229494
49.70693185
41.33978593
75.48267790
66.49745002
68.76472172
14.54605110
-57.51043624
-6.17769408
58.21813904
66.90943101
-4.14490980
4.29824381
71.45620407
98.61702064
38.29223470
136.19242867
-1.97233993
-22.99470279
77.15871570
47.11884027
101.05018421
50.41210265
19.03234648
131.03472194
0.53260670
-10.37441427
8.72697415
-44.21980798
-81.52560549
-24.50244106
-13.96392918
-30.11719527
2.59324979
42.66451715
10.47438449
0.00000000
107.67528675
-59.35648417
97.06866002
28.12848337
59.00953753
-18.24711783
-16.02933540
12.26700697
-21.89415231
17.11396408
41.26833929
33.93014096
48.04932233
95.66854024
31.60634316
42.76793414
36.93891711
6.80034238
4.30406050
21.47515469
34.84336045
1.19456749
18.24676869
55.21171616
31.80981998
52.48505588
25.13565920
32.55903840
21.31498989
43.81995822
-38.97596993
-18.12778052
-16.28370251
60.56539007
110.59886150
127.60994522
45.89064227
104.96825988
64.87687245
65.02435440
40.14309012
64.76013185
88.44589373
161.16838766
127.33953100
80.50371775
172.58115095
232.29248763
103.78261902
-28.77628178
-8.61762442
125.13625135
146.77007131
46.81353479
76.53282960
-7.00662411
4.04616516
237.58029625
141.30905707
135.72712494
93.11124873
99.32909195
141.19988151
-3.34374362
-30.34904825
80.91467867
148.29313800
16.67151259
123.99833394
84.75445890
181.80984434
43.65059897
134.95265317
64.46056143
0.00000000
107.56382367
11.05620312
73.87633724
84.86657834
71.85334672
4.49373265
36.00230776
24.87068292
3.33208518
10.47711480
211.95646019
141.32606042
129.09053599
223.72419501
133.40055010
56.48226660
95.81111302
30.88037807
68.69039511
31.66833995
132.70472715
8.64395775
31.53304467
67.99648496
39.49446354
116.90426771
114.08471859
97.24847288
37.83274864
71.20754205
95.14249682
147.87336699
60.31976422
