11.68170976
27.21017530
-19.21618589
20.10131035
-5.68809434
-0.07040101
-5.51622590
-17.09840389
-28.77344867
-1.73783445
-47.00104353
16.89942982
11.17205875
9.62751013
10.32331682
-3.20667896
3.42355940
-8.17603766
58.40595400
-69.49346779
1.85886911
4.77195551
3.02385269
11.31732498
-38.65998221
2.33730828
-43.66283935
30.25729588
5.31684477
-26.76004291
12.49558062
-24.66465430
12.84794519
-20.17812314
-27.89319390
-10.20789504
8.91757239
-2.91770373
3.73268547
-5.16608517
22.98673440
0.00000000
84.42083732
15.64976483
-36.27745311
22.90898383
-9.23765416
-16.06163286
-5.59662282
-1.98437567
17.56490893
0.63097411
19.80716769
9.21905458
5.81938255
-0.58048874
-18.78470321
21.16111190
-30.79540074
6.10186173
24.01981727
-2.98859440
-11.06333122
-3.59269279
13.07752425
-42.45298044
-12.10292740
7.74599932
18.16293653
5.79540868
10.77443359
-11.43429625
22.32341971
-14.50206758
-11.10334576
5.93040686
14.80270982
-0.01673491
-26.06406648
-34.16816359
-9.01193988
-11.31800084
-6.89409466
-26.12567551
-23.61671289
-69.54712226
-10.29616492
-8.84268253
-13.62052182
-63.83633122
-10.93187944
-34.00132730
-36.51963975
-37.33701401
-46.65933696
-5.05449248
-22.97107452
1.91390849
0.06395856
-128.66048212
-56.72786982
-78.99307291
-34.90159797
-6.59652973
-36.34615953
6.56619219
-8.57728662
-27.46551532
-27.08767827
-25.04446872
-34.65888488
-10.79397375
-61.43711833
-17.18709587
-11.16841501
-25.59092416
0.00000000
24.08484693
-21.06595027
-37.48581935
1.50426829
-19.14581926
-16.14136838
-23.93365060
-21.64949318
1.24562238
-18.06169269
-41.27597226
-25.63729405
-30.48007982
-85.82276403
-55.12528718
-39.79840260
-34.58061200
-34.97169024
-8.92142972
-21.52607621
-7.78220010
3.37041843
-2.79795642
-62.73553538
-9.84552287
-21.03265967
-18.42159481
-13.72061744
23.10303496
-29.21759096
-32.70991458
-53.34722758
-30.69489610
