-21.18474461
-123.91805919
-121.24655544
38.54829452
-32.03989638
-8.34284023
-24.35979705
6.93583307
-9.91634544
-70.99872755
-87.92253074
-16.84412533
-27.91987886
1.67154458
-63.52980544
-49.50223032
-8.59914361
-12.67590275
-162.45267622
-178.14101949
-72.92430047
-163.66504946
-17.72814706
-27.01672945
-52.86981123
-31.48578155
-122.84746444
-0.53221021
-20.31155388
-100.16914496
5.57235626
-8.01141210
-10.75566495
2.21223455
3.26820565
-1.22803213
-28.49665275
-47.91527477
0.30413954
-7.72592279
-14.67144510
0.00000000
-145.24771773
-8.98738403
-131.75601871
10.72621934
-21.17554425
-6.72690722
-16.01463491
-8.98835665
-19.88861702
-75.82892790
-39.26065116
-23.48961830
-47.97445720
-50.16903858
-60.35897091
-174.84847797
-183.97125321
-119.24065170
-50.63696148
-58.18565281
-15.76024363
11.24819309
5.34914512
-39.04406921
-11.64586338
-0.86626483
-27.89445251
-33.50630914
16.05049368
-19.20839437
-59.23211538
-39.47548180
9.65338668
-40.96541301
-170.36869812
-69.37448171
56.94841848
-86.84269976
-2.10485084
-17.02888605
8.25679419
-24.48725249
-47.64790519
-89.33919405
-47.71084950
-17.74983718
-40.34986086
-76.63152315
-60.66306900
10.13344466
9.03170359
-160.77292898
-158.91794263
-74.47048684
-97.79411336
-13.25238655
-16.56685555
-82.98887068
-65.03196082
-119.00819738
18.72205839
2.15786287
-95.56129940
3.99216640
18.23990682
-19.73698918
-66.99027269
-5.75881009
-76.69324301
-43.37144251
-38.49094136
-1.27696103
-25.11927999
-23.28707301
0.00000000
-169.14713520
-3.86717346
-95.87911028
40.77500711
-10.27079999
-12.80571064
-20.07128554
-2.22602140
11.85560507
-84.12601312
-56.48933719
-28.40712465
-66.30507250
-76.02737588
-95.03135361
-237.07382231
-140.70886439
-66.53832890
-83.13762968
-30.18423604
-36.43855682
1.33843027
-16.29466930
-36.21831282
-20.20501343
0.72381341
-46.11162613
-14.63546259
11.69504231
-24.03141620
-15.78748071
-55.15616965
-12.95165048
