-98.40827110
-125.63105464
-33.14173018
-47.14274386
-27.86219570
-42.94928720
-48.90339884
-40.56959273
-44.06697433
-61.75559052
-122.01082044
-93.38145050
-133.42774525
-91.30237134
-118.36056935
-54.57762979
-51.15098675
-41.15815133
-198.00054541
-198.53941742
-70.23406580
-141.69220778
-17.55989292
-75.07238347
-116.50039132
-115.25532709
-123.05037807
-90.71473662
-63.56803164
-91.06626680
-28.83180612
9.48437790
-126.59338885
-76.97434191
-32.27127944
-91.76347991
-68.56499803
-103.14686178
-42.79293250
-66.99894956
-63.27066055
0.00000000
-160.56662454
-35.36558348
-145.56091800
-51.87719779
-66.62163862
-28.57461825
-90.81873561
-35.08610712
-55.42106613
-77.21108671
-75.86246052
-58.30202929
-41.57930800
-101.69217219
-122.22346572
-196.06859147
-259.69433544
-129.31245119
-87.32047368
-57.54240116
-71.09686497
-41.48902637
-56.75359773
-113.29854768
-34.43349038
-53.63422867
-77.67484547
-50.03541374
-47.06469589
-32.52708311
-87.25936027
-60.40327748
-105.53398330
-40.86729814
-15.01160566
12.21284425
103.73370754
-3.10136396
1.50301316
-4.14820090
13.90906725
-38.20199870
-60.08352431
-107.88648004
22.34073454
52.43552447
5.18934807
6.20116667
-13.36914978
6.59966760
-1.89304613
-1.67179574
-118.86784454
-15.88453541
-102.82688931
-15.49285164
-9.25375768
-9.89642429
-0.87611269
-38.75051919
125.76610850
104.39643508
-70.91185496
-8.89480137
-7.44075247
44.87661007
50.73702909
16.84779207
13.89482856
-8.59010355
26.09976975
7.83816231
-17.27108049
25.72380916
0.00000000
-13.04356624
1.97616056
-86.13171661
77.89061411
-18.33671175
-36.66779345
12.58119658
10.45794674
-3.13119297
-27.21095630
-17.06992212
6.99254160
7.86680509
-70.10542347
-54.69992693
-51.49966001
-100.24738872
12.41415385
-5.93422361
-24.18347992
-90.54153062
7.65179441
-8.36070614
-56.47994963
-30.24708938
67.07379942
21.81000976
72.93982413
-51.30117486
-21.88175387
22.29206662
11.88680446
39.27837732
