-20.24262017
-183.53331401
-77.38128247
-59.01539366
10.17445657
2.27280287
-25.76704297
-5.13136888
39.87069971
20.73995641
-116.62554334
-66.46835387
-49.59291793
-45.05286200
-35.12103536
-25.68839743
-50.04271503
-34.65242499
-205.48782876
-206.22056035
-76.74411082
-111.84573292
-22.55500029
-26.08924422
81.23043447
-75.32731201
-105.94740680
-108.37570527
-63.37977683
15.36032713
0.30690618
-43.92571014
-55.41462315
-89.28337353
-80.65788464
-138.63999055
-51.98026375
-45.95390746
-23.47116950
-26.57616030
-31.70241524
0.00000000
-225.16318340
-49.00958559
-86.83201272
-57.21043244
-45.06816531
-13.48374738
-51.05889846
-21.85584054
-47.26313361
-84.11318088
-20.72366593
-32.37632900
-3.00002128
33.61667625
-84.86902292
-216.66945238
-224.86045885
-148.68087854
-75.80431150
-44.89273653
-13.21934007
-19.16950576
-14.21858088
-19.70193446
-4.90449379
-65.74191420
-46.53966793
-38.60095999
-1.85275895
50.07302901
-61.03869796
-23.82367273
-86.02214901
-6.16247418
-176.90075407
-121.31728562
-39.00770689
20.40799330
-0.95869881
-17.42301806
-12.08993335
19.06709929
22.36857902
-99.06947311
-82.45954732
-1.95886253
-6.35622264
0.48553686
-19.57131297
-77.99292509
-60.51996577
-67.56051044
-152.31938543
-71.26251142
-85.37340883
-29.11316686
-31.05554495
35.24677752
-88.80987834
-120.89621828
-54.42186435
-79.82287650
-19.77629215
-20.32796429
-36.95415735
-58.05252861
-36.73260980
-47.77666300
-93.16220647
-41.11981530
27.66135332
16.43655721
11.66032212
-41.69057660
0.00000000
-106.25892404
-26.36037745
-55.81282217
-38.00762379
-31.45990840
-26.33734149
-40.32948394
-24.13264287
-12.74870238
-78.58702276
-24.19090778
16.43188154
12.03668802
-18.85872721
-103.67061788
-151.19493751
-163.52577255
-86.77534443
-66.23415062
-39.79534549
-57.43090916
-13.86085510
-18.79704432
-30.00427024
-5.03931117
-58.88453399
-58.52455792
-37.21692167
-21.21948325
22.70037487
-6.69798111
14.32459556
-59.48330395
