-17.88822122
2.34894210
54.71344182
10.20247910
-12.71429901
-1.24976277
8.19113147
26.24211482
26.34296808
-26.80243207
50.43133901
-10.16066193
-0.16869327
10.04284621
-16.73127708
13.04845319
-5.58140490
-13.68737471
41.12380565
89.97374874
2.07775202
32.24988760
-3.94623294
4.92992531
-35.12651360
13.60785764
38.63151003
53.93521076
30.31515762
11.47100715
1.00847345
-7.09139095
-4.56400654
5.52624287
-15.79476407
-0.85344872
-18.42445254
-18.04007146
21.81618408
-10.40861785
10.16451770
0.00000000
16.99614396
6.76738904
22.29038416
30.10102905
30.27592658
2.59026768
-16.97982155
5.51024264
-18.58549639
13.21033538
-15.20119224
-17.89238402
-14.18853632
-5.89091956
-0.81422859
30.61532840
68.26830182
-26.15908421
-23.25224853
-6.44722405
1.99650376
11.50043213
3.84561719
33.44205521
3.22142747
33.20699412
-9.25341415
10.94201632
-5.50558003
-2.85703151
-20.30610596
-11.99097419
21.02107049
10.06050153
9.19383915
81.32024820
56.22850130
20.61088967
19.44025197
13.84842010
13.04630854
24.55413068
-6.92773272
127.56120003
47.47056060
113.39343038
92.08016894
55.51574675
37.85763288
5.20896778
5.20817731
26.32964722
137.96607118
6.09425344
30.31161253
-6.15583452
27.74253067
80.89483813
86.31385919
65.98269973
48.58397000
46.49678017
39.02518134
6.70578789
-8.57999900
48.75341985
42.84882425
-22.91007909
59.57402849
2.76596378
51.48461172
67.42164150
69.90142798
22.24556109
0.00000000
5.37471672
14.97184840
39.94229117
46.72182272
37.55138419
-8.47956444
-0.43935428
4.31804852
9.46108912
3.76266259
37.56755976
24.87432367
17.33037131
127.34342686
26.76367638
-6.83807738
89.81132950
10.97676958
-5.09202338
14.63915612
30.18670183
25.24798967
3.16316319
37.89678122
3.03163868
49.15647719
38.01474281
27.84542971
9.68936781
38.74397867
5.63932541
47.24365059
19.35622196
