-3.32798599
-23.67093800
-18.54060735
-9.39000658
15.76360138
9.70848853
-1.88819101
-2.43483760
1.43881098
-23.65050377
26.82772004
-8.09916475
39.75073205
15.90419618
1.16095821
-6.75929902
-11.62785873
-4.02571142
2.67872593
89.65601667
-9.93757662
-4.07662305
-11.43170583
7.70830382
-14.45932779
-11.26987178
-40.02887270
-29.93156678
-13.28105405
-20.73979296
0.04096949
-9.58075484
5.93815375
-10.29005349
-10.83650497
4.57987057
-10.61776544
-4.03514170
37.61893213
6.12073758
7.07169786
0.00000000
18.11605018
-22.24551752
-9.59860399
-0.14055599
-27.96734699
7.73081596
-15.67892536
-2.88967514
-17.91466925
12.84722187
-3.87769102
-16.62778131
-13.06062571
25.06255394
-25.75103279
-22.51189736
-0.18332064
-29.23539177
-20.93045570
-9.01229058
-19.71287491
-6.25766395
4.75921185
-12.79993202
-6.26018907
-23.08074624
-3.67148666
-10.05085457
6.81085353
3.26098131
-5.25667772
-6.17111557
13.45260904
-15.78512443
-51.88001720
-31.56250736
-5.81200308
0.90519682
7.83475847
-9.78233534
-10.78649791
-8.43318017
-36.69689733
7.85376314
0.81550944
42.37560315
-12.11523173
22.40131432
5.92835537
-7.27450594
9.50424595
-20.40558216
19.32681638
-15.24504716
-8.99905086
-14.18694661
21.17509106
31.79371599
3.96649938
-36.27894329
-9.25181502
-4.45589900
-35.16706934
-6.22984206
0.07999918
7.35958664
7.37130187
-13.96502155
4.69390507
-5.50205835
17.12244293
-11.13499171
33.30129596
-6.31012302
0.00000000
-4.99251495
-0.33540665
-6.21514243
-2.79941741
-13.08027062
23.46567993
-16.11264255
0.25785276
4.88017178
-16.95838904
-6.76399580
12.38950726
-5.98648790
66.60595410
-46.60690948
-3.07711579
-30.42419080
-21.30864078
-25.30257849
3.24224152
52.97760282
-2.09103040
1.72504945
-11.01937571
-8.32122612
-30.68404171
-18.06257559
-8.79094062
4.36873882
-1.60620147
5.63732683
12.74558238
-50.32325691
