18.66081108
51.08586550
23.41657446
20.64284122
10.39947440
14.83276909
22.37190498
15.03719575
46.19676511
13.92160687
36.03367651
27.40764903
33.60745663
12.48053668
20.96293675
32.32345017
39.00708752
22.14030480
43.49002141
-5.64395493
17.03807902
41.00476940
10.28745912
-11.03679321
8.75312111
77.32447994
46.71848147
62.58508518
38.25023684
34.24694859
8.27934522
17.68420691
55.78802206
62.10305800
26.88493587
78.66058897
6.68070429
54.65676637
0.59153477
4.97137354
31.03651590
0.00000000
54.33119806
16.70957875
31.13883218
26.83692967
33.91667114
3.64366535
55.30757036
13.82675329
25.40495004
46.99820539
0.61221826
34.89060759
14.57789951
53.57171247
16.51716616
48.00716603
43.48719504
33.18110679
-3.46717751
16.48094484
-12.30443178
20.17037229
5.26705117
27.03155807
10.76018014
55.30581326
13.59724202
41.94597984
29.16194534
25.15469840
23.54328972
41.21765576
56.46224147
24.13963160
-22.79106391
16.83694799
-24.87492331
17.37161709
16.32148086
18.42058053
11.47210440
39.43566460
10.90687276
18.44547222
23.43010567
-13.60820227
23.05719302
37.05008938
41.00163355
25.36730223
17.71357491
-9.58066027
-2.67323947
15.88199017
28.04644591
24.20314282
13.46788370
93.30713300
73.66899351
61.86798406
7.26932059
-5.91581973
55.47309067
20.45816387
17.85768219
19.55236446
24.84673512
31.64423116
43.76301602
-3.88738970
20.81748824
18.84238677
24.16534839
19.81348343
0.00000000
7.74334528
33.18293454
20.27623439
-5.17219690
24.77379695
-3.67767998
37.03625384
7.71577623
13.25018548
17.37568671
11.23591633
35.52486654
29.10279798
117.52040370
32.42665971
-19.84458455
12.54222192
47.09296912
-2.00986645
17.43309826
-12.95229292
14.35674753
-5.41611660
24.74992097
23.02546639
36.50291773
18.32946046
11.79885061
50.20971455
50.66636609
6.31019946
69.80850838
12.46131838
