13.60020628
2.35908825
-5.44463839
42.31880337
-12.23024621
4.54929050
-4.69025848
1.05273557
-6.24884875
-23.24027124
-111.78456714
17.77190147
26.51235431
20.19637201
-0.14499036
-15.27212028
-8.10968037
-7.13586717
24.68903620
-120.08927249
-3.51357517
-16.27380390
4.91690534
16.74160493
2.63279389
13.52763636
-29.25217497
59.56687918
10.53463680
-28.94499162
20.80132267
-14.45406984
2.46056949
-7.37116243
-2.55131803
-0.13371977
9.95801400
2.11630301
5.27756577
-2.90530184
14.57274445
0.00000000
-3.03769302
18.02462303
-59.60833304
30.09861275
1.10321266
-4.94231452
-13.26852563
2.05243185
14.20928801
-14.29221179
13.67564841
4.68395681
-1.84685650
19.20022957
-5.48473916
-0.44824629
-21.91263535
0.60531814
13.04535783
-13.23439617
-7.55223572
18.40729057
25.40480122
-54.13280171
-9.31214502
25.32983497
19.22189135
1.82491968
25.14842687
-5.75076314
29.29119413
-9.78038925
5.31817286
-10.73921990
-12.36033498
21.67700061
2.33170730
-56.84299817
-10.02028948
-21.53726886
-10.21374635
-24.07660532
-38.68299304
-123.23600297
-15.61066971
-15.28774675
-6.84466552
-71.53959439
-26.31238152
-18.68501753
-2.28232636
-28.98078815
-57.14166828
-16.01856906
-38.99842931
-7.61335550
0.57811568
-83.02231504
-28.46098007
-61.74996747
-5.60147113
13.07650543
-46.14092810
7.77478477
4.73409057
-37.68762735
-44.55583131
-48.96944504
-35.67933320
-15.32827726
-75.76329057
3.11184177
4.10849173
-31.05848059
0.00000000
-52.72464272
-25.64170293
-61.60020901
18.36441481
-12.96827066
-4.87451311
-42.13529976
-16.23018000
-7.56047569
-33.61238942
-47.15940970
-46.82535247
-42.40449094
-61.01541607
-46.64615060
-77.59129105
-39.34172232
-50.42706905
-23.43191461
-28.93684919
-17.49316511
3.34674061
-10.22984058
-70.91803871
-24.14140248
-0.25172682
-15.63967876
-15.14051384
56.84767920
-26.67209990
-52.38987070
-64.22642924
-53.69312748
