-8.03887950
2.79003810
-13.15222279
28.10272299
-11.47111069
-11.70196701
3.27734863
-8.35465399
-27.21494201
-14.99053580
3.33924433
-3.30421375
7.74383641
-27.13666223
-34.16088080
-10.13519574
4.94809753
9.88717698
8.19407519
-30.16091011
15.10072528
1.40823929
-4.87893445
-7.56564911
-20.61656764
14.10870837
47.10141736
26.14413340
33.95258162
-23.72102547
17.48458284
30.23098373
-1.11371993
20.85456572
22.33432657
57.31384281
6.67060894
4.68722730
-12.91646342
-35.47467118
8.87668464
0.00000000
-19.70187702
-29.31169812
10.49719272
6.07950906
-6.83125227
-3.46764182
3.66807561
4.88573121
2.97203251
31.01483328
-20.90370657
0.21185174
-4.73785739
-51.68514025
27.46085415
42.14186748
95.46228664
50.13365749
23.60383115
15.68282158
-54.86846654
7.51789503
6.80499053
9.17905637
-12.39187746
5.28926618
-10.40723179
18.10754662
2.85356179
-16.89683955
24.97587658
24.02153384
54.27179867
-40.45254622
6.78726974
8.68293768
19.51880722
-56.52635285
-13.71888075
-3.97324636
-11.98964738
-20.15460044
-9.79505035
-50.35443784
-9.03566353
-46.79636129
-74.08434385
-76.56957981
-15.12673804
-4.32580203
11.19581121
30.89753995
-21.01063527
20.42521217
13.23421923
-40.03525188
-22.85662064
-59.50944995
-2.74522614
35.68176723
-5.40212656
6.10586561
-4.16043140
11.76022169
2.28551139
30.27082418
-25.55720990
-28.96525042
27.70535880
-2.51953628
-60.95904942
-17.12934177
-74.70872073
7.96575167
0.00000000
-23.35006338
-61.24200393
13.32835470
-22.37580381
-7.52791445
-18.79881692
-20.59872708
-5.42376362
1.37630285
43.54504695
-85.16967253
-45.77981971
-10.18441772
-80.52727920
15.33182479
68.45360567
56.98742568
64.94003410
8.56397161
13.47871843
-131.82381365
-9.42201124
-1.26605078
5.40189235
-7.20778004
-22.29942337
7.49878368
-11.40687276
13.29730796
-13.20471881
-11.96896858
-31.63098491
-21.78754584
