-22.64943200
-7.88347400
-31.63784459
-28.07419894
-46.05298536
-24.23016917
-9.92012308
-5.86635532
-10.98844622
-14.06596449
-5.74300429
-15.66486278
27.03483873
19.76817714
-34.65058072
-28.74305430
-23.36301151
-2.10321256
1.64531184
6.27475612
-8.46138517
-4.30041576
5.65521307
18.67291689
27.23074007
-43.84986670
-12.29913820
-55.16070839
-40.69359501
-25.37665381
19.24006119
2.90879174
-23.01430021
-37.48554111
5.81373396
-45.42296345
-26.80857936
-51.33200345
18.14862701
0.67798551
-12.96191059
0.00000000
14.65681308
0.32054046
18.20197718
-41.43609789
-27.54571726
23.96531697
-40.05245998
-6.02346319
-19.06952920
-12.81375631
2.06581144
-36.11582946
-21.87608259
7.09997425
9.90633330
-8.78385623
-34.62520463
-24.70482800
5.89852010
-19.39442858
-1.58601096
13.69181397
-8.55708895
-28.39147524
-12.09622067
-35.79916425
-9.63717005
-36.87432492
-12.59442228
-18.89398000
-24.10649714
-24.71385847
-11.84187597
2.96805381
50.78943892
-49.89044703
39.06958769
-15.94136125
-8.41387324
-7.44030439
-13.47437907
-17.46968237
-12.26120521
-20.77081535
22.05193240
94.77186498
71.02027991
4.03432536
-31.40050357
1.05338709
24.08015735
61.73491588
-10.07200096
24.43852521
-12.11646161
17.57196808
32.96558804
43.15497164
21.99877621
-12.91905589
8.06356208
-14.50492364
-43.30653760
0.21289371
8.38267074
47.62344167
-12.86086183
-7.28310903
8.74950637
26.41840300
13.92472957
37.89432745
27.17447754
0.02521019
0.00000000
53.11257534
-10.30420887
9.31763444
-2.65752274
-15.54473688
33.72442278
-15.41412805
11.95465712
28.89323732
26.48301644
52.52051738
-29.94501226
-17.32744907
-0.90774356
29.03608868
111.25313442
-6.57082164
-1.86965455
32.69910358
9.92539929
31.15792686
17.87203288
36.32633537
-28.34622766
-16.18710040
-8.56046646
28.56386066
-7.27633012
-0.89558780
-23.27904769
26.02986779
-5.13696225
-5.27449400
