39.54395515
-29.76764850
4.84492702
-7.60784829
50.06804431
26.73683534
12.49903361
15.42812034
52.05226634
29.25998199
68.91888116
-7.63553709
20.17943736
-1.51619288
5.67814115
2.28363170
0.22057073
-0.21083264
-63.41143044
69.41130302
9.80854530
25.32412069
-16.84944294
10.70804346
-35.78904870
13.74649938
-14.09322184
-35.36946392
-2.90619644
55.28742029
9.37982789
-1.46277477
22.03722646
12.58547333
-22.38120552
26.37980796
-3.87598730
8.63440606
-7.31790918
-27.00525508
7.01877816
0.00000000
12.09527165
-2.63867324
15.18627467
-4.91321172
9.34360167
-2.95372259
25.60240321
-4.17839712
5.59429732
13.32114654
-14.64193696
8.81693113
-0.43047747
31.19388067
-32.52538986
-57.78927420
-18.98501870
-33.37384969
-35.15355945
9.77820984
-9.84487656
18.66902603
16.13863832
43.16578505
36.92693381
-9.51397534
-5.42555112
-3.25663583
26.75450568
29.50272684
-13.81569091
8.93271021
29.63308008
62.85557506
-30.16096146
-37.36169464
-38.11960303
63.75416278
29.28781300
13.61933047
6.66086152
57.50203590
17.16382975
91.78876127
15.23648560
42.80430568
34.07293705
66.69776967
40.26826621
-32.26571506
-9.90402094
-40.57309687
28.50976378
-0.98789692
27.82885889
4.88554842
36.29436027
96.05733171
38.77488534
6.64783607
-54.03755990
-44.01375698
68.81009888
4.68143076
-6.18676185
7.96912471
63.62641478
17.87380100
42.12183285
4.67154840
101.12608218
1.04356359
74.89693022
16.18956352
0.00000000
24.75506778
22.96752809
24.28632356
-15.04808958
17.09999254
8.50982398
27.48448042
-2.34934316
14.02155210
7.82860093
35.48309069
62.13680476
32.27865288
163.35981955
-14.66653971
-25.84105807
-18.29445736
-19.75778413
-6.45309871
5.92727848
101.77567161
16.12437658
26.75253697
49.29359277
23.82258247
-24.98219961
8.34998649
-7.76520342
67.36998699
67.87073110
16.98647522
100.81334228
56.00531319
