14.53975032
35.75071812
4.04394991
-57.82243112
22.96905753
4.27985558
4.16833724
0.71543574
60.85321282
95.80232537
-11.07581842
1.30196561
4.70212632
30.91210726
30.64948220
21.64308291
4.42343381
6.61477555
100.77577583
13.64730331
36.82372667
111.53476726
17.37125468
1.47461743
92.50808792
-27.09255520
1.06026032
-70.92483308
-26.60823311
94.38105423
8.44728717
10.50549693
19.67480211
-35.24726355
-17.05482486
-18.90526149
1.52080102
16.99198828
1.14764506
36.63746671
17.43123441
0.00000000
96.06009185
-13.83516565
80.75637278
-37.07122168
-11.13681514
4.61636238
22.56723678
1.31227123
16.66209287
29.31691289
34.72537540
5.64856019
26.20369867
67.64462120
10.86628104
68.68404396
109.08434365
16.52339449
26.94451583
32.48862748
31.02242555
-13.16014760
-14.90894518
64.32348059
29.12783778
-39.55341967
4.24659318
-15.43413059
-4.06122066
48.61264159
12.56273386
30.21183825
-25.09041489
36.13943284
129.20915631
-51.14216757
6.02075479
65.57542798
26.29996084
12.94825927
-2.36737679
43.42751291
65.50576891
-46.93878815
53.53905315
76.54736731
72.14974994
74.23144871
17.88503373
16.87918576
2.26030229
181.34791165
15.13720999
46.67930349
54.78219380
8.02847078
-2.75489544
123.87656630
35.02376463
12.27108823
-7.20218861
-14.68917895
45.88500368
2.47577724
6.33383214
46.65491502
72.59599639
30.39714747
46.51971886
2.29305843
68.94273944
24.58990387
59.58285208
28.41396332
0.00000000
109.44424130
-11.36412527
32.34607070
-21.52448677
-6.02377889
6.63255099
51.74551865
19.87037219
-2.69547694
54.30618255
110.47312859
40.31784115
38.90296979
57.29161851
41.07337746
148.72998456
79.04380472
84.98220237
42.75898368
20.29432685
23.83316527
8.95016122
29.46071678
38.05336788
27.23625710
-17.69221371
40.45465760
6.89295051
3.92246218
52.98056334
23.73454427
121.30450763
79.06743060
