19.52193482
-63.21050237
-7.22638896
-10.04738891
35.75621620
21.93002201
5.14482884
10.52479205
20.99801843
-9.73476358
33.87598149
-17.55670532
14.72602342
4.58308703
-3.64496668
-7.90162505
-23.49221525
-15.35914154
-54.75493782
61.86540454
-14.10447133
-16.87500790
-26.43454483
2.45369638
-46.06724113
-12.95426910
-49.03141471
-51.28577337
-13.63452189
13.25430749
-2.39488654
-30.95514084
0.37066521
-23.88238525
-43.18939798
-18.61974816
-21.00909280
-17.34522517
12.77094773
-21.57115744
0.37307620
0.00000000
-8.04344158
-20.50751751
-25.36087736
-6.11223312
-10.18086812
-6.20766360
-13.90258499
-9.43414575
-17.70329291
-4.00056930
-5.13400414
-13.04107771
-12.64332683
17.95330896
-50.04193653
-73.15172087
-47.66096077
-60.10248090
-46.51558933
-12.59438352
-33.62362005
-0.35497895
5.76384057
1.13037229
16.43234343
-26.21523245
-6.28904066
-8.86562301
7.13641255
16.52275704
-23.39244843
-12.98537929
5.16711345
22.73579343
-68.42536330
-45.40835865
-24.04581409
46.50983471
22.01960817
4.92667065
-0.21991343
25.83452780
-26.90490636
34.33526143
6.23153632
62.79884526
11.45709882
58.54679792
30.32993524
-47.22634993
-19.98087240
-45.36702326
-6.40672289
-22.94210952
-15.59609084
-12.99516069
29.32874470
75.43455150
20.76503540
-34.14244418
-34.67812210
-27.59012020
16.35525539
-5.54087903
-18.58602422
-3.43646532
50.71043106
-11.36944012
21.54359679
-8.33031682
73.25776779
-6.76374962
76.11465020
-2.55240157
0.00000000
-1.06456498
1.94029924
-11.01986009
0.10043854
7.17665691
9.64101245
-5.74220151
-4.14810389
0.64831185
-23.92568747
37.91924558
47.47848704
17.24079035
131.47412606
-43.74952465
-40.02993727
-59.79774670
-34.25202714
-30.87243461
-5.81705460
93.32432650
6.31050515
19.67600100
10.26335795
5.11076012
-29.50701638
-0.88887534
-8.28981428
27.12245031
37.60347176
7.96151168
64.91225945
-3.02905628
