31.75451248
89.34609558
72.89732152
29.46472805
15.63761297
23.21919154
23.84381048
16.21715589
24.41831160
28.71524804
77.52148660
44.08178180
17.69086784
13.66804936
35.75025697
46.35929455
51.56595743
26.98422416
106.11450084
59.28216415
37.46377848
92.18683625
6.51091623
-8.38719610
-33.96349841
74.93873111
62.00080906
87.42512740
59.21536769
61.90953442
11.11066063
13.98152186
74.13606392
55.46957361
-0.91101909
86.01354625
13.01198593
38.94920418
-3.18776345
17.83141849
41.49752177
0.00000000
123.32890947
1.14287807
59.75856889
55.43892151
54.36402710
2.54850515
63.56998622
19.97753051
29.50395546
58.66981021
19.40443687
39.60294286
26.71732690
49.96273134
37.06618781
122.84845192
100.60085823
68.55880453
19.01247481
29.15411629
-7.65487278
20.58953480
9.10821101
49.99331939
21.29186383
71.97749400
34.93254284
55.30024984
34.86265830
25.22473709
21.90225377
29.53848771
58.24995354
16.61547182
40.71120320
62.03196646
-34.01723615
23.76893252
14.26639560
24.86345209
20.39758178
29.28193913
31.30066861
53.25652888
23.10444686
-47.77865653
-9.33991070
36.67125748
48.76986298
20.40705704
8.29573426
33.99165382
74.61512571
32.86217991
52.62394882
15.37023681
-5.69510910
41.32438997
43.63012801
60.76250565
14.51730175
18.25900988
79.47511502
9.29386246
8.68896773
22.61449732
71.05390792
30.65928205
52.63292418
5.84265236
10.53098549
-29.52885074
-0.93000774
15.83947729
0.00000000
57.06904267
19.36366511
41.47570685
20.01084890
38.08337920
-18.07917591
51.81550885
9.77991265
7.01786791
37.75304443
30.19379489
44.77972246
36.27224554
84.32522948
48.83482018
42.30244136
79.84264133
50.00828257
18.28928330
22.40324563
-9.33992889
4.03045984
-8.87435702
49.53014629
31.87104052
56.90339712
31.55774799
30.80342108
42.90672927
53.65417654
-1.99785844
60.46586418
60.22477116
