-25.97823966
-50.94903245
-44.47729805
-18.64449435
-0.24194168
-17.52768667
-13.49779120
-9.78284864
0.04988865
-25.53714324
-47.59683838
-33.81128550
7.05857823
-29.27348972
-49.21912201
-39.70932713
-40.76998935
-22.46903501
-44.07912317
-86.50777142
-17.82910427
-46.28368147
-27.67850680
3.28360958
7.21380893
-29.55279333
-13.45060851
-39.76551330
-15.33546511
-40.56011794
15.17435792
-14.85626673
-32.54594903
-25.22386826
-19.96235970
-16.63461928
-22.87297433
-18.36295023
-16.11472132
-59.09866264
-16.17670722
0.00000000
-64.44255255
-44.44520670
-29.82671868
-37.74367124
-24.01289077
-7.77823259
-41.55319150
-13.08622268
-19.59188275
-17.39979060
-26.96355137
-39.06168933
-26.00000361
-74.10126771
-18.17061208
-29.43753283
-9.62163061
-14.58110244
-10.74020583
-20.48003458
-29.55776891
-8.29400989
-6.36043604
-35.41504410
-10.73320597
-35.89030190
-34.35682061
-14.74767700
-19.42697317
-14.96963412
1.45942787
-7.74958684
13.37529829
-36.71872534
-18.10328176
-55.54449756
-29.21983278
4.04724836
-24.75920024
-23.58231344
-18.66844624
-5.21789895
-2.24547189
-76.18234767
-74.88242888
-44.46970011
-67.05767706
-77.48341594
-35.48390346
-50.13896601
-22.69939693
25.36030427
-55.84423877
-5.36522349
-20.57502671
-45.34358585
-11.58343389
-22.71825726
-29.23473210
-26.09640183
-43.96483904
-69.09628263
-42.67069398
2.73870438
-9.04810312
5.83237527
-53.67738152
-77.84488815
-24.92125229
-6.60244216
-38.22056837
-8.96863855
-61.77610642
-23.67428527
0.00000000
-46.67952440
-74.81925761
-7.30080118
-50.00902512
-16.68576599
-23.04955020
-59.68273243
-19.34469841
-2.94941652
-2.39114957
-72.20124552
-55.83212151
-23.68881403
-73.42722504
-30.97940868
24.42422459
-19.43738855
-0.18180541
-12.74043693
-1.87508064
-57.01953421
-18.52295221
12.89895486
-29.71714935
-22.87464760
-52.78763050
-35.78652390
-39.00754564
-8.41091881
-19.84442965
-15.26598914
-33.73787557
-66.13797663
