36.97044721
112.34876059
101.22498841
39.46500176
17.92086227
45.04750909
51.41923551
48.45258696
85.80115917
62.43904260
126.14229064
53.84644743
78.07454930
71.14153060
58.47781541
78.09580911
48.15284269
45.31616275
130.90532631
160.71251059
87.29426160
118.03866222
21.28451839
35.86790092
133.26716267
91.29209435
133.18560131
55.68386034
22.17609625
157.49062543
40.54804258
67.92166756
45.08184359
93.49590969
31.36410575
116.19483308
41.07460101
91.08097225
72.86670431
71.37574211
19.95172282
0.00000000
132.88075473
44.22836040
112.80924050
33.28941099
85.02216753
31.03088352
40.46323985
19.79711461
27.67995039
55.53090912
41.23363176
37.76197205
49.09981348
90.74655891
123.68830661
116.22000517
193.58430399
83.92325104
72.07398969
40.36955239
50.85844561
41.78988349
50.13918874
122.63883540
37.68534579
62.04556192
25.90115555
20.21176034
60.59960720
75.65534569
36.47021086
84.38789855
100.43848847
77.19159526
163.29311909
137.18402451
126.80696874
31.90793072
64.03946545
60.26007641
49.76247956
54.41986731
108.84003730
209.30049093
168.49256497
182.15598399
192.34793601
154.77604872
72.74088146
103.02101872
91.53294016
131.36560096
220.87839924
80.34308725
117.87369027
38.16099829
75.23857588
178.38573932
185.08797848
156.37824536
135.29847885
147.51734919
146.19524962
42.43640170
31.50620952
156.62358850
195.40793792
94.08839492
172.46759774
98.99378398
193.50496921
117.77510456
144.35131817
86.15388469
0.00000000
105.21111763
85.68034134
132.17615843
111.32969843
71.15434594
94.87069243
111.79990568
70.95089134
48.52549234
54.91222910
169.51829591
98.85449610
65.31443163
211.38558106
167.63960718
113.78397623
224.07819673
117.62298346
88.46450563
78.45047621
132.59546166
70.51897414
61.51242883
136.55221822
39.06673899
135.64328122
120.44910059
83.95670382
115.89517687
53.65988118
118.22238829
162.46016351
174.36767988
