-16.89900539
2.77227371
-16.04758003
-51.23786370
-34.44037986
-17.55941426
-15.57532829
-17.25643781
-40.47987162
-8.48685927
28.64909640
-18.68576094
-18.73365244
-2.27047076
-30.24478196
-17.11840221
-28.01333918
-28.14820107
14.34040141
43.01435185
-9.13727586
20.62285169
-5.32234436
-9.05073107
-66.42900304
-72.53961094
-26.20433911
-64.99620610
-37.98270246
-33.83667039
11.09173441
-50.33480949
-15.35732352
-81.51965311
-52.54283867
-132.88708322
-36.16381192
-81.05467941
-22.66382717
-11.62247660
-16.31454154
0.00000000
50.47297678
-20.30626568
21.55284920
-43.58462656
-29.28567387
-4.69072965
-40.42615145
-15.25133275
-21.88375122
-9.90515914
10.48119516
-24.95790978
-21.60444982
-54.75142644
-28.92013541
0.78171299
-29.35447158
-30.23350866
-5.10436001
-10.20988605
-12.53598314
-25.21669635
-17.29555259
-45.62263025
-15.36500055
-42.12967685
-2.82141562
-20.21928872
-17.02444593
-40.16489225
-44.33174685
-56.80128662
-66.92568237
-1.89775542
82.33627898
-32.88485316
-6.63488757
13.76783126
-0.62745359
-6.28141681
-8.65819258
-26.19677414
-11.19881562
-4.42089756
3.45475222
64.99686024
58.59439938
24.09799612
-12.74665434
-41.69165518
-47.64392430
70.24657182
45.87206187
25.29172914
0.22864141
4.02195625
19.75845988
-34.67642779
-12.19072072
-4.45219209
5.25868137
-6.64201080
-39.87552211
-3.56820014
-7.30507953
-10.09867538
-15.40544545
-16.47146256
-17.87153366
21.35034444
10.61059828
10.56622152
16.53405253
-27.28339533
0.00000000
105.21418968
-24.07904632
14.66533974
-12.53536722
-9.80759113
7.52770439
-15.71003944
-3.57547085
9.20107268
32.92777199
56.24317231
-6.74452320
-3.47731493
-60.32410672
19.10832694
136.59737994
12.66393756
-1.30395455
30.40043285
10.04482629
57.68868569
10.34560289
33.38156344
-28.19448897
-9.99317872
-14.25942901
25.46176761
7.81410103
-4.05966642
-33.35132291
17.93838066
-25.90958071
-46.02968868
