-9.15661381
48.01262257
63.71833876
89.67844152
2.61581465
8.96139334
17.92366316
22.91953276
23.82072366
-10.66766688
63.01611546
40.32976392
-40.99750242
-12.71353248
-8.29577325
-14.87905912
23.59594480
37.15585892
-11.55426758
138.94238734
27.35906237
33.99298863
-16.13071631
-26.90046589
-31.15144686
43.43839314
68.88521589
70.65882424
20.98046202
38.45923973
-22.66265205
5.74926024
3.31712449
22.94057026
-11.40445378
49.89673113
14.35916979
12.87989675
-32.18748489
21.75542813
-0.23083517
0.00000000
28.05125764
-26.74661201
11.03326699
38.11890666
39.82975705
6.04023348
-1.04369994
32.82554046
5.66419663
17.46339134
4.06110019
21.44027190
-20.66956724
-16.51345894
30.92439827
18.80556362
51.00398941
28.67871094
4.20615925
15.52764367
-18.49271199
10.48010947
2.95353509
15.70725395
18.87322317
32.71035024
20.00664736
-5.02952808
5.10170139
-5.72882762
-1.75090265
-3.95181176
19.40781211
8.15203857
43.49449254
90.66007540
57.64124487
-15.74545681
8.24044315
20.37241237
6.78005856
17.60454295
21.80787714
68.47109163
64.57185356
-8.50148278
11.80937424
19.05371351
-3.99042630
-8.42182510
7.10607791
-9.36531941
69.89812346
10.17560205
35.10335023
-24.54735916
-17.57618672
75.78367263
45.84502513
107.66337468
87.87461817
97.09060473
53.85255742
10.38408825
1.37922809
-23.26740801
11.89088295
-8.04595019
21.89106445
39.44582780
-1.32456620
12.66883383
71.72659059
5.23998690
0.00000000
-35.05020683
-23.83782067
19.10932231
62.51026064
25.79076533
24.06043566
-26.25237232
26.73230262
8.57552258
-16.35481576
40.60357049
18.77847677
12.33127426
25.12288439
83.77818276
-61.29731720
34.15612215
24.04012393
35.85308382
14.25564553
-48.69167066
-16.74993631
-11.70002992
32.81416023
6.76926545
51.89511056
53.52099943
18.64261084
34.17450028
22.23302425
32.00786036
7.90478263
-17.24290435
