-2.70723798
-12.63704507
-67.77108443
76.21060054
-9.74615710
-3.61566342
-6.03583819
18.80625440
7.26620529
-46.07589075
-37.71609134
18.91313926
2.96966523
28.20643762
-24.28468639
-13.50215465
23.06185376
10.37498190
-26.15639824
-67.01899467
-27.70882735
-88.08575214
-7.40557804
-21.10316302
-3.28171919
19.40524718
-64.08999079
56.93664929
13.81066997
-53.01833027
-0.43670189
17.58121340
8.99759814
40.60397095
4.65961810
38.91894070
-5.32444749
6.26043923
34.84099558
34.33650053
4.82016253
0.00000000
-27.12894916
-5.47033450
-79.50059946
48.98921897
5.42373084
7.27012631
13.47372986
11.16431125
-8.54618095
-19.14778290
-11.92908028
-4.29196998
-15.15570977
16.79348132
-14.71196583
-63.29866160
-49.71043701
-38.43940030
-23.36176192
-18.29838512
13.51465738
18.87951676
24.44469832
-11.74268815
-7.33529967
43.02987542
3.47032522
-1.25524121
13.64874015
-3.59778997
-14.51890770
0.01903599
25.82106506
-27.74736943
-45.31749954
5.61357231
90.52132762
-69.48423904
9.20775745
2.96573554
18.06304292
-14.40412358
-59.76128502
-19.18929212
16.05787859
-4.17439205
-9.08707402
-25.92169134
-26.48087610
32.71301808
36.21017007
-70.92524199
-45.01693298
-30.60616145
-48.27856263
-2.28573459
-11.93060163
-50.71663918
-13.52238060
-54.31726947
63.95938506
57.79083281
-47.44433574
1.84383496
13.88710581
20.86194912
-12.49060501
32.54879391
-24.01896421
-11.02904657
14.14113694
2.43412186
12.58180679
3.25254993
0.00000000
-50.31723370
20.94222005
-67.99048928
79.13635809
14.17585741
8.15843036
13.26174764
15.70211301
20.92075185
-39.75935551
-1.11409986
4.30569068
-32.57308590
-16.41169772
-45.85507515
-116.95575625
-23.96473728
-13.44080966
-40.09740220
-11.15815015
-27.16113741
3.40756736
-3.43636626
-13.74458122
-13.72675559
57.42569137
0.10552372
24.74447588
-9.99776873
-14.60572560
15.90737939
-10.46260023
14.41667080
