23.75322536
-72.19690988
-27.47122215
8.26963303
-4.93648716
1.68397943
2.13534947
3.90980157
-35.44649352
-57.82665731
-140.22469434
2.59554104
25.18267561
19.41770461
10.04290385
-4.89623957
-8.84107804
-14.80348417
-72.66675131
-177.65004208
-28.04416915
-93.39861799
-10.09403923
14.49172055
-38.42204541
-3.87628319
6.38811159
19.37684504
5.25703343
-56.03215901
5.78912416
-49.91816345
-15.06032225
-63.22426580
-38.07671263
-71.40272130
-4.47099107
-63.75022584
0.81007774
-13.24490893
-5.28916997
0.00000000
-75.73562129
5.52457712
-94.00040433
17.59637384
1.82314287
14.91578466
-26.35044008
0.92611567
7.73704040
-68.81103989
28.47190087
-0.78800085
0.13265556
-27.79116259
-15.78489708
-78.31415366
-92.85094446
-39.91505722
-14.42693888
-35.58161597
-10.62948840
0.57303394
7.66747162
-84.52254820
-20.88737427
11.69857647
10.95201732
13.68138328
9.88303160
-27.79948279
-1.53845539
-43.66570566
-13.83207347
-25.46161112
-28.46128737
-11.56133923
-26.88519343
-9.00582923
-13.60323630
-16.80632056
-3.11387254
-32.04311179
-39.66251986
-151.64909145
-27.76409664
-49.71340249
-11.09929630
-59.49491398
-24.43928468
-21.77757662
-42.22402647
-36.72941300
-108.21185001
-17.90773552
-62.69723410
-0.14180286
-2.07638632
-76.62667588
-22.76908613
-22.19974428
13.47974901
-9.95717567
-60.36705082
-5.16882172
-22.65763948
-66.34312978
-82.59656023
-65.99275479
-44.21100701
-5.95707754
-67.90172266
8.04858511
10.41915248
-25.51081158
0.00000000
-57.52441363
-31.07545829
-61.23641721
6.91035077
-5.46490135
5.68082783
-37.76705901
-18.67685184
1.90694544
-3.15773181
-20.67950705
-32.05015691
-22.98585928
-67.37037043
-16.13264917
-73.82839454
-78.84459911
-34.26142014
-11.53309203
-21.51644549
-34.86166772
-1.59824377
-2.02188686
-70.58697339
-23.00996979
12.67598902
-4.26466377
-18.97036561
-12.66127774
-36.38160879
-30.80922553
-80.32028129
-78.81339026
