21.16333772
78.14669334
62.24717518
26.74803444
10.81379708
10.19848915
10.80796096
8.02654685
17.04370390
11.15108047
36.21868174
31.34620521
-7.11307193
-0.87369740
35.55635829
11.57255858
9.17414586
16.84166644
78.64831853
143.34167728
44.98150618
57.90327204
-1.96539543
22.40051157
31.68861859
44.28697939
63.95266198
41.93529529
11.03096774
66.74045753
-15.08179759
10.36659620
18.10336927
57.85916088
21.76158940
48.94239835
20.83782583
50.37335562
4.55706306
31.32657947
5.84203340
0.00000000
80.69294660
15.84989434
30.74602112
29.60854807
38.85349020
15.79504960
28.43061568
14.81235472
6.97789403
33.44359794
33.19346401
18.96237904
17.23586241
34.90104348
65.15480687
59.82576411
146.81317916
77.72277374
21.76020841
21.44444527
39.99356446
-13.07393934
14.79976644
26.72108060
10.51533925
44.04696507
31.52633764
12.90758980
-9.42356422
15.93314407
27.17199931
18.01791089
30.82550693
24.61776833
82.18487228
63.41570750
9.48573458
42.37526163
-5.14646814
7.13970468
6.14071590
10.67079085
27.19340988
88.79046856
17.08936590
-70.60672307
-41.95011228
34.44830251
3.15266496
1.24994200
3.23951298
83.35296067
114.45630770
26.48441736
49.82063647
6.60133689
0.91122882
51.92181795
10.03792185
79.92811559
33.27988004
13.55972446
72.11127317
-3.65377924
18.78149649
13.62681356
7.73749230
28.15795193
18.89524751
25.37841152
-2.88390582
-57.54824132
-31.91761260
10.02346779
0.00000000
14.82252040
37.07289528
19.77409015
25.01585458
16.29786985
37.67594020
5.41928992
5.71792434
-24.62126581
-1.85567479
61.33397454
21.85407891
29.93912645
19.66307501
92.27261573
-13.85475075
132.04280330
46.17547388
36.08681672
14.48294274
112.30804173
-9.24066033
11.73148547
33.50440841
7.14326905
51.63348051
17.53611494
27.98475723
18.85032653
9.21672883
20.64510597
26.63522909
11.43907659
