-22.60036572
-117.54029136
-50.08090974
-28.70711095
9.25958297
7.40871737
-13.21048232
10.00971576
72.98919318
24.62165599
-63.26170638
-39.52575515
-39.74484558
-26.19881966
-19.12271761
-12.64756554
-29.62159901
-15.74746322
-140.33267217
-154.11937558
-54.87003586
-62.08715849
-12.25691586
-20.75483167
124.13201221
-26.56248834
-55.79180153
-56.39993343
-41.08394183
25.61930896
13.10916940
-14.20048572
-41.79270493
-44.27797359
-42.27897912
-67.52831454
-39.82951471
-12.83970990
-16.50173133
-5.44400963
-19.13873262
0.00000000
-173.78197919
-33.68054123
-39.26082355
-33.38547561
-21.89123277
-5.55194188
-47.43548024
-7.79444674
-46.33975513
-44.79839235
-13.10129501
-22.32034218
4.06885523
65.14734233
-40.34607789
-139.80198484
-149.91754490
-104.94149320
-44.98483964
-30.66467138
-5.12339486
-4.95434716
-7.23649787
5.02907958
8.94203396
-35.81219228
-31.88686970
-30.98861008
11.81222289
50.86369087
-39.44956240
11.41986245
-42.92716847
7.62770010
-140.71925200
-69.28622270
13.35279195
31.28664751
16.22670727
-2.21590743
-1.85703876
40.50298116
39.89643601
-34.75589173
-29.13443394
2.98201270
46.47994753
31.01464200
-7.95533686
-46.50399024
-12.02080365
-20.23823024
-80.48404803
-46.54788324
-39.10511004
-22.08737669
-19.14700119
119.93646537
-20.64492031
-46.90534461
-1.56233071
-30.88010591
9.66863979
-12.60112941
-24.17962628
-13.18186369
-18.54689269
-40.76194447
-33.30414939
-23.73729442
45.46466201
23.70199492
40.84201636
-11.61897336
0.00000000
-87.99752861
-23.05124838
-16.32119577
-5.32748249
-1.15226150
-5.06718456
-39.62545963
-8.74041690
-2.17659733
-40.37848488
35.76085164
22.47648416
30.82509865
35.72725146
-39.96369462
-83.19387709
-98.18404889
-35.13136980
-28.76860893
-19.83686729
-50.90829134
-10.52427271
2.75642319
13.02832654
-0.27432306
-14.80002953
-6.00956246
-11.36197921
21.73382801
39.93984243
19.74724997
49.71033323
-35.19976688
