1.20771026
-3.94777886
17.44595475
-9.07032767
36.67278630
11.93713635
-2.04190701
12.58625899
74.73010328
41.97424330
35.62010266
-5.89729309
1.87929214
9.73102670
11.00290442
23.33011232
13.79309900
6.96065515
-43.99834462
-41.23164485
-10.15913086
25.23497602
3.99949328
-4.39861514
95.11107409
5.93447703
-15.23441659
-4.06815904
-3.91162068
39.69063269
20.42671926
30.08242683
-1.17709308
19.64794436
21.69657449
29.18117938
-2.68447760
35.79611406
16.29405887
10.50625799
0.07484723
0.00000000
-39.84705477
-5.27313551
34.67609808
-3.35469053
6.59445224
-0.76539644
6.67438435
-0.30996376
-16.81344066
12.95244896
-6.98639627
-1.17397200
13.46512550
57.71479974
1.18898939
-17.45943793
-32.73069774
-27.64698837
-2.14839588
-1.26286296
27.72906209
1.03994004
-7.61058370
41.52769786
29.73376218
-6.72989537
-17.48719845
-13.20005786
17.75631850
39.23321282
-3.55237637
46.43966369
12.37272064
47.00269856
-35.94566565
20.97751859
63.32246360
58.00987210
40.41393694
15.97872165
14.67111360
53.98588736
48.43002837
58.71550434
46.32203213
54.32989210
92.28261717
86.42803174
31.48460417
35.75553370
47.29849095
18.55518526
3.73849574
2.76555273
26.37386690
4.93572388
21.01817026
147.50340459
38.07940449
25.09927682
43.14735863
45.84726997
48.05638054
9.00601976
18.12474776
60.58888569
62.85637974
33.18551867
61.64757606
12.67764090
105.96861795
31.32301096
52.33324108
37.75974532
0.00000000
-2.76055533
9.10988797
38.81892343
31.35103399
30.34391934
20.41936925
30.34163399
20.89325965
18.38156145
16.23005693
85.80238428
52.35387458
50.28330830
75.99528506
18.23217539
23.95306284
-0.75732686
39.04639794
17.64817264
13.01643208
-0.59384968
17.13094605
40.51218030
65.73557281
20.46400015
25.06655223
42.42861399
32.64710470
56.78109946
55.95979010
54.81500384
100.89254530
62.39245751
