-41.39193085
-66.04756481
-84.39147351
-36.09329001
-26.94517698
-26.14133104
-39.27218056
-31.17070196
-26.71325420
-5.50722326
92.67564086
-42.72011523
-64.69086504
-62.95079051
-94.15580123
-60.41265692
-30.36274335
-12.75616974
-49.76414205
131.92906549
-42.67736021
-48.49921863
-15.15368062
-31.53651162
-142.86943860
-52.06783995
-105.36957551
-79.57749323
-36.22898579
-87.62932158
-25.16617609
33.94987323
-42.68576134
-3.04372315
2.64455155
22.32908078
-37.66532778
-34.66947215
-66.90781761
-41.47258340
-3.20696872
0.00000000
-67.22677793
-47.09446710
19.23175465
-38.52828752
-34.95361543
-17.30460429
-15.62273896
-13.98151770
-17.59838776
-4.22627668
-67.43316412
-34.27216086
-55.19324927
-91.10893707
-97.77711987
-82.83566039
-56.28702797
-64.20385745
-56.47471929
19.30311084
-65.67879374
-19.07196363
-24.59606577
24.44494914
-20.69781299
-50.95435371
-58.17520697
-25.58437756
-29.58334473
-31.16956725
-34.23983979
-26.71467100
-19.29533359
-56.29016827
-153.24508417
-69.40830305
-53.18266829
-45.51922202
-23.20558325
-30.24466562
-30.66751778
-6.65471071
-0.98824320
47.02730039
-91.01661313
-111.00159240
-150.87788746
-115.19638015
-48.29634744
-18.62088111
15.16719770
-136.48778026
-22.87366172
-55.75056897
-22.02114412
-26.03050196
-43.39209492
-93.68825649
-81.29250410
-112.54730785
-72.18112614
-87.77329001
-69.98314880
-0.65463257
7.78403799
-54.80144923
-51.54559534
-4.43831925
-72.03558364
-90.80501140
-82.69210174
-84.42757575
-75.08237380
-10.55962021
0.00000000
-56.52030695
-18.09774036
-2.05817051
-67.56495497
-35.36101744
-38.77886226
-16.65299186
-15.85745294
-36.80035085
-44.45838669
-143.28786531
-71.58683286
-62.75070421
-74.45966209
-132.44826016
-79.89784641
-121.01106421
-83.13619436
-89.64866386
-21.14289737
-73.82445230
-19.08342765
-45.31906364
16.36452887
-7.00017230
-81.11698597
-116.69899277
-62.49842287
-20.10541498
-11.24517615
-56.72800050
-39.20062351
-48.72693029
