-10.14108983
-87.90984217
-8.80635560
-33.02233461
18.00258070
-19.02569306
-30.65134379
-43.33677691
-43.51382571
30.68928173
-45.93225140
-37.23742453
-14.57402845
-7.79383817
-22.79670955
-3.13836778
-4.56490806
-7.57438238
-82.18098786
-17.85770616
-28.28211817
-4.07912469
20.83068783
10.36272933
-64.59742906
-104.25543878
-76.65132758
-115.26439604
-64.32522682
-11.66974145
-11.38675080
18.80769894
-41.83117431
-60.47634689
20.03943557
-70.78547612
-12.68578388
-48.09578273
-3.11640884
-12.50447501
-19.94597080
0.00000000
4.85547399
46.06860997
-37.46552749
-38.04828886
-55.20029257
14.77089241
-15.76328061
-18.72185323
-14.54006883
-34.51230852
2.02886982
-14.70850815
-1.35506124
-49.61866031
-55.31214433
-109.87677755
-115.17392480
-75.72864907
-19.27867122
-25.40308656
2.38127499
-30.05436975
-22.07781968
-51.40874259
-2.74469240
-73.65122335
-24.81932495
-37.97017843
-30.47431176
-9.75321558
-18.69734663
-35.66388256
-85.42635018
25.18451619
-26.31612158
-59.06088763
69.59445128
26.17168747
-9.13406001
-14.38281092
-16.49226334
-25.51703844
-16.80245391
-63.29812446
68.59509520
138.26898331
101.79473845
-22.49955517
-16.47021001
40.91250320
20.74603839
1.66202907
-32.08740818
1.30912390
-35.86087623
24.07183826
44.66305545
-73.10770004
-25.22800099
-58.98126053
-34.19433581
8.79168481
-53.62643386
-20.12010341
-1.40519459
-23.78244621
-9.92423774
-0.22094340
-17.93533571
-3.43020414
-48.62560978
70.93731308
71.12124157
4.59274823
0.00000000
43.45030093
1.89124636
-26.74039846
-19.40850283
-40.45301381
13.55339419
-5.80648880
27.00952047
7.12903593
-9.11958537
15.68230398
-8.16977815
-7.42725188
-101.28671433
-54.73052593
0.11054090
-59.33449242
-35.82056527
10.00665096
-25.86353110
-43.88007627
31.52806584
27.66208488
-47.27924669
-1.16141872
-66.70120968
8.20671211
-9.77930714
-64.60409546
-24.92012262
-18.50146436
-52.25468455
16.06462716
