-56.54537253
-86.10664588
-69.26196286
10.89833453
-51.97950369
5.99963597
4.69854517
2.22644474
-24.55986274
-47.14952593
-53.87503306
-1.99863843
-49.95972507
-31.23251238
-52.37863084
-42.79580580
-10.34728894
-10.77276740
-70.06372436
-76.18113547
-28.65352271
-69.39546521
1.81227902
-33.62299083
-102.08676911
6.07924397
-50.54145209
-15.98743170
-4.41580348
-73.04079828
-30.90156192
-18.28695460
-17.78799004
-18.56164683
9.27968862
-41.12539692
-32.33531970
-47.89909829
-55.12619898
-29.61792761
-18.11705833
0.00000000
-127.02658780
19.24968320
-42.57695136
-17.85582732
-5.73122641
-6.41593280
6.33991282
0.19262256
3.55064325
-34.20409497
-20.63681664
-22.67358479
-37.04093177
-60.06291646
-65.13842930
-79.63034360
-99.60964464
-54.94156674
-41.60096971
-15.47933100
-72.86824043
-10.46944020
-28.53686348
-55.82208516
-15.49971861
-20.57653118
-14.56767031
-11.21030045
1.40988159
-34.48985412
-36.53460527
-40.91664175
-28.92662700
-85.84105586
-106.13564715
-71.04739650
-46.36544759
-56.65418073
-7.23575338
-3.33260575
-14.49461727
-9.24449386
-38.86211663
-83.85410937
-19.34723315
-17.21957659
-39.78218564
-56.29538463
-14.00478240
4.25047848
-0.93848668
-78.98183688
-114.65404876
-47.97740695
-57.87035579
3.09905754
-36.20622855
-56.97135850
10.11865721
-25.43195518
-41.70083746
-37.75358959
-46.49938081
-12.70564983
6.58662930
-74.28580613
-94.66947383
-27.12273865
-54.40921468
-64.15134899
-84.85069093
1.02799974
-1.77013559
-36.97400826
0.00000000
-72.48010735
-8.36508176
-48.76200845
-43.36223315
-23.54985584
-0.66838221
-37.84726207
-10.02049283
-30.44246617
-39.95019118
-53.46939321
-48.81235807
-33.92204839
2.05407048
-59.18997618
-90.96369016
-115.67607956
-12.79885254
-55.40937463
-29.14733400
-83.39455736
-21.05342368
-32.53079557
-53.73191300
-13.47325075
-44.57676420
-27.80120040
-41.32448331
-4.42661664
-21.57686655
-71.37932880
-53.37108229
-98.01921406
