20.25595833
53.59659297
69.99320555
-7.29853151
52.43523228
10.47360029
0.36822066
10.00659297
45.79786265
32.90759368
96.22373783
6.17829971
27.59627608
29.64672944
20.41121061
44.82853505
32.58248440
3.14622628
19.94557354
48.29759063
14.72819254
70.64691010
3.94204445
5.89772285
3.50361732
2.56343978
-6.77247837
28.33939833
22.05582246
34.70332926
13.97560294
24.35820559
25.31893109
37.11193323
27.43274048
44.84833285
14.51627501
41.89097432
39.24567773
3.25551414
10.33273438
0.00000000
61.70423334
9.80562292
59.50566478
18.34531083
26.05055092
-5.44393044
46.51001420
-1.73029231
3.99318727
39.35283642
-5.40001120
3.44827856
9.00287726
18.51406632
0.80559953
47.04528552
32.23611286
-1.74485274
6.30537294
10.34715940
50.43199193
-6.63389381
-12.60596161
45.78446763
33.50699848
9.65964304
-11.08348944
3.08344172
7.36089727
15.82511273
7.67716257
35.06972051
25.61111228
72.32281410
41.63043163
82.71796406
62.18976333
75.45049434
48.39786401
20.99462489
23.34555154
47.44573697
26.39489064
123.72781557
70.73131287
108.45983962
99.03220862
108.11447764
61.84639248
66.89174492
38.53433139
15.17860783
69.93101966
27.30930641
50.03114936
17.33699909
50.13954296
98.31260210
39.34820645
47.60066292
50.32034759
81.08695834
59.30769446
20.31501429
37.96411525
74.43175560
112.93233649
68.68725643
86.48105008
30.53743478
141.49222516
38.68194501
53.43813629
47.00281068
0.00000000
72.51107312
29.76815874
61.09705000
48.15431164
41.47152112
18.89464633
76.74129782
27.12738731
24.90260971
32.59544301
85.93165632
70.17263953
48.19506680
76.92993094
26.26723387
67.58358469
55.84674735
51.82479523
26.72544302
26.43888295
48.25491865
40.87633550
55.07865151
73.40782569
31.44146506
36.09356874
50.90309573
53.56523491
54.99402863
58.25320476
58.01921622
110.01330368
100.34713325
