-0.04738407
-5.77521478
-36.33747143
-11.13635925
-9.06679022
-8.47246747
-13.37346204
-23.47166098
-52.60591778
-30.16115924
-112.76948387
-20.76585036
15.95029128
-19.22419250
-4.05822117
-11.96875063
-8.10666240
-8.97343664
0.49533996
-116.26930530
8.44451113
-29.23637069
5.72919623
13.69324048
-18.93854976
-15.30339338
-21.12570476
-0.26717085
-6.25937925
-60.98295231
-27.58308132
9.03364874
-13.35481228
-7.77893369
30.81785326
18.00263673
32.03851466
1.90988646
-15.66879107
-20.34449107
-13.22532932
0.00000000
-46.86352345
28.20019265
-37.14898655
-1.30374190
-32.30914692
3.41012875
6.13853120
-15.65311353
40.68438423
-4.48469110
-18.49378155
-4.60005227
3.16087911
-25.17817835
-8.16500090
-1.65875031
38.04883510
29.92374610
6.67138669
11.19186358
-21.11878454
9.44333462
-5.11335018
-36.87878109
-15.30587327
-9.81402712
-5.17584352
1.32238101
-15.48649409
-29.79178890
46.17240217
-7.81081241
-6.11356265
-29.79767446
-8.39757831
-20.04524257
-31.47896418
-68.79921289
-36.24524085
-24.90249964
-16.82216731
-40.90779601
-62.60843080
-128.56693292
-57.67181929
-82.04866277
-96.43499562
-88.01664503
-38.62644334
-18.12943809
-11.32563198
-20.78039350
-109.63166221
-10.13112573
-34.14804570
-3.80923868
-14.74086628
-121.48471974
-57.90614347
-46.95811651
-52.72310234
-34.74685305
-56.11173788
-15.99917582
7.07876440
-78.66902095
-60.72691163
-8.20033548
-65.45424002
3.46658280
-67.24303155
-59.39636511
-95.02464485
-28.11898010
0.00000000
-44.90497322
-3.95071241
-47.03094871
-40.89641448
-37.40611262
-25.31329197
-13.91156906
-27.33716376
-0.67465848
-22.36809298
-89.16999732
-60.22578115
-48.48853045
-112.94291009
-40.22292493
-31.21028019
-12.81328427
-42.41606205
-5.60663379
-15.73167364
-69.58281024
6.70295607
-20.81123724
-54.35266882
-22.98723230
-38.05295587
-43.20424447
-39.33017540
-14.79276887
-50.23655952
-31.70807351
-79.40298934
-51.36076826
