25.43530576
37.66974491
74.72954345
33.90457840
3.40931496
15.03418238
37.03919967
19.20313896
14.64449300
29.08344469
64.88697061
45.75486119
-2.94095390
21.82410922
45.45556685
39.30950474
19.73446708
16.83396849
78.13909299
91.05686993
27.51287028
44.69227646
4.08954565
9.11299977
51.50930684
53.13608233
107.36669671
82.99710465
57.06164804
73.43194328
20.87459083
-23.28897542
43.11111444
47.53905480
6.96583621
27.03831582
30.06737701
58.17304469
11.10020866
29.53776310
11.99448109
0.00000000
64.59864229
20.86834270
36.23136551
34.10276527
58.75928869
9.14838659
32.78806025
23.65426436
10.05903977
30.00120994
40.35096818
27.99927818
22.55422473
7.91730300
67.87736724
79.14026241
107.44515196
64.74746969
23.84809158
12.55343077
7.71437496
8.00606387
22.26122642
35.24072828
17.09460456
51.31488644
40.73852125
43.20281492
22.06239329
21.84034094
31.32598509
32.34057989
23.54752769
-9.76803978
26.13693569
52.26143203
-50.61704621
45.36715752
-6.97757588
22.97555246
11.67611174
12.35264342
44.05090288
25.40786525
-21.17824431
-75.72269490
-48.10243370
-8.67138670
24.67394188
-3.30956825
-41.72259145
22.91676541
66.54634438
1.85152384
31.19561345
-14.68172284
-29.74341282
-0.45411512
-7.71058702
78.86726685
-2.37826022
-0.89566583
66.22854058
12.32021799
-13.66848127
-41.65923737
9.20916331
-26.48813361
-4.67404899
-12.99155576
-41.48029727
-30.19867981
-22.47019706
-13.06278552
0.00000000
18.01808404
-24.90451825
14.12293079
-10.31322994
21.50885873
-19.50615774
-9.62463120
-3.89880560
-27.65344365
2.12058161
-6.95288388
-2.35768096
28.93865490
-12.34716056
60.06188143
46.47425055
39.20527278
17.22618653
-9.24543384
2.35449548
-10.16390891
-26.99230081
-21.22396142
24.11076583
13.60848725
8.67362964
13.00529044
8.32815235
-6.41265435
11.17085247
-30.20880249
-16.79567070
-43.92729191
