27.92738858
82.37806702
97.45116378
38.72439718
3.78341764
39.97307064
31.87142052
38.21604045
34.17988591
18.71683265
10.83722890
49.60884062
82.11040929
56.79704294
49.54571084
54.07874977
48.04278744
29.26213302
57.13710084
34.61621459
56.93113830
27.15688861
10.32307757
29.62563201
86.14491417
60.46673438
91.33049878
81.87304084
43.38836941
79.66848239
39.24479739
18.58076963
58.48737692
79.70017660
39.12543716
56.76422521
41.03547476
65.84972587
55.42649959
44.57342112
21.12267539
0.00000000
6.55096352
42.29617895
19.88481121
41.20321686
46.72133691
26.04285604
48.15649497
11.78670705
23.44788148
18.39020358
37.43275576
23.76341972
28.54021342
49.55185236
88.61107539
105.08516804
114.50464725
59.18402057
59.10685895
10.86299486
64.78021709
41.94201678
41.07444438
40.47434020
20.60700373
53.11662416
26.21897918
14.45645620
66.75879639
35.95641300
15.76426083
57.79743424
84.49673346
61.97131223
119.15412861
130.64535147
106.95193912
-32.73502399
45.01208737
37.48410771
38.61123423
23.77792809
60.74839437
96.46383894
104.23852030
125.05109137
142.74436124
113.04081713
45.76576133
107.17106781
44.46785492
44.73175783
97.68182321
41.64231471
49.34713516
38.09316260
72.42733795
84.11832673
124.67408703
103.67621473
143.18851459
153.23623725
71.84945675
33.30511272
37.51845297
118.33440990
140.93859231
89.81200275
127.39564776
71.53820376
119.79659561
89.23288115
76.63167386
49.95465190
0.00000000
-2.79882723
81.39815612
63.39394162
106.49651605
54.40905653
85.98737181
85.91781502
46.20790361
39.35949447
30.76152681
112.44309606
62.25624431
35.93273728
122.47591448
111.14127660
40.00331888
146.42253758
86.40365396
64.96408388
56.21382094
139.04950034
53.21898378
56.55233793
65.52200328
21.15799071
122.43045759
96.97745063
79.52758000
124.71713996
12.99613827
78.09759459
82.43527233
116.48243611
