23.91914557
47.41890184
13.25423581
-7.53081952
38.33257279
20.43497504
19.64296933
9.42780708
70.32998533
58.90378510
125.99097320
9.99151715
13.86589663
-6.98315740
7.04781291
5.03602538
33.61284655
25.10039642
4.49116311
140.51327637
40.54267396
88.33454429
5.88780214
10.67083806
5.17965652
44.86444128
42.84872970
-11.85325769
-4.29685633
81.56997118
15.79446121
40.87723711
46.70993201
59.71115913
28.74237916
77.95892683
14.17994842
49.48751750
-8.82804306
-4.55363936
18.25870317
0.00000000
60.18911274
15.12490981
85.84015215
-8.94461078
18.77455433
7.33272029
60.92169865
14.38708303
23.74771960
44.85906520
-22.19905410
20.69903544
4.44870655
34.62058453
11.40719949
18.45646757
74.38661961
42.13608343
1.45298548
39.95902011
5.84749772
23.56468332
18.76239371
85.98283746
37.89422046
7.42097537
-4.73527401
-0.15860331
35.72665588
30.57885207
9.97235281
40.56069283
54.53736952
67.56111696
39.47712295
-18.76703551
-41.36122198
44.16115655
28.93272740
16.31196331
1.39954034
63.37799938
64.55736069
162.70973036
31.68226276
4.65541557
33.51979864
54.02401535
26.69547190
24.46001067
38.42577982
23.01393763
125.98419526
33.37372457
87.47707805
22.74736814
31.46819693
104.71354846
69.78906645
72.57640199
-40.58824287
-49.64199071
99.37781830
16.60523653
20.28275168
45.29166122
34.29421576
48.96132493
61.59905954
24.42526550
72.67539611
-4.20909225
49.38817527
31.21521973
0.00000000
47.84754034
38.40811889
79.29336352
-41.14243397
13.19796932
30.59472941
54.96212175
6.70527601
26.71613994
41.76806083
16.96156703
49.25272870
31.27517311
162.13275472
36.67526790
28.95665396
76.71402300
26.07559570
36.84342656
31.34109862
82.71238367
22.07617021
16.15072628
88.17942714
32.45226146
-13.21695448
13.42628613
-8.52815382
89.28825328
73.85429417
28.90336300
97.55445596
66.53750506
