-72.39010960
-158.29414908
-133.90500298
-73.77725819
-51.14262712
-33.94086260
-64.57827213
-48.75904744
-78.60303633
-42.05355310
-32.58096494
-84.74441684
-118.00951743
-113.82089789
-104.75653746
-74.15968218
-44.81451657
-44.46695878
-191.82499021
-70.75013088
-96.48243080
-159.68231662
-33.33877304
-65.55860196
-208.30063800
-121.49070896
-189.01338914
-99.81652337
-53.09503702
-166.75286103
-44.02981434
-25.94762863
-38.86565915
-63.93043022
-37.29971656
-77.12993610
-55.24022629
-99.62734878
-99.57767286
-80.40322825
-18.79291694
0.00000000
-203.56990382
-62.12086180
-90.54002494
-47.99767955
-81.31485691
-49.98508661
-29.06647055
-39.09246118
-34.83213079
-77.20597477
-89.27094274
-42.12991545
-68.23735866
-146.96950389
-167.01997680
-194.17833053
-251.96844561
-149.37617837
-90.90207552
-27.79528693
-58.61330388
-37.27800816
-39.99893660
-63.63838584
-38.43182732
-78.52750129
-78.39321217
-40.69618512
-31.26063080
-69.26951597
-88.15556243
-83.23619424
-74.87224010
-57.69966634
-243.45511662
-124.90590248
-74.83408696
-83.36897954
-25.84741525
-45.88087893
-28.27616714
-37.12156880
-34.33456008
-74.39526988
-160.46700295
-151.13234736
-178.72925516
-126.16422238
-66.07840637
-56.46486963
-70.26773014
-246.67447209
-196.93665692
-111.10745640
-109.14544377
-35.32193299
-55.12713489
-177.29269081
-168.97497917
-190.09821542
-75.36382232
-90.60970510
-147.04950268
-19.33649148
-12.41586650
-119.95693919
-87.77494769
-5.96747453
-147.54686055
-105.33745092
-114.07349351
-116.49598524
-164.98398628
-50.02487569
0.00000000
-171.81761848
-20.91726210
-82.07749839
-74.85422352
-59.08393320
-89.55221962
-34.74152516
-52.67193425
-43.68448860
-107.24308950
-182.83620457
-72.72241694
-74.68654176
-188.58723468
-193.20305401
-230.55308894
-240.15144043
-142.16951114
-121.87570707
-52.50786970
-68.22576100
-25.30376829
-53.13002145
-52.90141714
-13.82969302
-101.67784483
-152.87185588
-62.41236498
-7.94461562
-47.20394120
-68.12317332
-103.97036524
-88.99393034
