-3.96083799
45.50976547
0.77144261
60.19651011
-5.73683018
2.82602960
-2.11556340
15.28320941
-20.07540213
-33.82672915
-58.04560832
26.61115172
1.36413448
9.15940138
11.13298262
14.81107546
36.88162768
7.66289039
25.81979215
-37.05828981
-6.21961304
-60.01602961
-10.21714660
-26.84506989
-16.02752902
19.89721330
-26.38530255
93.72615566
45.66397235
-45.48725851
-11.63121443
-11.46543569
33.76650837
30.71461445
-18.95525785
-4.06507237
8.89520033
12.92914176
21.75099118
32.99265998
19.95084924
0.00000000
-23.76388479
-16.47823862
-72.48118029
66.55922540
0.15964759
-1.31748306
32.18578442
11.60313198
-5.10766372
-3.57745701
8.07032590
7.38929157
6.91751492
30.41705037
-11.89785408
17.25110719
-11.84915578
0.70369142
-9.47608713
-1.97936140
42.54821022
14.12293484
27.10915397
-42.35233871
-13.21554839
55.75809960
20.26557235
23.68315637
16.97617110
-18.04615713
-8.04225552
-0.22835996
5.05931703
-6.82161846
29.74826822
66.50271305
69.66345044
-71.19916668
14.79342742
11.60776953
20.42701969
-17.67796623
-64.23278183
-13.34688809
16.63170788
-34.24410570
-2.28778218
25.33404670
5.98346169
29.56137956
-11.01973433
-53.24610659
-20.19958391
-20.16157310
-42.51592233
1.96135048
-7.99262742
-63.34032199
-8.09308743
-17.47786815
95.70118425
100.66888286
-35.75103464
-7.65036536
-3.83576881
13.07242865
25.05628393
56.96387278
-3.66306103
5.05715582
23.27340524
-26.77939063
-15.14851593
3.36743211
0.00000000
-18.41448638
36.88305169
-65.11234867
86.83776965
23.86522546
0.27917858
28.11071777
2.68873203
8.86813908
-25.58467729
19.81101904
24.97269385
1.69719419
-15.94354067
-24.59237379
-60.40413740
17.64790261
-2.77483531
-9.78142718
-7.11232060
17.70035388
-1.80165522
4.38535298
-31.11793569
-6.92694176
85.43516441
20.64923758
59.10206678
2.58523390
-25.54861498
21.96134001
-14.75604949
-0.97268509
