-37.27647336
-61.21216600
-33.81221368
39.22476195
-56.10832429
7.41891349
3.51098503
-5.10316307
-69.58952261
-41.44320492
-33.87025199
11.44605859
-54.98565738
-40.76424911
-44.32085523
-26.60294042
13.67668661
5.02895041
-43.11461636
-50.10047268
-8.67648412
-33.51320206
7.25423845
-28.98085194
-157.39911466
7.57797510
-20.83858696
19.50889583
30.83829081
-63.74455754
-21.58326193
4.49029335
-2.93736151
-14.56785630
17.16986733
-13.22256417
-13.27948041
-61.13372017
-63.31555743
-29.59496170
-4.87480838
0.00000000
-104.98969329
15.86411520
-25.38633305
14.86325454
1.56551358
-4.26318306
25.52309954
2.75750704
12.81368360
-7.52540518
-11.25530434
-6.32066685
-20.59851055
-66.55644318
-43.14267388
-25.60845456
-28.21099361
-16.63953563
-14.57101377
6.64709931
-80.58201094
-2.26157514
-21.28831898
-40.56249987
-14.98643125
-1.18081094
2.44765881
7.48959166
9.78304411
-44.92632034
-31.44687610
-39.34430422
-19.96277124
-95.10911114
-76.63624991
-24.57310070
-12.35827477
-92.46141531
-7.54882770
5.68881023
-10.81455812
-33.28597587
-40.24795704
-89.35585658
-0.10243175
-39.39810531
-81.49904620
-79.36433050
-8.05664851
12.19013249
-2.31294732
-65.16593300
-82.65822118
-29.69947369
-40.88276798
-6.43793347
-53.25741968
-140.39711773
-12.75278575
-12.20772787
-29.11689859
14.95368042
-32.20221782
-14.09316129
8.88238513
-68.46792186
-67.26462818
-15.96337148
-26.87853400
-63.33856497
-118.78087008
-43.76178346
-45.47100620
-24.00097348
0.00000000
-49.59718210
-25.33917834
-40.05286065
-18.71664883
-19.33285754
-17.81064430
-25.83292735
-7.73317080
-36.71521596
-1.01134283
-78.79816100
-52.82606671
-29.10965238
-62.87453774
-46.10833823
-48.15095739
-48.59090170
13.08563052
-40.89127502
-23.93126169
-135.41302883
-23.36468389
-42.96186556
-39.19433475
-4.39861777
-35.20258766
-7.95238901
-19.57662508
-3.73389355
-28.60111694
-82.98046258
-84.93434526
-51.60066380
