61.61244109
66.32291313
120.17841972
-13.15202211
82.49461779
30.88439037
32.56181260
8.63022431
84.95113376
118.63136880
98.31674437
9.98229964
66.23378799
62.49687125
64.49366827
52.23203383
15.79143838
22.99787243
-11.93131322
87.46931353
41.83076523
143.13682870
43.24642802
43.37572332
170.56000753
8.45787488
66.70382426
-9.17390650
-13.16424200
153.07913066
44.26368597
49.01662009
19.37856685
9.02801851
78.14021240
22.13034651
27.22556959
43.83546971
73.23327111
34.19593174
1.52462216
0.00000000
135.32820311
41.60571791
110.81921804
-12.90485174
10.74783905
26.92529427
29.28314172
3.75327213
7.09900264
24.17298946
31.87454647
34.91916673
40.14805990
52.55683023
52.71006312
36.18271582
37.52099984
21.47463610
36.25388733
21.45422383
40.70688512
12.78328268
-9.59864607
81.45657367
49.21494321
-15.33652232
11.98519517
-20.64012815
25.69790309
63.99341093
24.77872851
40.15457529
27.14830522
113.84338747
92.55786254
103.19619470
99.41009944
115.36123477
46.07229050
24.38871077
8.58488897
53.30477096
98.53538895
143.71392240
173.85129877
262.09653383
224.37840594
194.75013538
73.37755420
97.28857293
108.39493008
125.82480270
81.45260653
77.21756338
103.68341431
46.59874329
97.87030577
247.52931055
127.97644703
121.01826449
51.46540824
93.79218729
124.02685857
25.56914152
57.98182611
153.20576947
151.13487311
79.64564432
167.30485746
104.61249483
167.65257641
178.48046467
179.07729244
70.82660450
0.00000000
81.34497866
52.81559802
118.68271722
48.89128335
26.51539908
100.98276640
78.36613257
60.09074403
57.01777881
62.01558193
176.93142486
119.87860122
87.93626101
157.79870834
115.11997742
96.90703209
66.07170911
72.77540677
98.32681715
47.02128700
111.41669877
47.64252991
84.76099595
76.56794300
30.15617918
35.93209920
118.33992561
43.91010713
57.21413150
57.71844682
104.32818092
157.58191332
124.77174209
