35.76295443
37.18109090
69.99412426
48.66483327
2.45258697
21.47629307
21.42284060
26.46498648
19.23107810
17.07419301
17.21789308
33.89963537
-17.25241348
23.59857053
31.73833773
19.90109124
1.59434402
-4.91503107
70.42912216
63.03196472
12.15803651
32.74547114
6.18582401
20.77628697
72.07156117
50.87391581
90.13039935
63.72588564
16.32798193
79.12205350
11.55181098
-22.86410751
13.57555102
19.76801617
25.40508321
-38.64241787
-1.10806496
7.51064892
26.82237565
21.93700210
3.84306642
0.00000000
18.07514694
31.13414509
15.24345460
25.44636305
55.88678151
-5.39257154
-1.90052803
10.20238052
-7.90765195
8.86302513
37.29502401
15.64057964
16.86962774
29.60505657
74.58023708
64.17414015
119.39704174
51.25058050
33.67139357
0.52282762
48.73894380
17.55408419
21.43204698
33.38784340
12.97524040
61.48177900
31.92524201
28.06294625
11.67186127
24.05587235
-12.95028816
14.89087598
10.94489428
40.47151740
63.04661034
62.43256094
22.70980315
18.14155081
16.56366363
28.03244762
18.68922396
23.37406269
46.77160323
61.87032284
44.59184427
44.16050371
59.61739147
50.68981354
15.97570530
8.77229285
10.12312236
69.97778163
131.29111743
31.46106521
44.18552156
21.67437243
33.32299860
50.35792884
67.15519619
83.15676520
39.60801840
9.33003247
84.47977388
8.57481915
-7.96063796
8.08563325
8.05303440
1.96688601
21.33100555
52.63550792
32.29048000
31.38665904
58.81606472
-2.65882413
0.00000000
17.01341920
15.64395526
32.60052738
32.95580429
40.18492935
29.02124647
-10.58805026
19.00727955
11.32438307
16.32906024
88.87375677
30.72610566
35.98483876
44.30054160
103.39802224
-7.30357066
104.22066609
56.41477259
43.77909804
29.08256974
90.31715080
17.03251863
14.56680721
36.85239125
17.04696967
67.99011752
62.27936584
32.09925691
12.27777309
22.09152896
36.13487258
0.47693387
-9.25700288
