6.84189594
-25.77345216
-27.10987023
4.86629008
12.20435189
11.22441756
-11.19838810
-8.57331525
11.72080082
7.80414637
-13.39406603
0.12822218
38.88000792
34.26469880
-25.04583773
-3.77150788
16.38952195
-4.94407275
-17.16605915
22.44770965
-18.23635816
-38.29958972
27.94987108
7.94652650
21.60556681
-13.33928442
-26.61148650
0.39219181
-3.51101279
9.53547251
15.27695107
0.19344784
36.06001800
9.36058594
-7.36881915
12.27512083
-18.38290719
5.76194672
12.78904999
-10.50023183
1.01979293
0.00000000
31.99321227
-4.06280396
-0.54131844
-6.88825618
-11.32666796
-0.23463743
-1.74517247
-1.54923485
-11.33553081
-61.38266949
0.89951421
-17.10192845
-13.89051346
-52.21555891
-14.43594869
-52.74549984
-24.87491670
-26.42899446
-33.74251041
-18.54415045
25.57792819
-7.34024287
10.85284755
3.49703352
-17.71295612
-10.08683524
5.56035080
-8.61304273
36.77517569
18.72186202
-14.22803591
-0.98038518
12.00415792
-27.71520058
-87.77415685
-27.26132194
6.63011630
-17.71232592
-0.41948050
-12.23914192
7.97705798
2.91279354
24.10250033
-29.32145808
10.93578097
31.15378444
23.45993552
-20.81954537
-10.69218948
37.82832458
72.24113691
-38.24452437
-3.39922329
-48.03628108
-23.82134705
-1.31631989
-11.13582309
35.41111698
27.21139194
-25.74267084
11.18357255
-4.49347164
-25.39285781
-0.21274314
-12.25750455
18.42802454
-23.10234023
-17.20968952
9.03921166
-43.35909298
-41.94052237
9.61905050
0.34566952
11.85760194
0.00000000
-35.02100820
-25.17807547
-25.80483495
9.05135659
-0.32430455
-16.06638964
-17.11958584
8.74717472
-13.74492229
-66.23991760
11.21297347
-35.32070515
-9.70546833
6.25296382
-8.85349971
-66.84903768
-38.73521039
-40.97673952
-43.84550911
-23.47917719
12.32959404
-4.67970731
5.14395522
-28.74689696
-11.24553585
7.12208434
12.66823553
-24.47840554
13.69304574
7.55848709
-56.36462954
3.22238319
2.22420371
