-31.08422956
41.40812204
48.75129859
9.41598312
-38.26585552
2.00792355
24.73119258
12.72137428
-2.38214076
0.05110225
22.21178144
25.96447257
-41.23504333
5.04876563
19.82588432
14.88522870
-27.15757794
-3.99993002
37.25975738
64.70273665
16.83184996
59.03488267
-26.48006761
-36.90615064
10.30871351
34.74238585
60.27660733
34.24108918
26.04656403
16.72760211
7.13030663
-12.51548075
-27.54418608
-22.69058980
-41.89170504
13.35981420
-7.38310243
-33.20203843
-43.96618681
27.84451006
-3.63070424
0.00000000
44.72147437
0.56293495
-7.85147228
7.54976641
22.88198373
-13.36715962
-14.45105471
6.50144210
-12.26766778
27.69528930
16.24545905
19.27370262
4.57126343
31.84007985
29.59942748
59.62419095
-2.88048163
-18.46723371
4.80619402
4.54925956
-11.67733915
-12.13020072
-20.83792326
-2.74945640
12.28125495
25.13283014
18.62926960
19.32347695
-27.13181274
-1.82786270
-7.99936303
-7.57485545
2.65206918
4.11785375
77.72396276
27.82762308
-25.90140934
31.53414842
-1.44080292
17.47366852
4.33344055
-2.38217331
-13.91030982
-27.04115696
-4.17846488
-44.23075354
-12.42970245
30.25746812
12.95558118
-30.85480968
-65.44709800
53.55877303
5.95101769
36.29598797
33.10949018
-23.63502394
-26.83806131
-5.72554748
0.67224237
66.94524726
54.83345760
32.45352195
37.88606769
-36.26383362
-27.99815048
-57.93873160
-32.94463588
-10.74269488
-24.64678623
9.09366199
-14.96944810
-31.92198499
12.83254427
-11.52249798
0.00000000
51.16057753
-1.08466672
2.19698065
12.12695247
9.64263295
-19.04557509
1.10532663
1.91774046
-17.77907235
62.90574640
14.25943344
16.57372221
9.64134660
37.33299510
35.87996432
67.71976502
21.50795591
-11.08061710
8.01751106
15.72535058
-3.27047570
-29.14545230
-27.48753968
6.97270615
5.02750883
22.41472276
7.16159708
22.38509199
-37.47451001
6.48813382
2.75164105
-15.41311359
-16.13715794
