15.76758903
-5.12893584
-14.01512065
-10.42011610
14.57422412
4.63329258
-9.24099651
-6.48620290
17.85071068
22.86538110
28.10420113
-18.91204736
14.25947041
-23.61484206
-9.20821834
1.81105066
29.62742617
17.18995426
8.97465117
-16.16333244
8.14908404
-3.49615936
7.40186756
27.11923352
9.27324895
-29.02536673
-18.06426164
-10.12351421
-5.76769033
17.67304329
6.64949789
15.74943067
17.71804943
23.92059647
23.04047196
-25.88625480
7.01561378
21.30257221
24.88729314
11.97076380
-2.49361277
0.00000000
1.03178195
6.37214638
23.48492468
-2.61277885
-6.41383455
22.71145483
7.39628805
0.77646385
2.04384477
0.85821964
-29.29106803
-10.52840295
8.86221150
-3.91258333
-8.90679809
-18.95442735
25.36585436
9.35121402
4.37610446
7.58163432
-5.27951006
15.42051661
17.82672721
22.85107300
5.59097763
-9.10773467
-11.42021654
1.47590409
28.30774438
8.88658741
7.92963306
6.79304610
-6.49811339
-4.75159538
-0.84725730
-2.64811175
5.37594660
-28.35763267
10.65049850
-1.75019581
-2.05462422
8.80567315
35.85109341
47.09615862
5.93147651
55.06169983
8.15363129
-4.85840676
3.19204621
30.41330218
38.07668515
11.76013227
35.50550394
10.10539280
2.33447124
18.99202064
12.72982382
31.24099177
-21.98569504
-31.28612481
-39.56192354
-23.22286838
6.16405322
23.17854474
29.12195752
62.16751030
41.53624675
34.86595169
6.82490291
12.64151130
20.35992026
34.10287120
-1.24784835
10.14160563
0.00000000
5.58072814
12.02831137
11.31754331
-10.76336407
-7.68302614
29.77587972
24.91317057
2.45757710
5.72796880
-20.09000161
-12.08547870
-4.90420599
10.15764815
-27.88447245
-9.62815403
-3.88081507
24.63765917
17.35667033
18.25093932
-1.67460300
-10.14813468
25.39631181
8.87115109
19.19687435
6.70651992
-17.11264489
-11.66329799
-8.91360522
19.24953183
6.61727046
13.03940239
35.62622919
37.12771027
