15.60906971
30.02276527
-16.82780012
13.22326006
-10.41710099
-14.12400911
-10.15762580
-2.32280623
-23.49705798
-48.65183641
23.41256446
6.90370030
-5.84364302
-10.87442377
-20.07870196
-26.36815797
9.00656544
5.77968230
34.04068184
64.83149295
32.60651014
7.26131855
-3.70019970
-1.95594051
-23.78489312
24.06792255
12.36537076
-6.44664262
-16.28624991
-5.80436455
-3.61698051
-6.56023041
39.73380641
17.50462811
4.51642510
9.55972163
-1.57992405
14.41861883
-19.98598390
25.45154266
8.97103203
0.00000000
-23.65770361
-26.71847769
14.35474393
-5.37285873
-8.74910322
-9.65966026
-14.42071411
-0.07231727
-20.93245278
28.13767429
-20.15130508
-13.98086360
-15.94215643
30.27361290
21.21331680
2.68859926
63.85191718
29.41535021
9.52279973
18.16974077
16.54599193
-19.41742426
-15.77677857
24.54667246
-19.89563260
12.10489551
-4.79268576
-6.59828667
-31.87604871
-14.97321742
1.34655824
6.02606113
-11.97558020
28.79652332
32.40676315
-3.61227038
49.21766622
5.12044205
-9.31978615
-12.92569957
0.03001215
-6.99455151
-9.32058592
42.56329902
68.20766128
14.29354910
31.93495071
13.20596437
-8.04677554
36.25082147
60.55253858
14.85110628
57.10579056
22.21425684
27.63081731
9.89028159
11.06894640
26.15832808
100.78452114
32.62467572
12.17767720
-11.62988507
31.52427497
8.56694482
-17.81521936
14.30299762
6.98856588
-5.93544065
39.61823246
21.34099118
-6.50881123
20.35092433
42.30836222
26.70972619
0.00000000
27.43812373
-26.66802814
16.11370450
10.60734445
5.16761738
-13.76089632
-16.95975121
27.88882551
4.69431847
9.51434729
6.98856276
4.51418717
-16.08608982
126.43190412
49.26377968
50.10302780
68.30699369
0.31777922
30.67797291
1.42288509
38.21451838
-3.40211018
-2.47182451
36.76399063
-11.62927243
32.84882319
18.39876845
-2.49803300
23.49088720
13.63941453
-0.03709560
22.58858030
1.54637639
