-6.71776740
7.30541436
31.86454141
-0.62178907
15.22286912
13.21633831
19.54498339
4.67174373
23.22032919
65.67769810
-6.21120386
2.19533006
-27.37009267
-19.10729307
-0.17642680
17.69276733
-11.87193377
-4.64215102
-11.53322618
-6.24709258
5.42800686
21.19178289
-8.17385065
-5.23148966
-5.21023986
-22.33485730
8.10317479
26.57160655
20.48906561
8.84203707
20.45426547
-7.06317084
-7.63691108
-28.92671680
-12.16708993
0.02295759
-12.73280102
-60.46744819
-15.48528632
-22.02551587
4.71516336
0.00000000
-34.24537377
3.75756183
-1.79306675
5.82759034
10.73120724
1.97114396
-2.02743438
-1.59325096
3.01280937
33.93983160
-2.98329240
-0.99082398
7.04630571
-32.70614659
5.69831811
13.84432315
-11.88172919
-12.97843410
14.69081103
-0.76109542
-22.59317477
7.09188878
4.60772199
17.13385141
21.59343533
5.10170769
4.52574704
2.82343120
27.07325208
12.66356024
-21.52226442
-21.90108992
12.11268847
-26.47663567
45.90183072
28.35875608
-27.54892570
-0.74493442
1.50220616
5.08201489
6.07524359
0.99546907
25.42335224
-24.45806231
-29.52852119
-20.76162300
-42.14934179
-29.85332607
10.36838935
-19.24638109
-49.22998371
-3.87611287
-48.88606961
12.20106273
0.33992899
2.06173514
-25.54037529
-35.29974928
-53.31554756
13.93809119
36.52636589
17.88371082
6.94730551
-11.68362208
26.83597933
-26.77513250
-31.44889442
-3.89674069
-40.74474509
-12.78992216
-19.07103462
-34.58908824
-36.83523021
-19.76343470
0.00000000
6.49004651
18.47140412
-0.33333889
6.55057162
2.80740557
-26.87619056
-0.98500112
-2.32837284
9.98756562
33.76621556
-21.89491874
-13.69291282
9.60953186
-36.81861715
1.50195576
20.70065623
-27.47482161
-1.77235721
6.86195684
10.28764963
-35.33399853
-27.04233490
-27.85718868
-9.23832294
-0.20124358
1.40555764
-3.96968869
19.11133232
-9.41083489
2.08590143
-9.62077693
-29.36223875
-18.15199307
