-47.82330930
-65.46399098
-14.04235944
-38.05047833
-44.11040187
-28.75757705
-22.52277861
-14.19827120
-32.89412459
-26.87056346
-42.65464454
-13.72573716
-17.11172797
-7.88377219
-32.30627727
-24.30522215
-8.10043872
-0.13393560
-44.77740942
-64.15996804
-28.32927071
-43.44574943
-33.41442042
-19.99983580
-82.42905757
-42.60078623
-65.06224073
-26.66246279
-12.23538821
-80.09185090
-22.02330877
-15.15855061
-56.18622285
-43.63576629
-12.03046782
-47.52983008
-36.19501485
-28.15132811
-14.46778124
1.45476815
-18.34475721
0.00000000
-35.25604178
-7.49977075
-33.17233636
-11.95397849
-13.75559732
-6.06054465
-11.89719280
-6.70413870
-17.59277841
2.48308171
-23.44270345
-14.03639064
-7.26467308
-50.64985748
-37.43336989
-31.57698075
-35.51801019
-5.66875756
-8.23892459
-5.91366959
-44.29704916
-16.53873242
-8.57086656
-43.36125959
-5.12879257
-21.25403726
-14.46407312
-0.57196037
-20.04275956
-39.84436631
-20.33109142
-42.49468654
-32.50749674
-84.16383166
-54.92302310
-7.13228506
-54.61786865
-70.31600787
-12.17790448
-18.10423612
-11.67450899
-32.00321750
-28.84979222
-13.62171205
-66.41163826
-62.69670051
-77.23568831
-60.56816853
-21.36697846
-36.98492194
-51.58629552
13.43185358
-7.47089861
-51.58494408
-48.76226449
-14.35808509
-50.96160891
-95.76243601
-67.98772059
-56.50634117
-47.13765681
-28.21534088
-55.92670066
-12.14814924
-22.13280702
-10.02307604
-33.72754706
0.71433188
-56.16092341
-35.05980437
-21.55488152
-35.85413772
-74.06174662
-34.26713807
0.00000000
-52.89332873
-24.63639821
-12.47687513
-26.91953533
-9.59498054
-20.31440633
-5.14433366
-30.55792474
-18.49967718
-48.97898433
-67.26536203
-44.87475162
-21.28627425
-93.33282496
-52.71109201
-16.87055764
-14.53641908
17.65304698
-16.76505723
-9.37652247
-46.45140508
-14.20465979
-17.13833051
-26.79292882
-5.87187133
-33.63796138
-48.24225864
-6.07250096
-40.13912940
-34.19740741
-30.73591150
-55.19945154
-15.36094904
