-18.75996878
-48.44458127
-26.39796772
8.01868805
-17.97575665
6.38472674
6.26026032
0.20247144
-18.85129539
-36.10971348
-22.59172391
23.88024936
1.45919758
21.44957693
-4.90413451
-9.69277368
5.97115342
5.19003861
-40.59769597
10.76436333
-34.69560105
-36.27955697
1.30065721
-15.79016883
-15.76339331
28.78477858
-21.67783254
-5.49107254
1.20150038
-35.85476027
-15.27582010
-10.56880961
17.49412263
-1.08117219
-13.70317171
16.46223343
-8.53236068
3.53156230
-9.16020518
14.70549839
13.23596836
0.00000000
9.50664880
-8.60239768
-19.08029694
-0.31872222
-1.73911386
-0.49947449
-5.44918295
3.90915212
-10.92232682
-47.65457024
15.60264525
3.47358716
-17.58747893
15.68480280
-12.93487869
-37.77246690
-39.65364021
-19.35503372
-14.37953896
-16.64799947
8.67755857
-8.10538471
2.97684489
-25.01139038
-14.57745592
-7.71760533
8.74500331
-0.72454468
1.36481990
-8.17383682
-0.96333856
-8.67689892
7.45224460
-8.74212018
-46.02021323
-18.85635339
-20.32642097
-109.76803580
-4.93361539
-4.61432580
-3.83958872
-7.31209624
-28.05925535
-42.95140197
9.38457222
-47.86355275
-7.01868810
-8.08332293
-14.60716245
6.54781203
23.82232332
-15.30480733
-15.12832940
-45.28965903
-26.60421711
-9.93411770
-19.40031804
6.62726917
52.97263539
-26.53720445
-1.19405358
-0.02407460
-22.96565691
-21.20965561
-14.71833164
-34.72048571
-38.77971831
-22.87180952
5.19606366
-25.68379754
-40.48153005
6.39188299
17.08674699
8.29891646
0.00000000
-28.71498270
-20.25136488
-19.04120366
-0.01324307
1.72828002
-15.10898127
-25.83878352
15.24775572
-13.20072746
-47.77966793
2.18905227
-10.79531214
-18.20925451
32.97674525
-13.74923574
-56.53440657
-45.95112975
-49.67093942
-47.50829625
-19.19259617
19.80930813
-10.85990694
-7.49283469
-12.03835223
-8.13968924
-7.25783075
8.94362724
-11.78300334
-32.20056656
-11.21459863
-25.22163005
-22.41255820
-22.54873220
