-78.99866983
-29.30211863
-2.44843770
-27.68235707
-66.45283029
-5.55474510
-27.35723769
-9.67047682
11.39375096
11.35939707
-6.99077781
-49.89203357
-13.72619293
-9.07423096
-23.72714610
-2.46937537
16.65215651
0.47653310
1.73528394
-49.07391076
-19.51160374
-6.32100152
-11.32021708
-22.67265625
12.84262381
-57.92166161
-27.04779131
-12.82548504
-7.09176758
30.31013601
-8.99615396
-1.53436187
-6.59018326
20.24220804
3.04823317
-43.68947212
-12.81063657
17.68012656
24.68596270
-1.31458508
-10.48354353
0.00000000
10.81563578
6.87665575
7.35639790
-12.57414895
-21.21382008
16.05808264
10.51851886
-6.99928586
-7.94281077
4.49095233
-48.87670578
-9.03092858
14.98210821
-9.74359094
-33.17178754
-6.80648185
-17.34350753
-12.76986697
-15.28384620
-14.59695342
-68.25251264
-10.42844337
-16.00485933
13.48759763
-4.56858369
-27.69124136
-35.50111884
-13.03589998
-6.92742684
16.85972039
-9.78563268
2.77423370
12.56506313
-38.30311200
-27.51636025
-3.68819901
33.70846364
-13.48812699
2.49483462
-19.13772006
-6.40190766
1.55942990
32.27906591
48.57613878
-43.55008247
1.98958866
-30.05442736
-11.62772417
-0.23730075
11.69969045
2.44460408
26.71986211
40.64398160
-21.26923063
-4.46847429
9.70098511
-20.54525630
82.90770397
-59.57199106
-40.43005276
-23.93677461
-21.52849701
1.30539211
8.35694460
-13.56158944
81.10918105
93.99672562
58.38395174
-1.42165802
-4.96877815
37.90200913
25.18853576
-21.21219485
-3.04024579
0.00000000
-11.91313946
3.36641702
15.56714298
-23.73209777
-14.10873629
31.08857354
29.83250956
-8.11276671
-10.80051467
-13.20010542
-29.62866522
-7.85770936
5.97832933
-29.66991484
-40.75602359
-7.13481972
-27.59017454
32.29991045
-14.82973911
-18.55992849
-43.96993094
8.63155169
2.17451774
9.97479925
11.49379513
-43.81640072
-47.33608600
-2.37026670
-7.51464619
21.53373443
3.25633452
64.98881646
37.74894764
