22.86381963
-6.00090160
17.13890507
-41.62310930
-5.06209836
-10.21560458
-1.63102708
-10.27631068
-2.85845570
-9.54340846
-12.67573249
4.37995370
-43.41599768
-25.49658627
10.36950086
-13.05921411
-42.41696390
-25.85870612
-19.63076643
-6.51727284
-22.11955897
6.08279313
-26.13367771
-19.46364571
15.98573710
9.41215890
28.36244291
-4.86804314
-8.10129056
8.24851289
-2.24887907
-3.71296318
-43.32130309
-45.41234302
-40.70340814
-38.30623052
-9.03897683
-40.98458484
-48.88225860
6.78066521
-13.60774433
0.00000000
25.54038525
-12.24883245
-45.90856452
-12.61549506
10.00469537
-17.27943470
-28.62498768
-10.52384027
-20.35984877
-25.82268120
-0.37472388
3.71017407
-1.58365154
3.14869998
16.66491816
-37.26998823
-30.53170139
-25.02966941
-17.21691877
-11.08740402
7.69426861
-0.38645706
-22.22629442
-30.85030079
-3.06626447
9.01358646
7.77444075
-5.82837839
-10.72190757
4.63859897
-6.01920646
-25.47848705
-57.63838328
28.30944327
10.81748878
4.31094201
-101.99819268
28.88537897
-9.55080209
-6.58248666
-13.93244294
-5.79269458
-20.30399781
-44.61520684
-59.03323319
-79.96615390
-36.36807774
21.34847982
-2.75037115
-66.73227716
-64.46274114
5.77651272
-54.95126071
-4.72013791
-23.98354695
-14.46645850
-12.86838331
-8.30967653
-27.95590731
29.50891534
21.41358057
-7.16137619
-0.93396102
-12.63689515
-40.23982901
-122.44715652
-56.58703849
-43.32628241
-53.48205528
6.01539742
-6.80392032
-52.45987537
-0.55239607
-32.74819893
0.00000000
23.48830867
-22.04680171
-44.08639617
-5.84836768
0.02217632
-30.82752532
-43.11802992
-17.47203037
-13.01591771
-3.09203934
-0.88044056
29.71591117
2.49167616
63.07176435
28.17012624
5.79820836
-36.01729755
-29.09932320
-19.61828198
-5.20007825
-30.51867744
-24.05798101
-21.29970281
-35.83306426
-16.01602521
10.59975752
-10.77270550
-2.47193513
-23.32469217
-4.38250093
5.92791298
-23.34294162
-72.38065175
