29.77914480
-10.54878091
8.05815507
29.83600523
20.64457703
10.27097109
17.04645884
-4.49639520
18.06188695
33.99320570
2.77638366
32.76629006
21.87418701
19.99209546
-11.46707576
1.17576954
-12.76087395
-5.31346750
-13.39982440
26.98651333
-19.21108337
-11.74149526
1.03013325
6.76317483
34.71312011
-1.15687466
-10.79007351
22.79509850
4.25584354
9.26891702
21.19599873
2.30253107
14.10759419
-11.00245923
-22.29920682
-2.34952740
-18.19638630
-7.02420817
-12.07562423
32.88406282
-1.22494611
0.00000000
65.79928300
-19.86076479
-14.05434613
9.94688308
16.51554442
-21.71087250
-16.54066692
10.26928786
-20.56076182
-52.81900876
21.43633580
-12.09650717
-5.08227644
-42.84386917
6.04090922
-63.04478172
-31.74491267
-26.78354187
-27.64682031
-11.91956808
54.94749082
-12.03953369
9.34164366
-2.05191960
-1.06531822
22.29729626
25.60073686
-2.66410072
23.60715067
15.77069258
-13.89304918
-4.42214716
-9.01108804
-21.60342515
-26.04596719
5.49957946
-8.67593945
-8.59179677
-2.65853326
2.58489341
10.54780662
-0.60192255
33.98690763
-55.56416931
13.33243537
4.89867964
39.85706868
2.31610768
-4.35557009
17.09086435
39.09859622
-30.98369737
-46.57237311
-9.83790704
-19.94114530
-4.43932304
-6.93652296
-1.04628902
8.56350912
-8.00249765
49.77901288
0.05164044
-17.36489500
-15.80853977
-14.31319675
-21.25931790
-49.92900694
-26.75494800
-10.97828106
-8.36106105
-33.67012003
0.78030618
1.70622713
-2.61965771
0.00000000
1.39529010
-16.34005872
-40.84912141
34.83588246
5.69778615
-36.61544864
-16.64233107
18.37675659
-4.36772141
-48.53868799
32.73154094
-23.24245749
3.02204616
4.70497705
9.45090920
-49.69515298
-65.02942585
-45.78039258
-21.38341611
-19.21038130
8.36177567
-14.71500956
13.13389959
-38.21327771
-4.88836336
36.46100815
17.78676795
-8.92052474
0.12357487
3.75709692
-33.88537638
-30.80969644
-9.48737655
