38.23374910
-12.04895149
3.12247756
9.68511359
32.30001915
11.93171482
27.96275025
-0.32546707
4.30393480
10.29595836
49.81526455
36.58798745
-2.63625966
-61.67980561
2.86749463
1.89418927
-21.71979232
9.53199451
-24.07925703
26.25257147
4.90664584
3.93835403
-8.23046406
15.14271591
-16.68076725
-1.38047327
-4.90293057
9.51735677
4.85951434
-10.94750531
17.36617251
-0.58673412
12.33438476
-33.22619117
-16.27244747
-12.30199649
-7.34327376
-48.91164714
-49.67721311
-5.05169100
9.79805579
0.00000000
-7.26054469
-18.55595338
-15.45991333
4.76472058
15.41103653
-5.08752820
-23.96619726
9.95010572
-2.85850275
-41.38856245
4.58169559
0.18267364
2.27023552
-55.12966134
14.35984845
-44.12361797
-8.13831650
-2.07498846
16.02637641
22.28414701
41.91863061
3.12089654
9.01534147
14.91173179
-1.04214325
22.94399674
30.58846046
6.70084095
23.44436327
1.30120326
-13.19217753
-25.99702953
-29.27615320
9.52399394
-15.27459883
4.48930200
-40.56166533
13.22425852
2.93477259
17.67281378
1.24326295
-12.04120484
-3.58873998
-26.65037646
35.44562483
-30.70954513
17.38785686
11.72993168
-2.62398610
-2.51255487
1.30080856
-43.54668954
-38.69536219
1.46854626
6.40903781
-3.87007217
13.22873234
-49.19739428
18.72736029
19.45874373
9.15729770
2.45312829
-1.12387865
1.61996608
1.55884841
-52.52189129
-58.42190460
-30.91885395
1.20538854
9.94169124
-16.14370121
-32.97620608
4.52383421
11.86634475
0.00000000
-45.91535882
7.56442684
-15.62280545
18.69135998
12.63341559
-22.23005142
-7.07493197
19.19352972
9.36850947
-20.16557402
13.50599265
3.95354390
1.55514470
-15.85270834
34.69121896
-43.21706095
20.39441256
-8.93012677
16.88389972
18.92078097
3.40977826
-8.54776832
29.06902213
6.19901414
-8.88840492
44.46371689
34.75410460
9.33792384
6.28693238
-5.57117737
14.62206646
-42.58630442
-24.79005951
