-37.35384857
-28.07220931
21.31578212
-29.05702794
-20.79587916
-2.08413893
-1.48533894
1.74372044
26.37862182
-27.66686885
-9.96641174
-2.67401789
-6.50171383
9.72973818
1.97426689
-3.64516188
-35.57078828
-19.18845130
-67.91804307
-43.77542667
-46.68839266
-14.28349605
-3.26493736
-14.54888883
24.85879887
-4.01789683
2.93384591
12.46760292
-4.84197268
8.82990838
-19.44238676
-16.94222152
-20.66534082
-15.11276513
-19.11503482
5.43830363
-28.93318557
-14.37811178
-6.10293233
-19.10223117
1.79176385
0.00000000
-7.88382286
14.09484441
-46.15873294
-1.71782184
2.58192391
-5.00116228
-8.07014943
-8.44735809
-13.38763421
-26.55488340
-11.16041887
2.84918406
-13.73064932
26.25944520
-6.28563130
-59.58442749
-65.72732818
-42.83909109
-52.09003714
-31.76910230
-29.05737797
5.62644683
-8.41592674
-24.99199625
7.64322810
-6.22860914
-18.05772754
-0.70746082
-15.24970190
17.18033507
-17.79874645
5.38780439
-20.69891098
19.07981794
-48.19068174
26.51474823
-76.88968370
32.94365429
0.24237105
-6.99552373
-10.17999833
32.09786326
-21.07332598
-40.99610129
-65.50661174
33.12261483
-1.38298803
22.43353062
6.53145754
-46.76303415
-41.06017614
-46.73769862
-76.60844222
-48.21257446
-39.02765604
-13.36391312
5.43020088
37.70037430
-48.10918527
8.98296368
28.66745680
16.44632729
11.44653786
-10.09759672
-11.79511658
-65.56858727
8.62706428
-15.85141831
-33.73631330
-11.61463043
-0.82743562
10.33353181
-7.70170169
-20.54945639
0.00000000
-26.81688142
10.58294266
-41.13981286
9.54795625
4.04931488
-6.85271923
-18.90285217
-18.42014743
-10.24854653
-52.83772698
0.30273871
29.92454275
8.24897024
50.78301189
-2.02728061
-52.69237640
-93.86959835
-27.76800386
-43.13081301
-27.83437696
3.52026794
-19.92740348
0.27906177
-33.76844956
-4.17799098
-10.31579589
-17.35056172
3.27224881
-15.44697520
13.10655354
-14.24602622
14.31763562
-38.74974718
