-38.18644012
70.37933396
52.50406111
19.87334741
0.11991267
2.21884801
2.96230038
13.82436323
6.86091795
50.34415896
26.93429145
-9.28666935
19.81540990
27.35724935
27.64869092
28.56710266
19.76691841
-1.95643080
40.29515991
8.14824637
32.04398843
50.90583284
4.96721205
0.30425755
36.66172976
6.04691514
37.90624863
40.41289466
20.60435719
31.48941207
5.82303078
4.57634854
15.13816228
25.28715022
20.00822515
19.67886426
53.88251022
24.34670985
46.67952595
-17.26679258
6.23037984
0.00000000
11.29290197
19.49512908
34.50901347
16.81206432
8.08666099
9.52922975
42.37751165
5.96582203
32.74901955
71.29507927
16.70586168
4.78257844
17.05452872
14.24573869
11.08258575
36.85929516
31.95568172
41.58513647
41.69077080
0.83256348
8.18754670
3.32687143
13.19166891
19.95448000
11.94091592
5.69433273
2.05034238
11.36682270
10.02338510
1.91479021
28.28864476
13.05939819
54.04293703
-20.78507695
69.86653049
41.26352258
78.05025924
2.27667795
-0.33679951
3.97659041
10.24482731
0.17248227
10.33820510
60.21310462
-8.88960153
1.64243511
-5.67396483
18.45160951
18.89062177
32.48845864
-9.52315031
39.67633114
42.81005727
51.97738373
30.96935911
3.28951024
2.13634685
2.62208075
-36.10657680
25.75847523
60.42548631
27.82139387
7.35594065
15.21363058
14.65748350
119.16742533
102.26222305
69.14374835
52.23735742
50.32049541
55.48156880
3.75106733
-46.35741852
10.89647616
0.00000000
36.74988398
24.62107380
31.55447616
12.29160061
8.77624839
11.47811215
52.74345845
-19.32237415
4.93657111
50.49490990
15.49624556
-0.51774844
14.77135233
-86.31635795
-10.49967325
50.86329496
14.11498761
105.86589884
61.58264986
22.41732337
-24.46770230
18.02959153
13.51351090
17.49698466
14.10178822
-1.34570406
-5.31377052
21.11088572
-0.65431987
-4.33782388
57.99816795
22.96450274
86.75137254
