-17.34292650
-34.08653611
-23.21752114
-4.56668140
-22.29195890
-8.41028475
-5.23207419
5.37985284
-3.93425931
-12.86317621
20.85089325
-7.39566627
-10.21266870
0.31194755
13.18302580
1.10031028
-0.28903697
4.12758209
2.47494707
-21.24915802
-8.45456299
-5.05313928
-9.89573195
-1.44045085
-12.40384224
17.69262844
-7.86722688
-26.63093755
-2.78232227
-16.36895333
-36.27221249
-18.06626477
-28.68081897
3.90751446
-4.69395599
2.40771675
23.67773713
33.67925757
-2.09487835
-0.95124050
-7.22541199
0.00000000
-5.37736299
7.46409242
25.72591722
-0.27736743
7.09486278
0.59091179
3.74654544
-0.49004427
-0.87135746
18.28334915
14.70931192
18.39691189
5.03778379
54.77515911
1.45997612
14.56167681
-7.18168230
17.18851138
9.46394886
0.38573099
-9.98098423
-3.81540101
4.61780761
-6.15165720
8.11199555
9.19363569
11.99034891
14.09526432
-43.62872327
-8.72891361
27.42537187
12.98748149
-1.60401908
8.03311229
-27.67238488
-20.18144101
-11.13411844
-7.93597519
10.31221765
6.53287201
-0.82686737
8.72592013
-10.16158396
26.22283533
-13.04133257
-35.88743827
-24.79487018
11.91006132
0.99796936
-23.06890478
-26.41176352
13.01028007
34.07960555
-15.21191664
7.61930666
-8.96762486
8.58627261
8.63871829
-2.70888464
-13.77153402
-59.68851612
-19.76038153
4.08344447
-15.81765250
17.88431850
5.09218800
7.31394208
10.95950147
-7.23041038
12.38773757
43.74820716
3.05457050
16.33336444
-15.84155412
0.00000000
-6.25485970
10.45069763
31.66530896
-14.39728530
-2.61738773
25.92585953
6.49052049
-13.86331429
-8.45873017
9.42269021
1.73208948
19.79245959
10.04787938
6.26705018
-16.50540564
-3.65493662
36.62016280
-0.88066503
8.74204279
4.62207213
16.78053735
12.22558533
-3.23170804
18.86609895
14.98115963
-15.89691179
-6.93241085
3.81621200
-10.80613384
-3.59532491
45.42964690
19.25534709
13.99243679
