-20.87752642
-12.56980168
6.72806166
-16.48206321
-20.99161564
1.68710737
-6.82228166
-7.64720374
8.48023129
19.09529785
-15.84053978
-22.40607851
-11.15319492
-19.04473653
-13.65133140
3.94851805
-0.30726001
5.05613168
11.26232291
-37.48086230
-10.56024365
8.17159108
-19.79930264
-11.81896437
1.91010281
-38.20906219
-12.75940644
-8.06727225
-1.02204588
14.78072438
-2.38628099
-3.47545933
-34.26335702
-11.21638354
-14.82315526
-46.47979853
-8.74532049
-17.95341037
10.23901375
12.66732045
-7.62896973
0.00000000
28.34235741
-3.03075511
-10.08036573
-0.48415194
0.11389207
11.66087574
-8.23405690
2.07667994
-10.70513640
-0.02342769
-33.07128346
-6.01087226
11.07253217
-20.94467812
-13.50840256
-20.45973465
-21.94517207
-13.00701599
-8.43434499
-9.31905498
-30.13602096
-7.23753341
-14.25624488
-17.87194099
16.73838552
-3.31443739
-15.46972962
1.42060364
-4.78037642
1.07272979
-13.65662087
-21.77927202
-24.44552571
-20.77700286
3.86323442
7.24307789
-31.51681337
-20.28291988
10.60727645
-1.39061110
-4.52876339
0.50041303
-1.05827305
4.17657991
-32.48406479
-26.17092785
-33.91954057
5.47444623
7.32020363
-6.23842103
-21.34690495
26.83925126
-0.13810969
6.85771251
-13.23906429
5.14433904
-20.03428454
21.88771345
-53.67352610
-31.49317156
-25.20060471
-20.91849464
-6.28051598
-3.55687152
3.05369684
13.80298140
15.43596495
31.66855282
-45.94748627
5.44595316
15.06010292
-5.05552503
-18.27171308
-11.00625741
0.00000000
20.47479936
19.56546031
-15.73928084
-13.01641375
-2.57668636
8.78849073
9.35817115
-6.03980754
-2.38054924
-28.83484354
-13.64163998
1.10654447
14.77842222
-44.61678193
-26.66212393
5.99255031
-28.44420247
10.50471244
7.95761829
-12.89376702
-42.91301414
0.32310149
-6.07795825
-18.81566032
7.74856752
-20.72626551
-25.74602129
-4.19665260
-9.44834688
-0.80798149
14.34461061
13.45891668
4.95510672
