40.40468515
-1.05511821
-32.55139785
-18.53982176
38.77479309
-4.03749322
-17.80986634
-4.40776977
5.67520700
18.98931690
-35.15867531
-19.13322201
36.02922028
17.03701264
7.04647498
8.64071243
28.71498171
16.09250530
-21.88928687
-72.24527782
14.63612432
-16.83691420
18.20370057
38.61543246
-10.92520157
-43.94599189
-36.48766656
-25.15740026
-5.90756088
-7.30569110
27.20598947
22.65271006
-21.80665999
21.91996770
43.23027563
-9.98874850
-3.34827950
15.93179232
38.12009499
-47.08296725
-14.00459131
0.00000000
-42.94767126
29.23865088
15.95432853
-2.49592164
-34.39759629
16.56763408
18.96895685
-6.08626126
35.58603225
32.25595883
3.18949579
-3.44893572
17.49717711
-35.94743912
-29.26483527
25.35343666
-5.62523391
-16.49030405
18.36329391
10.45870650
-8.80670529
14.86690402
17.84370826
-21.26218860
-1.91372415
-27.08096383
-14.47304745
3.03712082
39.76799043
17.04703832
2.93584777
20.99718190
-7.67949387
-4.61522571
-20.89645461
-18.89496395
14.55806453
5.99167727
11.26062737
5.55964158
-6.93385186
3.40136789
-4.81088423
11.96794542
9.53875959
94.00111888
18.54353463
-26.17365504
5.64286770
-2.78110615
-21.00752056
-13.59057902
-2.81500616
1.78004707
-0.87449183
27.37443660
26.44981189
-35.49469076
-69.80024845
-55.47795809
-53.18326976
3.51672498
-49.52277876
34.00231859
22.29726096
33.25940380
39.67465744
32.58773924
7.67385429
-32.73781590
14.02480916
48.25657595
-21.64448615
-5.83303506
0.00000000
-28.04816113
41.03000094
11.63497309
-16.16355286
-14.95492102
32.12672824
27.09981381
-13.93363454
29.24280975
1.18224069
-4.89206209
-20.05313833
5.05417164
-146.13330883
-55.74634353
-21.49985331
11.67720992
31.33752803
-7.61941362
7.68995810
-8.66276087
22.83439852
10.83243145
-20.93428586
1.54871274
-37.10016840
-4.48631222
-0.96993380
39.14637358
-18.85761285
-20.52368246
15.44732795
23.84242402
