41.39668820
1.22339785
6.88037803
4.32107827
25.74434766
-5.07739323
2.57895005
2.25612935
18.25181047
-23.00646465
-43.53115092
12.93589376
-1.16507250
7.51944399
1.80003915
4.39472455
6.32427746
8.14426970
14.46122301
-3.26308487
-7.74566882
-32.18499242
-4.23642146
17.37157630
18.21429877
4.62650100
-14.48739094
9.63053992
1.02493277
-5.00877362
19.57309065
7.07428271
6.64864161
30.06006463
8.74236588
12.61358006
-18.34984861
23.66622533
0.87841528
3.08805132
3.05421914
0.00000000
41.62633905
7.87047761
-19.55256184
7.72087748
1.72613016
9.21454177
-8.69545345
5.57623351
-13.47125139
-23.43754126
0.65674651
9.04058991
2.03170681
20.34485132
-2.53548231
17.19813477
-9.02788211
-22.10849097
-14.15116471
-12.61169993
11.36344594
-14.59333830
-3.22379381
-24.67815473
-2.06150478
-2.32863311
3.86546597
-6.32702572
-0.98616809
12.12187419
-9.13809443
21.24090725
-8.74568434
26.34182374
1.51802813
3.89385141
37.05970967
10.98792279
-0.54069957
-3.80677482
6.63663961
10.75244813
-16.93355438
-16.24799414
35.24011779
25.18873983
25.18289308
5.86803381
4.35218139
18.88524182
21.60619926
5.63219677
11.43169814
-0.23871184
-34.18588506
15.74822317
11.92619880
12.25105301
20.37148531
-14.50714660
13.00975039
10.91905609
-4.36896492
-1.57104963
-12.68160989
21.04877416
22.64175178
2.87105242
29.54989883
-12.27798043
-9.99684925
-14.47944054
20.81513122
14.36949536
0.00000000
32.64385046
13.80979307
-12.40840956
15.69226606
5.25472709
5.44254332
-0.94750166
8.90557019
1.71967803
-17.04724971
-5.67140164
10.39631288
-4.87340755
25.25562089
2.57455460
25.59333111
-11.71369198
-10.91382283
-13.77156770
-6.80008976
13.74041191
2.54194882
2.19393620
-11.09273595
-3.58045662
1.21416850
13.08395613
2.08518021
3.92916072
3.50651225
-27.74473726
12.59384943
21.16853732
