16.24095952
-48.78206440
-25.60387147
17.99939090
25.89336169
7.41475604
10.03084432
-1.93299336
20.45535176
-1.25036912
-14.93273533
23.61611226
6.47778598
7.73299028
-14.64714193
-14.11784581
9.13492901
0.94454880
-14.49427425
11.14665981
-44.94535512
-62.01840300
16.09637957
-2.97160706
15.64700188
-2.45856615
-13.45410463
6.89570375
-10.71410593
14.47464473
-1.54261355
10.00382032
32.81219859
-15.72015995
-20.68028351
-18.51532490
-15.75906280
-6.99061209
-1.79204158
17.99354711
2.06631446
0.00000000
27.32248635
-27.69396553
-24.60401925
0.25792100
12.77920659
-13.54730777
-5.63924168
6.58574614
-17.97629662
-82.76010646
23.12155328
-10.82267756
-11.69182772
-73.74405566
9.63720861
-70.08008393
-25.24921412
-24.55789862
-20.51857476
-12.70403590
51.50816187
-13.26842517
15.99995334
2.91816544
-14.81508553
15.12603831
22.24221744
-12.07868223
3.66486330
13.46761434
-6.63842840
-16.25041419
2.74513815
5.63752905
-23.81753604
-17.50922383
19.68243626
-0.54697002
9.26932182
2.97495036
6.73986384
7.83596378
13.55836023
-55.92022332
20.65077827
-34.58696557
33.22151612
12.30667511
-17.69483975
40.88139215
75.20244805
-22.49752728
-25.89318452
-35.73650447
-34.38448710
-7.11341489
-4.74615908
25.56731253
44.59683148
-7.56024470
25.67877161
-2.97107556
8.02212233
-8.89506041
-10.02754911
9.58061783
-54.54968375
-40.92438629
-13.95227316
-10.53056553
-53.70499558
0.74778563
-5.49183361
11.45965691
0.00000000
10.30894712
-20.82739559
-36.94343239
13.93531287
7.14681125
-26.62981627
-13.32089617
14.49083009
-10.46669178
-47.21900602
36.67441705
-11.70691888
-15.83511332
12.86700263
17.89986177
-38.47199097
-54.47615496
-58.41093006
-8.73009038
-20.55045746
2.78937628
1.94411376
4.70193807
-2.19681423
-0.85392708
27.77240215
14.09054721
-30.38650490
0.88655813
16.87833223
-23.50364613
-35.85381443
6.62282206
