-13.20565921
-39.83423189
-7.62625853
1.62286437
-5.94272193
1.17830056
17.32569977
3.81810271
-4.66160290
-28.49475763
-42.07569369
-18.21051841
-23.29016083
-31.47821430
-4.88383898
-2.39373452
-12.99723791
-13.02731390
-27.88247485
-43.54916716
-48.46796072
-52.67568010
13.46374270
-18.36525603
-2.99607895
-1.47765512
-7.24356517
0.33127945
0.10076570
-5.11942352
-12.26127336
-7.29032046
29.91014954
-7.74906733
5.42765114
16.12202343
-4.77893659
-29.69097588
-14.19245648
-26.23089457
11.20775073
0.00000000
-17.55304472
6.66272829
-44.79914516
-5.72773968
0.19922530
1.97059214
13.87874869
-4.52533765
5.75164527
-55.44272486
-6.67550400
2.27395042
-7.36805364
-25.02690092
-6.92111532
-22.05507979
-40.18586676
-12.89407364
-29.64837779
-25.82250842
-40.15104735
9.07419326
-10.20306088
-13.25229771
-8.24267659
-8.42557373
-12.80093216
-10.63368573
-13.13396712
-1.40177350
-15.14135974
-15.20396942
17.27123928
14.35550831
-34.38686499
-0.37853672
1.02144054
23.50446156
3.36874451
4.43906602
-0.42727141
7.23604596
-11.51495094
-63.69072570
-16.13057409
-8.71898938
5.11558690
7.10984418
-2.35087317
1.05882916
14.26329899
-45.16469963
-63.33489425
-45.72280540
-28.84412170
-4.09897313
10.70960374
26.10364401
20.22451431
-0.54226287
4.38141284
11.57705841
8.05715977
-4.43029375
14.59239662
-12.64131755
-27.64178467
-21.85276667
0.28468829
-6.23280792
-14.18769670
-2.86917549
2.59244292
11.08478138
0.00000000
-33.41004864
15.64986336
-28.48319342
-6.70818724
4.22322605
12.05154183
-1.21210515
8.06520893
1.93415882
-0.08590056
10.86267854
16.38052148
0.14901660
24.72560517
2.33068147
-33.23308732
-58.05015654
-46.49713819
-15.95854157
-9.72517908
7.26331602
-3.32793134
10.48114264
-9.08478754
0.24183137
-3.65380173
8.23596767
0.77936823
17.06689808
14.15252213
15.27218778
-10.98529533
-12.47551173
