10.32217510
56.46045433
4.16425847
24.76217118
-3.32004638
-4.98905846
11.28329066
5.63168952
-26.82742550
-48.70962466
47.00189485
10.03619708
2.36022863
-12.62254185
12.33865989
-18.29020702
-4.82666950
-8.42204011
36.99692995
98.65778701
43.04073448
27.14769343
21.34998334
2.52264392
4.92566104
51.88111950
54.65587841
21.50856214
-4.95050078
12.86454186
-15.64190691
-15.07951812
64.46124793
12.22125414
10.94100080
45.73431522
13.58213120
-2.31761869
-18.05857160
8.59441897
13.66401513
0.00000000
-10.82628948
-10.64520945
17.47153970
-7.65484198
1.64985653
-9.51846456
3.12669175
-2.35855944
-1.36956779
23.41865531
1.75727878
1.57068054
-19.01982585
28.59971889
38.44710718
20.68063883
74.42960033
12.01698950
8.16510018
24.72735858
32.75064505
-7.58955316
-1.83568081
36.03165895
-25.25036892
14.62086153
1.68795211
2.30461557
-22.48146004
-14.57977660
9.98692827
6.39716246
12.95869026
45.83653841
51.62294826
15.38640209
48.03182277
26.74720703
-3.09778522
-7.14752561
6.03846938
-5.84001067
-5.66716842
27.02169891
64.34934432
8.47652842
35.29721855
37.47245985
-6.49418515
31.39438417
57.31819509
-1.01915454
54.13876842
28.49428224
47.88875590
8.27168534
20.24677469
42.89059381
107.64948390
88.01930419
52.18771731
23.12761390
57.28578861
3.44889903
-7.34863671
10.24843288
-0.84069445
-22.19629475
54.03238998
27.52379269
-14.76090178
7.64924086
43.37529249
27.50940514
0.00000000
32.51048610
-26.66833389
20.55112704
21.55895862
17.93815834
-19.48780580
-13.55612575
18.50473660
8.92074630
44.47351017
25.84077049
23.04888175
-14.87045624
175.25125588
77.75037059
44.37589124
79.53148523
-27.74836328
32.04062251
24.48166391
64.24222128
-9.02045927
0.63650100
47.74842260
-13.38688224
43.28729536
36.17207632
11.68501147
15.17364999
20.96219128
7.05210895
20.17853950
8.61004214
