-50.93562085
-21.80255988
-31.72219025
-31.77522070
-11.18560348
-8.12098462
-18.08719760
-1.44215445
-9.60382887
-11.13593638
-2.98304906
-39.54058603
7.84990273
-12.46587395
-7.95843878
-8.67800960
2.15912095
-0.64766600
1.62486975
-11.78918630
-8.30369317
-23.47605081
12.92217254
-2.37616779
2.37316526
-14.81035683
-16.05657888
-32.26327751
-16.65660577
-3.85239197
4.53291753
-5.07327729
5.33039529
6.17667887
16.07787278
-17.92816779
-7.26909112
9.22036528
18.83322774
-22.53812078
-12.40410423
0.00000000
-28.87253706
11.13414903
18.09722010
-14.20258588
-7.20084043
15.99154189
12.78400231
-15.13423788
1.88852687
-26.21578099
-12.84364015
1.38479939
-0.42947205
-8.03878300
-12.05507795
-15.28355792
9.67698857
-6.93051006
-3.80855272
1.76911458
-27.62000400
4.43062910
2.05214492
-3.64342506
-11.62819833
-25.05946541
-11.45057293
-10.60502674
-12.28320309
2.92257345
8.78945893
0.81660367
-12.24344905
-27.69656337
-42.72619851
-26.40100535
-3.87389702
-12.06584552
-2.08879823
-3.27580561
-1.27149910
-4.46900243
-12.56172538
2.77734268
-21.28804960
20.28412121
-24.41319693
-36.95203030
-12.33757328
5.27642704
22.04616751
-19.18486050
44.58560411
-19.18860257
1.69263444
-5.16482698
-9.88260554
2.28623298
-4.78687595
-21.26031678
-40.28184890
-8.36042152
-19.40199723
-7.56406277
-3.09179872
17.76611769
-1.39940017
9.39339258
-26.67137511
-8.63017281
-26.55380989
26.75409783
-9.80435485
-0.52359159
0.00000000
-40.15360010
-14.94529281
8.28531314
-23.87656617
-1.90207084
18.33800432
-5.40035022
-9.75448156
-0.08757737
-10.82328764
-21.11128790
-20.58410550
-10.60610511
-21.94128932
-14.07653072
-62.77749813
26.66572524
-27.68652080
-2.36938438
-3.67271218
-2.53663860
8.88479921
-5.75796305
1.95437588
-7.40109140
-25.70697145
-14.74289330
-14.00341122
-19.58686821
-5.20962132
-9.74740974
-4.54155289
-7.42747653
