5.78065840
52.12478880
5.78014018
12.42224712
-3.17056950
-0.40894206
-4.99650727
-4.97211342
-3.99733782
5.62041190
55.02445003
5.56043362
13.15887179
-6.35084903
19.28519428
7.41344588
-8.22312609
10.29525723
19.87378115
29.05976456
37.27256286
60.69475036
-22.36942761
17.05359091
-13.60747078
8.39724212
-1.04712717
-8.35569093
2.42381003
-2.86073561
-25.89488348
-13.79191480
-40.90071522
-3.93816433
-0.31052557
-6.60268649
20.46384403
9.38451773
16.49000133
13.51631867
-10.47668337
0.00000000
44.48744333
9.43190302
41.35831986
5.35324277
0.36456842
14.81307868
-3.04376748
8.87335571
12.56480218
61.62933784
16.07543938
20.34328425
16.91385626
4.49971952
-5.27521534
65.19574029
22.87558928
30.00289963
23.42553507
19.39262464
2.53981200
2.09788696
10.23668405
9.11938378
9.33251412
15.97761749
11.56970973
13.99215429
2.34821998
-0.10198937
16.44511348
9.34495312
-0.48347482
11.13426627
56.80446463
1.67697550
30.05683548
-7.15851020
4.89479918
2.60267625
-10.53245995
-8.08361643
-3.35159636
85.31824606
7.70098686
-10.05403616
-19.53578184
17.72010234
7.83743238
-20.44966168
-43.39642923
36.69642143
27.68287170
32.69011925
37.32511005
-1.47692185
17.13208419
-25.26319313
-12.35357770
-13.48062512
-24.90329379
-16.20867974
-3.92106468
-3.93923998
10.07241496
10.91867035
50.95515792
24.47300719
33.71170883
-0.02400777
50.63869383
-14.15141915
-5.20191009
-10.00906036
0.00000000
55.40283150
18.25748812
45.74846821
-6.27472383
-7.77018270
20.66301163
5.39002509
2.82974480
10.67760411
21.48076526
-19.37579950
22.16977369
14.66593766
-42.53525634
-28.40133100
46.22797447
24.63603267
75.98537037
-6.74910316
11.32895000
-5.66913675
3.97838495
6.79621767
8.37378329
3.45123200
0.35129851
-7.51085761
11.10010344
-27.30206359
-16.90080313
13.44015981
23.75235150
16.87081561
