-19.84968859
-39.94151451
-27.84665218
-14.40374099
-24.43031494
3.56538297
-6.78483828
2.49253898
-15.43504874
-50.36126419
-3.92618370
3.37319065
-13.12771850
11.71454723
-15.51799439
-7.50779763
-5.45697065
-8.67460768
-24.75498310
27.07254990
-24.78196969
-56.63373523
11.19583679
-16.78210977
6.88612172
16.88060237
5.38356216
-12.20305199
-8.62779388
-9.25576427
-17.88114323
-12.36171877
35.42279843
13.73282500
-4.75220015
25.63703510
-22.21438801
8.64766180
-3.50683167
4.05309680
14.25285668
0.00000000
-45.78038394
-4.63985671
-13.17800244
-15.20151788
-5.46245284
-1.02211720
-2.74484075
-4.93744950
-16.55966295
-52.82503261
-19.77792558
-4.09058806
-17.37350779
47.67481290
-3.79858698
-30.67043017
-6.20322478
-11.07414238
-33.19655835
-16.71806168
-25.03199814
-2.37642813
-12.76209564
7.69266751
-28.07889282
-17.11873715
-15.20954827
-12.89880325
-11.45737876
-7.35249334
-6.18435013
8.05347795
-8.19133422
6.41810198
-23.73055457
-26.47111382
-33.82686239
-9.14677353
2.05442912
-9.92986099
9.63527316
-5.12297519
-10.99627256
-12.47700323
-16.93477730
-14.91555742
-19.29796272
-25.74874892
-12.92708490
17.09639859
43.54415982
-36.67537376
-4.81919724
-33.90139780
-22.57070317
-5.58737366
-6.58574532
32.93309554
48.13038913
-1.25506126
-22.60307281
-5.68382139
-1.63016774
-3.57157288
4.21194920
-25.14481187
-27.92489262
-32.37515971
-0.11371166
-15.93040513
-30.29259479
-11.16416417
31.47700984
18.67409013
0.00000000
-17.79991663
-14.17939719
-20.41265339
-10.23507013
4.49790347
-16.53954614
-22.74164557
3.70394241
10.07561508
-26.97558150
-21.99731193
3.23796588
-17.45693770
108.57560937
3.80054540
-12.81814142
-12.42073923
-31.61130738
-21.08003647
-9.16031899
23.41204303
-5.65342872
2.19307332
2.43542808
-6.59566110
-12.04506890
0.05426841
-5.92299153
-5.41048422
0.19960469
-21.22364615
20.98116290
-18.81525304
