-11.75500496
-54.22795760
6.30918686
-39.29542074
-1.39812745
-24.10692439
-15.86951575
-5.41946339
-27.54930637
-34.13045394
-73.56654119
-32.05360509
-24.54220200
-31.02255350
-20.83251236
-6.89576986
-12.13047789
-4.41709149
-14.57200969
-74.67577308
-28.36039228
-35.57366518
-34.50266961
-13.25191940
-64.36460461
-32.49683803
-56.32728292
-11.69574597
-7.26964032
-75.50326964
15.85780824
-6.23826189
-44.52840835
-22.60742199
-13.05208294
-40.84904923
-30.53170429
-18.85075499
-7.17349929
-1.25370977
-18.00580630
0.00000000
-9.78889007
-12.36679363
-33.07198123
0.21978978
-15.50962272
-3.40271533
-10.36143702
-9.56966666
-15.88491879
10.26672062
-28.83302234
-6.57983257
2.82681946
-32.14547398
-31.96041469
-10.30727399
-46.34740316
4.08572885
-4.11868580
-14.86312659
-51.12555339
-16.52185728
-20.11057995
-54.07913336
-7.05035387
-8.13276230
-19.82005158
-4.36470184
-13.58365531
-24.62933075
-13.31271835
-26.24830065
-10.97241007
-36.05344979
-9.15517123
4.60364954
-34.06852076
-35.01354585
-11.92511621
-4.13566360
-8.84411759
-24.75580389
-47.97043864
-22.05527044
-70.79886001
-53.60883506
-63.02778949
-42.42456363
-3.17527394
-27.81459254
-59.38445864
44.60230152
-6.29750757
-39.03481916
-45.37806246
-18.23182427
-30.50375138
-74.60689330
-54.40360224
-45.88516295
-22.68104973
-24.30527179
-41.72967505
1.07257108
-14.07708969
4.49587187
-8.57191607
21.52131087
-25.78088274
-34.36611824
-23.68649140
-46.92624311
-59.28747007
-19.05007195
0.00000000
-8.80734752
-10.64759883
-21.97749039
-19.27323261
-13.28370781
-5.24196748
4.85278064
-27.47962273
-20.86799824
-11.98560951
-59.22948821
-25.67808059
-4.87363224
-94.37403338
-47.97190421
17.29818694
-27.87133046
9.20961204
-28.91934285
-15.84749838
-60.72218673
-1.20466849
-27.35833653
-21.10568822
-1.08898902
-24.60174240
-53.57800384
-5.13989978
-14.70437212
-34.70453718
-31.16234967
-35.23953227
-5.82139705
