-51.40844103
9.37692629
33.17825435
-29.27680529
-34.10244128
-8.44123642
-4.18801885
4.44992053
15.56482800
-21.03438498
6.13432346
-13.40856387
-17.33042613
13.64103118
4.37308973
1.94011078
-22.42262160
-11.57225531
-26.70022584
-30.20315246
-20.76702795
21.83088651
-18.46237744
-20.82376759
8.75164874
-11.21294406
10.65812841
13.16525939
-0.05393136
16.79265264
-16.81631892
-17.16144110
-44.16662918
-11.71802624
-12.01222554
-10.59221787
-13.14984046
1.00548366
1.64927504
-1.80968667
-16.03681000
0.00000000
33.54670619
8.53198935
-23.37456851
2.07783324
-0.71666624
-5.39658945
-2.47206428
-5.98683814
-6.49535710
26.89979527
-19.47927117
10.48854593
-1.81393378
20.33054211
-8.77690642
-22.28289810
-23.63467276
-17.08010110
-36.41377239
-23.02969271
-58.16701764
-2.99632160
-11.67449454
-26.44504872
8.91259814
-1.76208752
-19.26404901
2.57635454
-17.39092256
10.28417484
-11.35334240
5.63693153
-20.29507703
-5.14989428
3.06000808
25.58661198
-41.00524450
13.50838251
0.56546352
-7.84784038
-12.01238360
22.30771210
-11.44110525
14.13800588
-71.63905358
6.82939151
-32.43482575
15.46228828
10.07504285
-52.40566316
-52.44127923
10.70957124
-21.62792429
-2.77962299
-15.13639005
-13.58092206
-15.76755408
20.34433320
-62.71329278
6.36708642
22.21441287
5.78559082
12.20564464
-2.23236718
-10.73522182
-21.23858174
45.78422351
13.87936990
-20.39830299
-1.96087926
19.84192449
2.26612932
-20.60481074
-23.15655858
0.00000000
13.73424473
8.76838357
-6.36591464
2.26877993
-3.34071921
-3.59777278
-1.24129468
-27.39515681
-6.83559663
-17.12954533
-15.74665174
15.06769291
11.27464283
-0.43744577
-13.00263153
-2.03932367
-52.39197213
23.01246509
-19.34188945
-20.14828216
-23.14947876
-15.81761917
-7.38713663
-23.15133509
3.36638567
-23.07571733
-32.53678285
10.96075340
-17.08552029
12.41932799
-8.49461969
29.59546158
-8.91855238
