-61.71567738
9.61661274
-13.40310515
-5.52317097
-78.09730333
-8.71562761
-20.76828371
-10.29627923
-52.37756290
-18.90852407
11.43502971
-1.21221247
-21.03718297
9.65333116
-41.81082294
-30.83284739
6.10900728
-6.11648301
48.73529044
78.63583721
17.82037196
-16.38586142
-0.58181535
-42.74740135
-47.91164217
7.37208897
1.93916563
-11.43476795
-5.12153840
-39.02346617
-16.64186944
-15.77387588
8.85723482
-22.40730780
-18.18220384
-21.64711983
7.78274960
-20.72369777
-1.36236435
41.03965998
-12.07446216
0.00000000
-2.24462254
-19.11563072
5.80603218
-17.96463330
-2.10628157
-10.00572299
3.63522925
-2.85480762
-15.41326586
-2.06864970
-11.95050022
-20.51149320
-20.59107534
-31.62991750
13.31790623
11.77474071
48.64529385
44.77127045
24.53360112
6.62760417
3.34031478
-34.66083622
-7.83879938
-7.55075470
-29.33744665
10.58122587
6.44729558
-4.35337982
-25.34583767
-42.95322462
3.04801888
-33.17128453
-0.46434421
-49.40230305
-18.74313702
-11.51534491
1.29336976
-61.73263786
-16.55272914
-11.35760533
1.30948870
-35.59940225
-4.83348406
1.33978852
7.35467169
-23.74262602
7.66514273
-16.84875169
-23.27574098
31.94729112
52.82814999
20.60542030
63.51097813
19.47404238
17.73280220
-6.46638562
-32.58930782
-36.29177116
58.90622296
23.76498917
12.60000701
-17.16023886
-9.75074951
-12.09917787
-9.59426697
-0.95554942
-43.48476098
-8.31502893
-8.85398102
24.27402748
-23.02947296
45.13610884
27.05837880
4.56160163
0.00000000
-20.80236833
-27.46271399
-2.46011151
-12.65134542
-0.74027555
11.44693068
-9.73813425
8.76814025
-0.69908691
2.19933299
7.24436007
-38.34961118
-24.63152714
19.09563662
28.94570606
-10.98469189
55.54778855
17.79441679
42.27305041
10.44766367
0.46497856
4.87415662
20.20778650
9.48624010
-6.72930201
28.02746956
-0.21930571
-7.16351701
-26.49677262
-15.76709157
13.61928754
-36.55930019
-15.84552809
