33.86918974
-16.03650519
-17.60011767
13.91009946
22.69484798
-1.79304454
7.03220260
1.08746163
-7.24107128
-31.34772918
-23.21297823
-1.09304128
-7.01425851
-5.92817657
0.81428399
-0.87607769
18.25327395
1.37978241
-12.06200369
-41.19077844
-23.16508537
-36.39220529
22.73013732
9.67655892
-18.41678089
2.07908606
-21.48382656
-6.00718153
-2.48176777
-10.13347606
-4.55444434
5.31027056
41.85234183
24.22423362
33.92127848
29.30350807
7.72941485
17.46258269
7.07433951
-19.04621752
10.49141112
0.00000000
6.11147842
12.03424850
-14.14657082
-2.91128855
-2.87739617
8.98272811
19.06911621
-4.56871593
16.53389021
-31.39060436
-1.09025687
3.41145221
-6.28566126
-13.75187943
-8.70814722
11.06464024
-6.38244348
14.26572782
-7.96552969
-6.49500987
-16.69963620
22.50673412
8.19448283
8.73665905
-12.34124061
-14.99339390
-2.84415960
-8.16768568
6.51056419
-3.84580494
-0.71234687
13.21437132
25.17808156
36.50104564
-3.67526734
-3.56319756
45.11031452
12.24629494
0.08737237
2.41153054
-1.95850128
11.64926980
16.61521145
-4.14100557
31.17901421
77.08633678
54.22470119
14.94324510
0.98765097
22.21645048
43.37256650
-15.33300185
-16.31912973
-23.15217819
0.19520665
4.44371840
38.97938076
22.11526812
31.89049392
-11.49551240
-15.42855539
4.13913001
19.43665501
19.33836753
31.63853393
37.45491390
28.98309073
4.21041319
41.19814587
6.66318947
15.19910514
43.14441156
40.45557919
21.97198154
0.00000000
-12.40026678
7.91936083
14.53537721
-1.89087214
-1.21144486
38.08917937
16.63993451
16.88250876
9.14483480
24.58801674
17.65609684
28.66293888
5.42563987
14.63471320
5.61543104
7.59878426
-2.84846148
-2.90779018
0.86176646
1.18896988
38.29428409
23.78540193
24.23557303
22.89786427
-0.23704565
-3.75280254
19.36460975
-1.86617658
31.45852198
17.36083374
13.62267448
19.80603357
26.64463824
