1.05126621
-24.46992275
10.64934505
10.10954787
-8.91474405
4.83744630
3.20528402
-3.68832296
17.10296491
8.47133689
-8.62300967
1.86620400
5.97558965
14.44718328
14.42961033
-4.20835673
-18.67822855
-6.39980648
-33.80411944
-9.69696580
-28.93669419
-8.34155653
0.90945660
-11.30818024
27.95020674
22.97106133
15.12191088
11.87183510
1.39543433
24.47103887
-2.43143251
4.67686915
-12.78699299
-2.68469703
-28.59344915
-9.50186809
16.37559330
-1.04399988
6.07974423
13.28779040
-3.16266115
0.00000000
7.37418358
-2.29854169
-26.19578099
0.18135093
12.90688571
-3.27275783
-14.17757850
7.13263074
-7.58759427
-26.79699865
14.19156358
-5.02815117
-2.47533799
-1.06247803
15.02797052
-39.32913426
-46.81347444
-9.08544983
1.60435278
-18.54791420
55.09287139
-6.27361004
-7.55031661
-9.15566160
10.04518534
26.46675943
19.85766375
-6.84266706
-5.33289080
4.26904033
12.72506211
-3.90222890
-13.66181643
1.09242049
-28.32736822
-1.68621185
-9.91538221
-94.91726783
-4.10806632
-2.10952475
-0.16121410
-0.18323280
-25.05651520
-41.28010393
-5.72423545
-44.42546953
11.64634704
34.66871664
-7.14802380
-3.42206056
2.70611904
-22.59649034
-52.41740623
-8.71778328
-22.94079243
-3.11568662
-9.82283847
38.39723053
44.54244074
23.61667257
58.01063510
4.72394078
18.51701580
-4.40305166
-1.38394567
-32.40165396
-34.64843207
-27.62885292
0.01572190
39.40202074
20.12604877
-18.32053630
-12.41983537
-7.85733846
0.00000000
-15.34006051
-8.72309036
-31.73606787
11.35698634
2.62669237
-37.23868249
-21.64778142
-7.24777132
-2.14664217
-16.74464729
24.67466773
12.70696322
9.40336187
41.77829880
26.88424832
-36.92479695
-46.80926085
-17.18328272
24.37314691
-16.49620779
-20.78497137
-9.30639662
8.58361719
-2.39414960
1.10492379
28.48167954
5.22722828
-6.37284881
-7.01396882
9.95110994
40.29738013
-12.55382457
-17.47178547
