-1.10950019
-53.19836491
-26.95034942
-31.56614484
24.37738346
0.05425713
-12.30348649
-9.55091375
2.47045741
3.27970223
-33.92853505
-10.86612403
-4.00034963
-6.88059136
-29.99172223
-6.97523750
-10.99949669
-21.63642983
-29.18465853
-16.14299034
-18.94392037
-63.23548437
8.88049077
-0.86581070
-31.39436702
-37.76161068
-38.10796908
-18.01135342
-10.73023121
-41.15852297
28.02426197
-1.67316819
-3.45261426
-18.80966733
-3.02820383
-23.46097570
-39.04879866
-27.65750024
-10.88319617
-34.08344268
-0.58970102
0.00000000
-73.82181837
-10.57790529
-11.83531324
-17.95437283
-16.48374360
-17.60202490
-2.53570622
-16.88555441
-13.84842752
-42.52863805
-10.45250245
-11.76518510
-12.51090486
-57.79839803
-29.43278418
-27.17162862
-39.61462660
-24.10536931
-13.27679622
9.11071202
-19.15338732
-6.49359335
0.46480811
0.65917308
-14.51101255
-28.95136417
-17.61422339
-15.23229016
22.30820115
-6.70096128
-19.44936597
-19.53457756
-24.86925391
-9.33264900
-63.08218501
-10.34184305
-55.10335989
-5.37018519
-5.79774022
-2.73797725
-2.26537997
-15.22702687
-11.37599972
-32.87227200
-21.63490398
-28.67531445
-47.03024925
-52.14445839
-5.62195205
-17.44387201
-34.16522329
-33.15696663
13.30259032
-53.88071378
-13.90095620
0.36240561
-18.31509356
-51.85829189
-22.96314743
-35.61093756
-14.59041759
6.46068941
-41.69013721
0.22046183
7.95956791
-54.25546987
-69.19183214
-40.15074199
-50.56132388
-65.20027587
-70.45848985
-68.36406965
-19.63875796
-15.45521080
0.00000000
-51.94803187
-4.06546167
-8.68032915
-9.86707449
-4.95571159
-50.37936836
-27.45994946
-16.48988164
-5.55707737
-25.63930613
-43.14161987
-36.68192128
-19.71645437
-50.15154903
-39.06608425
-17.07141427
-5.03639124
-45.82459140
-44.86542631
0.53434658
-19.75070001
-19.06249063
-42.81800135
-8.91677651
-9.85381138
-16.10766263
-3.50616888
-9.49637098
43.91784392
-30.82206685
-73.02896329
-53.53400552
-45.05856544
