-54.00808827
39.09576572
23.19936493
4.59960422
-30.24237980
-6.27968214
-7.11459669
11.77595206
5.23256700
14.92706143
27.29219381
-4.19318822
-5.96390428
22.50669103
-8.58502405
10.82797838
21.79389145
4.51613997
53.79480171
46.44075869
20.30901668
24.29033470
-19.04669608
-20.50696788
13.74657727
5.94370278
22.49372792
17.80771524
12.53186008
16.85596450
6.80772073
1.78632847
12.09613068
25.21823365
-7.65237995
3.13751789
23.26626656
28.32513038
8.56991529
19.25592851
6.60661178
0.00000000
11.01895704
-4.25710315
26.69940057
10.09937575
1.76618812
8.65549027
17.06693079
7.41148368
-6.77725571
47.58242248
-6.62194307
-2.18720756
6.14265886
39.48476855
10.58426225
27.32663419
35.60314932
48.81368875
22.58100429
-5.73806683
-14.56317141
-19.66848609
-10.42744911
18.51931574
4.64772855
12.10489166
2.65505501
4.04551224
-19.03994397
2.53459236
12.28027719
9.18489648
31.14464822
-30.22753213
45.37977338
8.58539018
63.30619352
-11.53441629
-3.55966991
-1.58340335
7.74162125
-2.20096177
-1.39050570
52.22233461
-0.47644813
-11.83695496
-14.20764506
1.76586393
11.37480309
39.52996578
17.15897186
61.97058300
64.67729755
31.68741279
15.99198201
-8.53645054
-14.29200873
22.41926292
20.71271913
13.89224263
36.50656912
0.21012705
11.66464597
2.42329497
-13.23076988
87.75558240
59.62545548
47.18926353
39.45096833
34.24764468
29.23450618
3.51921233
-29.87381872
22.28150558
0.00000000
39.42103263
5.02361980
20.88174824
1.49085116
4.06262145
10.88000421
29.92432065
-0.23866390
-16.07605338
20.78087621
-1.89768424
-14.66630209
3.38685677
-24.85204465
-0.97232938
64.11408309
25.10763778
81.78435618
49.50153553
-1.34549524
-30.58554604
6.52914224
1.88181151
24.52818033
11.38825081
8.59716821
-11.63611804
6.51177203
3.98205945
3.09306052
35.39433471
26.94223510
59.93871733
