-0.71335914
6.91339054
-21.58222682
-34.52677179
24.17882775
-13.24792113
-6.95811619
1.19057894
-3.50977481
4.16050122
-17.37024448
-38.46246688
29.85001604
-5.57673635
14.57982949
5.51544552
5.56524652
-0.70422372
4.85823877
-22.80490339
16.43956458
-10.23826834
14.16055307
27.29699227
5.48027447
-21.34422284
-6.45453240
-24.68992831
-9.73255438
-13.19047436
2.98043497
0.44362124
-7.88540827
14.68096945
38.59312387
-7.67310059
7.29491723
13.82878057
39.37138011
-58.76367225
-17.09632004
0.00000000
-25.70130596
27.19379048
28.85718010
-3.52496110
-3.00467602
18.55701955
25.71760060
-16.93632646
21.13926430
27.27946393
0.51724620
5.63749089
9.05343365
26.91983404
-7.55460119
37.06417378
32.46305875
-2.72174420
10.70261962
17.17652107
-18.71787296
17.39674154
13.99470928
-19.15713504
3.83907354
-23.76843572
-9.00817986
-9.40793828
-13.87688210
6.81212673
18.08160115
20.46726995
2.42551406
12.01923427
-13.22247682
-7.78262835
-16.01767455
45.05760237
8.31574381
9.54453050
-3.26716040
10.55436886
-15.45103744
23.01569417
-46.27044637
86.45832138
6.49591212
-29.45927391
1.88655840
-21.00542817
-26.63943095
-3.27689855
47.30638199
-0.99086805
0.77569987
3.88965899
27.69988805
-30.46204539
-87.82674593
-16.68387408
-43.36859330
3.62546712
-29.32105946
-7.19383156
15.41869910
30.82277377
49.13958396
35.34627655
-63.41702994
9.74030941
19.31213778
38.04133028
-30.59662582
-19.61770401
0.00000000
-29.99490400
14.56411877
18.85143820
-19.86218853
-3.25492054
50.16414704
22.11844078
-37.85121647
24.45288578
0.05617185
-8.64535904
-7.97307970
3.18208249
-65.97307668
-19.51036980
-23.52965163
55.54891235
3.66341357
17.94255232
13.27370113
-4.61860645
20.34062898
1.92064517
-6.97936982
-1.13745221
-32.04100839
-19.11120142
-4.06375019
-5.35840643
-9.60080204
18.77512359
14.33009442
14.23563388
