-10.23997162
-47.87071473
-58.68165233
-0.55726147
-7.61344725
4.79155143
-12.85187905
-9.01613369
-23.18994307
-38.31235639
-39.11740349
-16.12779327
32.67754857
-13.83693226
-31.32820782
-24.17436856
12.46586108
14.54273062
-38.31998594
-35.28773719
-23.65654854
-42.82381392
25.23231236
3.80086177
-39.26144553
7.15511803
-42.00395879
-50.90704956
-26.56341836
-29.05183091
-21.95459924
10.52298024
15.13988605
2.20591360
17.17390644
5.87848105
1.67300476
7.85584453
33.85971309
-10.93519535
6.02160052
0.00000000
-55.15566585
-1.97859031
-9.43879679
-19.03478620
-18.86789624
17.32458672
-6.01861311
-4.23642238
5.48210376
-59.18564636
-28.63625288
-14.66389128
-22.35642554
5.09683960
-28.13281093
-16.26596537
-7.26015917
-7.85027455
-21.33096362
-10.86841808
-9.19588725
17.05116324
-1.59660244
6.77751649
-6.36382674
-35.12043266
-25.06463963
-18.38093133
1.47022357
-24.42126014
4.17830245
-9.67329057
5.06866082
1.86046945
-108.97540760
-50.80931518
-3.07488457
-10.89408527
-5.17051926
-17.36025789
-10.63263268
-8.03599867
-10.08256621
-27.76269549
31.89290403
-23.75888865
3.94505829
-23.05915629
-22.17561391
2.79027000
47.48021809
-81.57683986
-15.48326463
-67.55938034
-26.70071643
5.31231166
-1.41384549
17.98400611
53.62726112
-37.31420848
-85.65794072
-28.72866469
-7.50263431
-6.86094720
-5.68891828
-31.36845793
-50.64117468
-44.74350604
-12.02100799
-28.03517281
-21.83116622
1.56896358
30.75106654
8.21369903
0.00000000
-94.82321770
-33.03797059
-5.93851663
-34.84400727
-14.52795025
14.44745179
-34.14407586
12.00358773
-11.83893675
-56.95216634
-24.85611549
-6.19318141
-27.20795040
48.11529154
-9.85869542
-110.80858606
-3.13024795
-75.43960746
-43.94683742
-12.77782800
18.19102535
3.02720800
-1.63698518
12.93032994
-11.30177402
-36.60158758
1.26142253
-31.22391901
-10.48562772
1.50506906
-12.73520357
-6.31190843
-55.43270468
