65.59880216
40.31579559
20.28619333
19.07978421
58.53532503
3.78698788
13.57841821
13.00957956
24.17405438
-18.08626569
-17.25239549
26.87161253
20.95006201
10.75541404
28.89444601
20.88911952
0.23646958
6.59514440
19.05558557
11.70995454
7.74106783
3.37803700
-2.22257921
31.05373233
37.47728041
23.05017214
7.38923148
19.83777949
2.89335948
6.50510845
28.75239351
13.16511235
23.71303287
25.50825407
15.94688882
38.99550564
-4.66493429
26.74381660
-0.59216894
0.13736896
8.04777840
0.00000000
50.02184373
9.14539054
-11.29236562
13.92355930
6.20749260
3.56196642
-4.20495944
5.17869262
1.20561781
20.20420997
16.49224224
16.19413307
7.75575996
52.15164839
11.81036807
35.67855564
19.58309042
-11.74464882
-13.63671160
-10.99143073
28.23753971
7.84061526
8.85282602
-16.29587767
8.66192594
3.75203709
6.03859633
3.91103134
12.35129942
18.99673952
4.04250240
29.84342531
3.54224024
45.12474524
46.83444947
15.66140119
44.34104761
38.27964675
12.39271848
5.36249976
8.16675424
15.78159881
-20.46104231
-5.77329696
46.99861303
69.26123075
39.98370775
32.50137356
17.62019809
8.94458425
5.87663184
5.77396654
2.29221771
22.86016952
-14.46441321
1.11194058
34.56975444
13.91376943
29.78882979
14.58733712
22.37960010
20.35140029
11.27670413
0.72726675
-5.69223999
34.85579659
28.68913955
-3.75782215
58.71909329
9.31544201
19.06031849
-12.15308153
11.11992191
26.25102723
0.00000000
61.30762349
8.95963043
-11.98038567
22.83752677
6.97102415
6.68879682
7.98766792
12.81102644
9.02102649
7.72100245
11.63944149
25.24871982
7.31287089
42.36193940
20.88920776
48.10569801
-0.25459829
2.14300201
1.43444446
-9.28799923
38.37056517
2.93415520
-12.84077550
-10.60355211
-3.57920345
17.89347892
26.74795653
17.43728090
14.63101853
4.61988395
4.64943802
17.34512433
41.47487834
