28.13097162
17.19557061
-12.71504474
-0.58347907
12.69568085
-11.53667570
3.21035850
-5.33464674
-15.59656698
37.77184235
-13.59855939
-0.14823143
3.50429121
12.37977695
-1.66691288
-3.30506042
17.19508088
14.89893734
42.16331431
8.36470413
30.83518107
7.76099688
18.70944762
14.33989219
-8.92240336
8.78903831
2.01284381
-9.19010050
3.03874885
-1.57806497
8.01240345
7.60442748
-7.07881509
21.13829046
26.47894933
-3.90868448
19.63252336
5.11824639
11.92091965
22.91416119
-1.05815727
0.00000000
1.70898640
24.17113389
26.92645756
2.50872328
3.36120192
9.49756663
9.39868127
4.82764100
19.16827876
16.78007491
21.58627674
-3.95079027
7.22982917
18.45047724
7.82945324
57.65029181
23.55477069
4.97877304
37.93157535
22.47362220
15.05942479
0.60410887
-6.77190821
14.47551813
10.82166502
10.05047286
6.21653079
2.78494949
-14.45616401
-8.30903812
13.58974133
7.30384928
15.03009104
-7.57810577
35.30690365
-5.54547297
8.75012080
1.65587423
-4.85500793
5.48057535
-0.21341711
-2.02994575
39.65680091
2.58845402
18.95330161
22.27930297
42.97963948
-1.07801404
3.93070648
10.26019225
4.93471722
41.42600339
25.72133207
28.76718766
24.82569919
33.86466019
13.41682954
-11.21529621
-1.38079832
-10.11588932
-9.22629086
1.03244344
-1.49681649
6.23025380
10.77558617
6.73519248
5.79443320
23.50447650
-5.20782695
17.50573412
6.16842534
44.34315457
16.39970773
1.15962850
0.00000000
27.57222746
20.12050751
34.33955017
0.51628975
-0.93538250
29.41076485
17.89162631
-1.67336881
2.86037117
50.69678092
43.07231437
-10.74941880
13.62504749
-21.84690489
2.79975361
48.03748988
79.07713891
8.01426979
44.64041474
40.08750171
17.16528890
12.83096744
18.58597110
20.99722827
5.37872481
-1.78230709
13.06508261
-1.07281904
4.36597707
5.06365532
10.05675499
10.73984887
2.09146563
