18.66828412
-44.20196124
-9.38530744
-31.73506928
14.58373851
-20.02444081
-31.93146661
-9.96415912
-33.25101870
-73.61726993
-68.77800132
-48.09706696
0.45072535
-28.83964345
-17.69451912
-8.35142271
3.85643636
4.69968932
-27.70707702
-94.67303082
-23.60886359
-42.17160491
-17.23410300
1.62546605
-64.09559810
-19.59023712
-57.85991340
-27.30701184
-18.10203778
-64.31635846
14.87020800
-6.34402709
-16.46137922
7.42392721
17.08190622
-23.67643022
-20.91983885
16.18809212
2.22067319
-8.28986370
-10.41297336
0.00000000
-40.93971914
-6.03456976
-30.40766510
-6.20940668
-27.14312332
3.79782701
-3.09304402
-8.66990976
-4.81687550
-4.79570648
-32.77698075
-5.12854842
0.63249651
2.29239958
-41.00868488
-9.19085588
-32.83163985
13.27241749
-6.58067277
-16.42182119
-55.80388284
-2.79872637
-13.73190973
-41.52841844
-16.86632690
-24.86517538
-35.07979405
-8.83096487
-7.39225152
-27.84860133
-3.62025336
-3.24046150
-8.63488126
-9.64245495
-20.80052653
-5.97423601
7.72758511
-27.64994461
-9.28651228
-10.35128725
-9.04771760
-15.31040954
-57.02696133
9.01890377
-33.94199518
0.89600692
-28.77201075
-38.68308722
-6.95000948
5.27101520
-11.24544887
7.69299322
-3.94308641
-31.46589320
-40.31938454
-15.09153652
-7.80361819
-44.61262101
-11.10855129
-58.34616900
-56.92571818
-30.82218394
-36.56783972
21.37998026
-0.30721904
43.84494611
32.35118329
25.42189522
21.08392648
-31.00681027
-4.18819348
-20.30614105
-35.57690651
7.49607811
0.00000000
-17.43171547
-13.56704703
-14.66906583
-26.78823822
-14.95098996
10.15381995
14.49182856
-20.90811563
-11.49169405
-18.43955858
-56.23549273
-17.41360985
-12.37355182
-59.99093871
-51.18281931
4.57515074
-17.55741183
17.23695514
-31.14201960
-21.96546038
-20.04327714
19.76275228
-11.66287041
-14.24434537
0.14014177
-34.24842696
-46.20478784
-8.57260434
15.86479222
-26.17119796
-22.79946024
0.04734352
8.65157859
