-89.01140450
-76.80367206
-1.19025542
-49.10225891
-64.44608364
-15.09961314
-18.49775715
-15.26582443
-11.64842870
-5.54864066
-43.60982333
-26.13373359
-29.03289111
-13.34433960
-33.38772456
-21.19909757
-37.99194603
-24.30490971
-52.22498731
-43.08884485
-43.64167993
-56.78932048
-21.65051857
-41.80146981
-44.84434832
-41.25282898
-41.94115329
-13.38152435
-7.95540362
-61.15660128
-13.81270513
-19.67609227
-52.82929273
-62.03670576
-34.49646428
-52.13559551
-46.24051478
-57.20935728
-22.17990024
-25.60101597
-10.59942695
0.00000000
-71.27539057
-4.40430795
-49.97627280
-10.13486975
-9.72237805
-18.09102110
-23.68188219
-12.70277873
-22.38005609
-26.21746151
-22.69680300
-12.10930875
-8.69352684
-40.11795102
-27.61090700
-54.31583880
-55.33971556
-26.24025092
-25.77975661
-14.81885391
-52.48773028
-16.49483829
-23.25169954
-38.31719035
-2.99083812
-15.82610332
-22.50673995
-8.00869835
-20.39204031
-21.11895538
-27.86567036
-47.53296190
-26.29399697
-82.66908525
-79.16395965
-2.91282332
-99.46528810
-48.35731714
-17.91129239
-14.17347781
-9.36748689
-11.93987230
-25.92135956
-66.34703145
-110.28219943
-109.70135144
-102.85026612
-74.75774058
-18.92791850
-67.24750922
-83.09688004
-13.73070835
-42.90022452
-62.39150769
-59.68576330
-17.51911075
-60.95721571
-76.62438629
-86.67900255
-31.18021456
-14.81591354
-7.33964600
-52.83750369
-24.23590382
-28.52246165
-89.26213210
-72.17547656
-29.33665213
-91.56508650
-45.46727941
-43.20825214
-81.39046219
-84.85118804
-48.61589101
0.00000000
-89.59433127
-13.34238086
-35.85377887
-21.00283694
-8.09716832
-35.61900146
-31.70820328
-43.13913570
-16.69686525
-51.95005604
-60.26920925
-49.46852031
-24.36572767
-59.13620931
-35.71326928
-66.79638280
-39.86403620
-19.41749293
-41.22988296
-8.16215785
-64.14004345
-30.44361600
-36.57167153
-39.58766676
-9.02614236
-28.40980921
-43.22464185
-5.99295330
-48.34438294
-24.53088377
-40.15831833
-70.78416208
-67.78215424
