-0.59617381
-34.56254180
-25.35655376
-17.06021392
14.69569465
7.42177125
-4.16483529
-3.70262969
22.37951633
15.74902819
31.32802993
-24.50030302
9.43425798
-39.55593402
-12.19068150
-5.50885919
18.73038513
5.10608688
-26.40512451
-6.04005314
-9.71735685
-47.42729788
29.34220258
25.04672048
12.98141173
-16.49885514
-16.74950892
-7.18028863
-7.71244743
3.46085829
9.15274873
18.99137665
53.42930279
18.24732044
29.39094683
-5.83503547
0.58093332
7.92607055
8.21739650
-17.66527455
6.24594256
0.00000000
-73.48617383
13.10289836
10.98408795
-7.17793423
-10.63303932
12.81494686
11.43814843
-6.34249853
5.45460002
-30.57144415
-20.23528398
-14.07500841
-1.47026033
0.05090150
-5.04335273
-40.47729883
21.91304380
3.84679355
-6.50379774
3.34970422
-10.29409217
26.50350642
23.89084558
35.66529366
-7.59956655
-13.54903961
-15.63862330
-6.46796371
34.47864090
13.62320311
8.96861330
8.60211447
10.61969512
-5.22650459
-50.62943494
-10.98450010
-9.45040718
-16.14338767
0.85317666
-0.51163414
0.12775159
16.21837636
38.28188033
7.05445396
-8.37231239
47.96075681
4.33137054
-37.29397326
-8.06776265
23.59675639
45.14292766
-43.04421620
4.45831437
-26.66000643
-14.83478903
16.16994153
15.53556819
15.67194345
-2.23473703
-16.78756452
-27.13999910
-5.70865344
1.45253163
21.92139564
31.20508348
16.74412383
-4.53376842
-6.44187887
12.36795798
-7.72824319
-15.48226215
14.22756096
-11.51941631
11.27109945
0.00000000
-60.28867202
4.64371558
-1.11464973
-10.46138363
-9.73257706
17.82304227
8.27234442
-1.15463034
6.35779803
-21.69783914
-17.42844799
-22.62887997
-7.75686174
-0.05932233
6.98688854
-60.23094746
20.77601878
-23.87197892
-8.27814773
1.82528155
1.31393704
17.78406935
1.94015616
23.03777107
0.05669762
-12.79990527
-1.60786916
-10.65331273
25.19696918
9.12392230
-4.53448656
6.24480804
3.13014203
