20.94309491
-27.94944372
17.28056970
-24.42310388
16.65974299
-6.56121166
-15.37511460
-0.01315467
1.82507006
0.79913436
-53.30868663
-14.71690034
-16.94314344
9.27721271
-13.29023139
7.85135060
-9.16959568
-13.46793160
-4.88291059
-100.00603817
-18.39702493
-3.47674005
-26.12041030
-4.79049885
-10.16544993
-37.57390662
-14.82230612
-6.19443991
-8.02675823
-13.38134245
29.48183235
1.79195701
-38.55763172
-16.46756023
-11.80511430
-32.44486962
-19.06306973
-3.54323073
-11.24213599
15.39833289
-11.36523456
0.00000000
0.12152449
-12.80328024
-34.89217366
-3.73396988
-7.03128330
-8.21516137
0.22596628
-2.46653506
-16.10725814
10.33079939
-8.76929380
-4.50591911
14.38863905
-34.34658777
-17.20863286
-13.97366570
-45.44266392
-2.35213962
-8.83204523
-13.67950872
-50.31506142
-10.93018359
-11.25959987
-36.30786214
-1.55505010
-7.37194129
-18.24191583
-2.17981371
10.14251658
-1.11533811
-12.18725221
-8.88461829
-12.68169715
-19.60143450
8.76247055
6.81797702
9.49323377
33.67599281
-4.20182746
-6.24416642
-4.15328500
-5.82188992
-14.65977327
-13.52707366
-31.69725329
-33.80106561
-40.10254015
-19.78958776
8.03266734
-13.21147899
-45.98872380
29.83366895
-28.59235813
-12.20800240
-20.20521794
-9.81558457
-16.24417546
-32.87358636
-50.99674053
-25.02479420
-17.73616629
-16.08075958
-27.40828473
3.80834018
5.67571523
34.65880162
-4.59462211
8.88472168
-9.25448856
-24.27442811
11.76258311
-42.09957004
-24.33754432
-14.01025569
0.00000000
11.03916166
3.04263429
-14.20011773
-9.73174077
-5.97039925
3.18732572
10.53328023
-14.27163671
-11.96749225
3.45218871
-23.12325396
-17.05609705
-0.91468249
-74.47608721
-48.06427624
-9.08986278
-41.08948396
21.84090111
-24.97820490
-3.71795309
-40.72832097
-3.01977572
-3.61858972
-40.28507463
2.87878133
-23.80671879
-29.21416344
-1.36372618
4.64025673
-20.10055370
-16.36242866
-9.25140975
20.90752132
