70.53580708
41.77804631
13.35892124
-18.41511676
47.76959994
-5.68440681
9.33931368
-0.79938777
15.11760646
28.92907363
-21.14739538
3.77565528
30.58236793
11.37662782
26.96836439
18.28309151
-10.45278789
5.80179393
12.10984052
-9.73452526
37.94916410
30.06043189
-11.41866265
41.86943337
16.64195045
-20.63874673
3.18403541
-6.27258657
3.94083585
-3.18432285
6.36069768
-2.21207834
-43.65013398
6.91889421
16.80787679
-3.67314836
2.01569245
11.33670480
16.10626513
-30.98246906
-13.58207800
0.00000000
26.02082703
15.09864249
15.20718324
13.95999912
10.02965481
11.98667563
0.67844808
-1.39772659
12.33205774
70.62755948
16.45460357
8.53633981
17.92660709
61.06684501
7.49690026
61.50250117
27.85160823
-16.17316610
17.35413590
23.62317384
20.95649480
14.58675061
14.65330176
-35.43033875
30.93699189
-3.03681607
10.61138595
-0.54883288
-4.71844963
17.85895244
8.57152540
32.39475281
-12.09183214
45.11238593
37.07872931
16.10113638
-53.82637443
89.34780368
14.08661032
17.89615380
-1.36538695
24.90990858
-9.94967226
7.93002187
-36.05566606
114.57940077
71.91052350
7.72561456
19.44135884
-50.05762848
-82.75062399
24.95295236
-10.28315084
34.58305460
-2.62673313
6.48958319
55.65494113
-44.46851008
-126.59379858
-3.38310276
-28.08398068
1.72555938
-20.36995567
-4.53734815
13.25967730
-17.50613089
53.86719081
30.01617151
-72.27479341
17.40661733
55.38331235
54.41988692
-1.11948011
-27.86759038
0.00000000
13.80821894
32.06208520
4.12769571
0.40884004
0.06837541
57.32596386
32.57140850
-35.69648898
24.89881937
21.75287241
25.15197819
13.49577038
20.34064373
-37.46101487
-0.77961377
27.42369269
46.02189639
37.15444853
33.72052687
23.56304588
6.52979054
13.98453757
14.88861633
-27.59544357
8.43922888
-10.36260232
-6.05633534
12.38524286
8.63784562
2.48784690
25.23146709
24.73231278
6.23753962
