-34.97149688
-26.76584257
24.46122619
-22.44835939
-8.32680589
-5.22289976
6.86828192
4.84769795
-3.01331764
27.17800012
-37.33468344
-7.00366452
-35.11430109
-17.33932100
-10.90052322
7.58874095
-16.32466326
-8.75654971
0.87058734
-17.61007952
-8.77118404
-4.94310748
-24.22602061
-17.83179182
-29.41283749
-27.19954120
-17.97037235
15.73718739
13.02409079
-37.47176196
11.82151932
-10.47432205
-30.17784391
-31.34543108
-25.69783466
-15.99296377
-23.46993927
-47.68207632
-8.46454251
-10.39619642
-5.95178080
0.00000000
-9.66936698
-5.49912754
-10.04961843
5.83771642
2.45502316
-1.33032952
-6.20533214
-6.01703337
-10.87461175
32.35819892
-14.80363840
-3.26545830
3.98847390
-33.56304802
-7.55739062
8.36799381
-27.08726894
-3.62126182
5.62510948
-5.52216755
-35.97011004
-12.53775028
-10.60541710
-20.86988522
8.85387944
4.65402607
-3.32464827
1.82835813
-0.18849470
-5.70331058
-19.55852481
-29.34643324
8.53963899
-42.28285902
20.97705343
17.75592921
-48.29320800
-20.84412101
-6.03412267
1.99938317
1.42722755
-16.24944431
-7.61423048
-25.88661955
-66.64783773
-60.15831791
-71.50457308
-37.92490714
5.41691365
-33.48837398
-68.91547040
42.47093248
-12.49775078
-17.91519482
-19.03583352
-8.18543106
-38.15230533
-57.39000965
-62.41758444
-5.36502664
21.98975940
2.02168172
-17.12099982
-14.88088809
2.47470846
-21.83290792
-27.40678894
11.94682514
-47.03542714
-24.48740366
-28.02024401
-49.68421695
-48.74228792
-27.14648900
0.00000000
4.11520803
5.23455709
-7.00196578
-2.87687548
-2.64606273
-20.11404637
-2.18661244
-16.54283054
-7.86808087
14.83485414
-42.78217908
-20.97398164
5.17980957
-60.75448245
-20.09465944
34.56851204
-19.89837828
7.06914188
-9.27531116
2.57940345
-56.33593862
-23.89442806
-33.10808473
-12.33187089
-0.50739990
-8.21378253
-29.24878242
9.83907655
-31.42694319
-20.02222763
-24.75342593
-36.83365035
-13.71106515
