8.43995424
-29.32481370
-21.39151816
-13.89867842
4.33369031
-1.95485021
-26.02369195
-2.95839986
-23.51648949
-72.41950866
-28.29595203
-30.40007034
8.90060226
-2.81232587
-12.05276223
-3.16970414
11.44828342
4.34399451
-24.51858321
-37.03948892
-13.25122960
-44.05023954
9.32157729
1.63314459
-25.17864751
5.13146672
-23.13102850
-21.35694959
-13.68243796
-26.33007188
-2.30750879
-12.00631288
28.76921560
30.00569556
23.82423930
18.81751590
-13.06544768
31.04802658
10.13567797
-10.79800015
9.11252001
0.00000000
-60.69963823
0.73466633
-9.83087920
-10.78839442
-20.40720357
8.32290992
5.15581603
-5.15566415
-1.15679274
-23.36201527
-25.73582913
-1.95527184
-7.84421312
44.95286652
-25.15810788
-7.12137005
-5.16036344
10.88745963
-14.91489298
-13.69837886
-43.30954600
4.92302565
-6.17029505
-3.73742841
-23.22734059
-28.24378639
-32.34124072
-10.52363581
-3.57501708
-17.00806686
0.31415147
16.84963096
5.47328488
8.70842480
-21.19501160
-17.54067252
17.19910203
-14.54583417
-0.74721105
-11.96037070
3.09378002
-2.97380417
-32.64118784
24.78530753
-3.80167758
27.97417337
-8.24873052
-31.24718405
-8.59868060
32.94974725
40.82451589
-26.73547105
5.94975529
-22.25580076
-19.98973064
-6.42040444
3.87697621
12.51363176
39.62608326
-31.58280149
-51.42216414
-16.43467904
-11.89719759
19.62572859
17.24247343
43.35101000
35.78736594
7.75833900
39.47065489
-20.64485224
-2.95185681
0.75337007
10.14820605
28.16284736
0.00000000
-17.73391461
-9.92862388
-3.04831387
-19.28188265
-4.18471125
7.65618375
6.68424750
-3.99879394
6.59476850
-17.28174110
-37.03887838
-3.83088581
-15.78460721
38.95197979
-25.05558302
0.87705045
-0.85344585
7.63379016
-21.60515567
-14.42969223
26.50550073
17.38664025
2.63938056
2.94663551
-0.01718125
-27.06926145
-16.36896360
-4.71690562
19.53685446
-6.72331380
-16.41620655
34.00746874
11.37331792
