17.96920656
-34.49516109
-6.68363019
6.51000746
5.45772285
9.36479247
9.65311020
-1.70152488
2.86735563
8.04286710
-27.26828659
32.54702304
2.86750111
21.75975598
-1.44185395
4.50828822
-11.04458006
1.66225257
-35.36874251
-18.45953818
-23.23119069
-0.48451098
-14.00616917
-2.01731434
-0.79271159
7.50775366
-9.29371637
-2.66818577
4.76925945
-9.91273836
1.44790601
-8.97334185
-22.51053794
-15.49644226
-19.35275566
-21.32600160
-20.87875980
-6.41483211
-11.10364543
36.25796182
1.02626191
0.00000000
31.85026415
-8.91510876
-21.31743510
5.14884287
4.21233455
2.14838741
-19.04563651
8.83062864
-12.91024655
-27.71464835
2.64346162
8.32128574
-2.11961878
22.02553706
0.30911214
-24.59740928
-25.55205083
-32.53711598
-18.25624918
-7.22375355
2.74491130
-4.42439618
1.17824277
-25.54813917
4.32778160
2.57718866
13.86697319
2.62956114
14.79411985
8.43384081
-15.24125023
-0.76308725
-28.04724747
-9.55177218
-21.46407248
-6.83034345
-29.82961064
-63.71362857
-7.30132734
-4.41908539
-4.82143200
-3.68770398
-16.09085220
-42.05279566
-2.37189072
-35.34087706
-17.23339615
-7.41434506
-4.83427340
-21.22862584
-32.15603590
14.97054174
-43.91169457
-13.52733764
-21.53527038
-6.39197241
-6.49740184
-18.23114706
-7.04501773
-14.37477543
-6.57532821
-10.00038235
-17.65094754
-12.06748002
-20.21411351
-50.50144062
-21.37652919
-17.01657771
-13.95192794
-14.01565573
-13.72968385
-17.04618924
-4.50008120
-13.32994131
0.00000000
-2.95855725
-15.63004109
-19.07753571
-1.15604390
-0.10620787
-11.77507904
-26.06909484
3.08371328
-17.89607412
-35.22796648
-18.71629004
-12.58801315
-6.94813325
-12.82635802
-7.34209940
-18.10802923
-36.98677146
-28.82116048
-34.14867044
-15.28810727
-25.33528314
-11.42476427
8.99646369
-23.59428174
-2.97915647
-7.89396125
-3.99652307
-3.24212527
-16.29718568
-7.35860974
-17.88768285
-24.90889877
-34.13474718
