39.06734804
43.39579440
44.20531868
-26.61154797
17.01375969
-2.22774642
-6.46843241
-5.58589165
14.50523515
10.52141292
23.70998749
-5.05136132
-29.25762735
-15.54243608
44.79824292
5.86167916
-30.28025415
-20.46094546
20.58829188
-6.23997552
16.45008410
66.82078950
-23.10708726
-1.62499217
36.74700215
21.51864618
52.24382410
8.70534685
4.58536673
40.99947301
-6.67275333
-14.00321632
-50.71391174
-28.07339410
-28.08295215
-22.33075003
25.37459795
-11.83587018
-41.59547940
-5.47104937
-12.20322306
0.00000000
56.04979681
-0.74863864
-7.15792346
0.32454495
21.05715153
-8.99483443
-15.65296049
-5.44849794
-2.24579970
30.59962983
27.07374996
25.99674132
14.27409455
35.25273053
29.65904702
13.85104735
-0.19137894
6.53478462
16.24865856
8.08668942
24.07829200
5.57451298
-6.04740449
-18.98673666
19.69563477
23.13613692
19.09003895
10.86805789
-12.93106309
16.11573328
13.02512309
-3.33472317
-30.28897689
50.43613560
46.24077370
24.09473089
-59.62955866
46.48458516
-2.05179664
0.53526351
-12.86237915
15.12064096
-11.93289581
20.94317264
-42.17617270
-40.31186457
-20.59157907
56.77686913
14.53066533
-62.32410692
-79.47564739
48.04421108
-14.52247619
46.43206537
19.87351825
-12.96407893
7.84926886
14.29453354
-33.84094847
50.48122723
30.05262450
1.54761249
23.89424614
-0.29211891
-17.37019672
-63.69898315
27.80558534
3.03695113
-15.17125229
34.32692851
55.31925087
-31.86503633
5.86821431
-31.09887083
0.00000000
68.35906947
-2.62063011
3.62635056
5.20409258
6.27483508
1.22984172
-11.89115498
-23.41262625
-12.57975793
40.13799132
23.54958221
51.90899909
23.95382969
51.93570320
34.18741010
61.21826727
10.93200621
31.47916847
10.62226470
8.33465851
-2.32379712
-6.32512872
-15.18334561
-19.92072060
-1.45883355
21.76956028
-1.25981995
13.87278630
-10.40887980
6.84216326
45.18078501
14.71806660
-29.08836373
