26.08349684
51.22098257
-9.12716987
27.32778621
-8.61172010
-13.99612196
4.96163035
-1.53474128
-35.11951495
1.69419818
48.25748503
7.05930015
-5.29094955
-12.16687007
-8.07310710
-1.29807200
19.53212281
13.17175179
56.36937817
71.66893151
70.35508518
29.68159291
0.65093850
18.18718693
-25.03479371
14.16556408
14.40530242
-5.87351695
3.01464972
-16.71574588
-7.62006170
4.23241451
1.54532312
-1.98059496
41.03988193
8.60306502
19.28460002
7.73514647
11.40463681
15.90166608
-0.94735129
0.00000000
-39.87639851
1.91920199
55.12851090
2.91401227
-11.34352321
-5.67991292
5.88731408
3.81074394
25.87048640
56.79137983
4.50024696
7.77112447
4.52424171
4.80273437
7.73563124
61.38220012
85.52616084
57.11333681
38.30495404
57.86071929
-1.34210829
22.98255720
16.04022368
55.03861011
-9.82862488
1.30657869
7.59734660
3.80732893
8.93492899
-28.04336456
12.65908772
7.04874742
1.79303744
-22.38944950
75.94962163
-8.77106446
18.73302141
-3.83356511
-6.02260305
1.85519278
2.60372673
-22.04017390
30.31078729
37.24480025
19.37118671
15.70792772
-11.19764074
-47.16755972
-5.94696173
9.96610837
6.63728673
33.03896190
36.38267808
67.34680749
52.05955772
14.65314498
12.43772039
-64.96224071
-3.06876560
5.27285659
-43.24461383
-20.15813141
0.39543390
6.64131342
0.99085996
-1.61742219
-31.42332824
-22.96373214
-13.76309511
-4.81491745
-12.71330011
-13.84346302
-8.99927249
-3.96105753
0.00000000
35.25172158
3.23388937
49.14882742
-18.01418540
-12.27850017
4.70505713
10.59134304
-0.06711654
12.38979957
62.59714406
-29.42901858
-25.50028737
-11.34693511
-60.69950268
1.23907143
112.37074410
92.52025261
25.24634618
36.06774479
43.59787570
-2.47483972
7.38242672
-8.77696121
41.36585593
-0.37162777
-8.12124162
-6.06193590
-5.50624939
4.19369858
-19.25334033
-4.62498522
-17.95603756
-13.99393528
