46.98876162
50.04011013
-2.27561882
14.78002676
33.35659993
-3.72392463
11.46175444
1.32031459
-9.77436530
52.34946490
14.39841921
20.54692708
34.55976614
37.01957473
19.41223707
10.78746952
13.53673092
5.81003463
79.31594628
37.58860173
48.28642229
53.72015585
26.87241087
19.97918939
24.02780823
11.06435197
29.07014284
1.49483895
6.53217118
30.41446109
17.35930895
15.81226011
-4.79663587
9.74301918
21.41202699
-9.27821251
33.31145185
16.87228915
18.45478913
48.51961556
2.18391056
0.00000000
42.12184721
19.35139955
28.70353623
10.23155465
7.07706500
-0.07578712
1.87852666
4.24686056
30.74554372
32.23462422
34.91259951
4.23945946
18.17917279
26.59395391
25.66924480
56.95116428
49.22221380
20.21907437
42.61668772
31.45006385
38.40669446
8.98279686
0.97710054
32.07198271
12.64477482
20.54864598
18.90016330
9.45866830
-3.53743083
-1.14408456
24.07924451
14.86461597
7.42197466
-6.76386784
90.61251387
-4.98501661
-0.71603550
10.94128535
3.39361528
8.82518898
1.59517866
-5.77913678
49.27312382
6.77360128
12.65605006
27.83851399
48.47701238
18.65114694
13.32069586
2.95793967
-6.46404937
81.94704326
35.69051950
67.40005258
57.78702946
22.23340010
22.41252411
10.51627010
-7.86357295
21.05692593
2.54970854
-3.66263839
18.23117904
6.38394389
10.18498367
2.46345605
-5.64116105
13.53537267
-8.52980573
43.06948504
28.86903229
39.66930065
0.44211319
2.47134325
0.00000000
66.54431092
5.36347270
36.36403384
7.92442967
5.35151129
11.79171502
17.72418306
-4.84212025
0.96998411
74.31555548
67.82716780
-4.94615089
23.89491687
-20.33763935
23.66067969
76.60934941
90.21562263
20.42567874
73.04139280
44.94367674
20.29766993
11.68026683
13.28865610
25.19069384
6.16531161
12.94032557
17.52558457
8.23891560
3.03555832
14.21568321
33.10980933
18.17079876
4.62095852
