-17.12699746
-19.78211893
-22.20311706
-8.89399889
-0.52263428
1.96075130
-17.57216491
-5.86886444
0.70071275
-5.91712732
10.99908731
-7.93079352
-7.92649000
-14.13364182
-12.33916140
-6.87871197
3.11888538
10.51484836
2.05488503
-11.52333843
-0.30987919
-6.57420855
-0.79927142
-4.58355041
2.10362058
-4.19726723
-19.40296462
-28.09416604
-10.14374858
18.60501533
14.56811597
-6.11433131
2.98477889
3.71136079
-5.92039161
-8.05935378
-14.48275234
14.88437134
-10.78089728
26.84587003
-0.66765303
0.00000000
-5.83988511
-9.71601474
11.56104067
-11.10030239
-6.85526971
10.74701077
-10.36790029
2.47560935
-11.83303606
-30.51221350
-10.83589492
2.46802989
2.96706939
-21.43738745
-4.93142943
-38.06549065
1.36281265
-4.79167477
-1.59660254
1.55885379
2.47214587
0.38448344
-4.04083773
10.80966621
-2.25930742
-12.89352748
2.34528704
-0.83479879
5.28704447
9.43175500
-1.60444325
-0.50826271
-22.04266809
-25.51821464
-28.55296371
-28.17072341
-0.75545283
-7.35303913
-5.24901417
-9.09022945
3.63616332
-5.12304438
1.29920012
-2.88598393
31.80330452
-0.12221291
5.24132641
-10.41084824
-8.57100509
13.14562550
28.71797220
-9.09122577
6.86000415
-8.29318153
13.75291730
-5.03174164
-11.23253620
27.96294829
53.68806120
-17.62349177
-35.27317298
-16.41366666
-0.62560760
11.96824166
-9.30296741
-5.33623747
-13.46084292
-8.14672568
21.31783204
-13.04809023
-21.27714814
27.43868919
33.52527395
15.01294671
0.00000000
-14.37113371
-20.90007345
-0.18478636
-12.65854114
-0.75432019
3.41014723
-15.20926805
16.50467510
-10.73679037
-1.34115424
-5.41722092
-14.92270717
-9.18186474
34.97030137
6.54427323
-39.82578510
16.79811138
-9.59611959
-3.41193392
-8.11547924
17.61221920
-0.25393919
6.59022368
6.80587896
-5.06550919
-6.18101172
8.08461952
-12.62506954
3.41813360
8.31723492
-22.02575846
-0.62408263
-20.84829009
