-23.95860353
-79.32714873
-65.61497119
-8.76308367
-29.03279090
-11.46646727
-13.91648312
-4.57755648
-28.43406423
-42.71030848
-34.14584807
-20.82750973
9.18295291
-18.13539848
-27.56428114
-20.97917188
8.39569407
14.42757226
-46.38183621
-61.76083336
-38.32004735
-59.76799002
5.28123373
-3.62261328
-58.10640610
3.26919380
-55.40977288
-59.03284612
-24.70967027
-54.82311661
-32.00659826
-2.01989628
-10.20641512
-0.45263745
10.13770865
-5.77448576
5.29425161
18.28255952
20.20747669
-10.69833468
-5.66682314
0.00000000
-66.22676100
3.02722661
-3.27990685
-16.07990093
-17.93782853
7.16656839
-2.35332983
-5.78640048
0.14393624
-32.59026784
-21.90712417
-9.45738430
-13.23860350
16.20252618
-29.58311306
-20.44777012
-28.82959500
-3.53977538
-14.21165371
-16.27065254
-30.46717070
5.65850786
-1.70820897
-9.36499061
-8.82407320
-24.12167474
-16.28984061
-6.18791136
-28.55051059
-30.43792144
15.57021741
-6.81198770
-7.15219261
-10.37066281
-102.87248014
-50.59091300
-10.64191529
-25.23857345
-0.18221533
-8.00481615
-8.45578634
-9.36645241
-22.32996952
-19.50849811
6.26267641
-50.22403201
-23.09732057
-28.97268105
-20.11647476
-11.23557632
11.44366090
-60.67267232
-1.54483729
-77.81058423
-31.55843389
-2.53441413
-4.50286966
-9.48981843
22.10554623
-57.50774618
-108.13814592
-37.64495006
-21.58607838
-17.37066349
4.94313373
-18.10415430
-50.85577089
-25.67196729
-22.05209527
-25.07479167
-5.79515276
-1.89286727
15.48412127
-7.74002860
0.00000000
-89.84886478
-15.79394643
2.31124199
-39.76040023
-17.74908728
14.14423626
-18.73760506
-2.46593606
-12.47889866
-43.21751581
-30.15532064
-7.81464894
-18.72647735
-4.61640405
-35.53261824
-95.22949853
4.13642449
-62.61078732
-31.78689416
-10.81716978
5.07109711
7.40647813
-8.97414866
13.30910042
-0.11260506
-46.47581502
-14.64666653
-21.98777462
-13.74704872
-11.61444879
9.26174281
-9.99973831
-29.15253323
