12.94004604
-13.03794607
-9.96923694
-7.16894779
-1.66433034
-12.78823154
-4.15450752
-6.49450723
-4.04111291
2.23469341
-47.93507640
-7.79886441
-16.78016327
2.33628833
-14.75651139
-8.94638694
14.68083155
12.42096230
15.98994539
-12.89507573
0.80710515
-37.39952094
5.57845827
5.30627859
-9.62053260
0.86190547
-17.92539155
-6.11947982
0.35534170
-15.79344036
5.41698936
2.46929671
-5.62102027
26.99221291
15.38716631
-1.93060613
-5.01464092
7.28215449
6.24950588
0.92342467
-2.08801100
0.00000000
-1.48254250
17.87509460
-0.10413942
-0.00305134
-0.37550558
12.27834657
3.83815911
3.86775225
-3.85745006
-18.82270825
1.25045544
-3.30128144
-1.51389891
5.99610087
-6.29690746
31.45364771
-8.41792363
-14.32638653
10.49132717
0.03600963
-2.15712818
-16.08001082
-11.95011177
-14.96954662
0.09869824
-2.53000235
-1.27409930
-7.44868325
-16.43199570
-3.68099559
-3.89971715
7.37642109
4.03326285
0.54533678
-15.64949549
-3.65232921
21.72587515
-7.60628983
-9.86953027
-3.89953707
1.97501704
3.45580576
6.62621549
-12.70300302
20.12275878
4.43726972
21.05935910
-14.13730263
-3.60213670
18.67173248
18.58633627
9.91159846
18.95229676
-5.58816098
-18.69947428
30.48089921
-0.97069039
-7.34950783
6.19091342
-27.50121687
-2.99930121
6.39954656
-14.25032886
0.14348437
-1.94533837
10.02907398
15.01348963
19.05058763
-0.53468276
-11.24292127
-18.18572925
13.17789779
22.67533024
1.46917299
0.00000000
4.99582341
21.01122609
9.19158971
2.23450749
-0.58149028
22.11619200
4.62795326
1.28386950
1.01472079
3.57539071
4.37217244
-8.83831618
-3.61856165
-6.58447855
-9.78711776
18.67725536
25.28855070
-9.09482432
1.45309773
14.83019280
3.51692599
7.22050502
13.99038997
1.31736848
0.58175942
-11.27889268
5.76944755
-7.88374846
-1.05802529
-0.21790064
-23.35308659
5.61051908
3.16469514
