13.80786625
67.08109259
59.90732945
35.97645708
31.87115189
4.52354310
15.25936487
7.03879988
6.32847861
67.16869836
11.08875693
5.05439404
29.35577732
13.88601357
39.07118009
27.85024813
1.38274636
-1.61026278
7.44706490
-33.45329763
26.43262045
54.22122853
7.51856639
19.08916751
35.71839078
1.01828452
26.46886537
43.87177689
15.91116821
23.36760245
14.60302498
8.65377611
1.34812108
7.38198612
27.77353134
10.03876102
48.71284860
6.84946538
45.46519021
-18.37376245
0.07605084
0.00000000
13.31709742
17.02839566
17.57826630
22.20190643
15.35484251
-7.51440868
30.90674370
7.80941543
41.25877524
64.40441720
31.83552079
0.81920753
21.45321796
-18.66262782
10.99771968
11.22806527
8.69212231
16.15446754
40.77892701
7.21558174
39.53436341
14.22360298
23.31064317
6.61735538
17.07239677
11.73535736
7.18514835
11.75247218
25.74916816
-0.51226866
24.90436702
8.50350098
30.32086134
-5.04293935
76.18214956
59.14754166
55.74708626
14.23308794
-2.00901752
10.33049980
7.78565455
-1.45073505
19.07355981
27.91564842
2.82605413
9.64216651
20.76440521
26.23604575
16.99765656
10.69985693
-32.04948925
0.21327130
-16.77798092
58.87641526
25.91182121
13.87794824
14.88290352
-38.44322377
-69.72361750
15.71031374
64.19230744
31.87323871
-7.31194145
14.75905266
24.02008046
75.12695676
77.20409345
53.56144644
31.20738474
49.93466996
50.42020781
5.66308832
-36.19904777
-8.45943559
0.00000000
28.53093539
30.08843255
13.69711311
28.13887389
7.49400700
-9.13845140
44.26538575
-15.55807153
25.63354108
46.23164237
31.99601335
5.94747450
20.22818586
-111.12816630
-10.96702275
18.97051606
-17.19658435
76.38527817
50.31491964
26.54148026
-11.28105548
14.13558139
18.86476967
-8.53246105
9.74902422
5.37108604
4.60353853
25.28060397
-2.24046694
-12.35723060
50.19828395
-7.75102129
61.20938051
