-61.98856444
-70.10081648
-13.57387128
-37.73445025
-30.84283308
1.37132528
-7.62112769
-7.98176442
12.26497175
7.80408536
-8.69515039
-31.15854028
-17.33714055
-35.81779719
-24.23980348
-14.46080791
-22.02155589
-19.73075915
-54.68717375
-17.88911770
-38.62815449
-70.70532440
14.01033034
-17.09992448
-4.67637562
-23.90760481
-21.60056092
-6.16149865
-7.11385263
-27.08554140
0.30527059
-0.62405935
13.05963776
-29.62125715
-7.63885024
-22.64663547
-27.90345422
-40.07316199
-16.62440650
-40.05851511
3.26454265
0.00000000
-109.13545467
7.29765016
-30.30712530
-9.73450055
-10.25357294
-9.80157839
-7.83982050
-13.30524488
-8.81616988
-47.92080452
-18.60118723
-14.24348468
-8.96745439
-17.43865360
-12.24914908
-61.31460482
-26.49294728
-20.63638492
-25.10693966
-11.44545594
-37.46605928
8.06323447
-3.41931774
2.09449050
-8.42864588
-14.67136723
-23.30976428
-12.37555404
6.73275152
2.96383955
-12.57548693
-21.86386747
-0.90534319
-41.63429644
-90.47789500
-8.53943688
-72.27753533
-19.03837573
-12.83140490
-5.17031017
-2.99345470
9.47818061
4.34711138
-60.01421116
-74.84242738
-49.49178510
-58.16827869
-69.49991821
-16.69080866
-31.90044846
-25.47371410
-57.75827514
-42.85118821
-61.03151769
-46.99926485
-2.58257218
-25.92417051
-29.80458127
-40.52591936
-12.54798750
-8.04623045
5.65085439
-26.68519578
-6.30818891
-0.50547674
-75.38823079
-67.14205901
-40.81929157
-48.96263225
-37.37412558
-49.80247999
-52.72940795
-52.57859928
-21.33803907
0.00000000
-107.24688290
-2.95004384
-31.78869180
-14.33632195
-8.90633356
-18.80565143
-25.39384864
-24.83928670
-4.50540715
-38.99782980
-37.98768732
-42.46087942
-22.82889494
-11.52174913
-4.78354668
-96.27431857
-22.69893519
-49.07547981
-42.06760191
-3.43948291
-32.56767655
-14.87846852
-25.37163075
-13.03832303
-7.23599736
-17.98592465
-17.40788032
-8.92901134
-12.00467695
-4.40640332
-30.28757786
-48.03523477
-60.59727046
