-6.27263545
-43.68766716
-29.12357113
-16.74013103
-18.48393674
0.18310162
-22.89359931
-7.27280887
20.33787538
-27.82507243
3.11743736
-11.37622453
25.13698249
0.89596487
-19.78689850
-10.12063100
26.37505723
9.66225957
-32.87439524
-24.02614685
-34.34551602
-42.51125818
9.95698631
7.57840279
1.07040244
-31.27515784
-42.68699577
-17.34901211
-12.06965676
15.96148493
-3.94616137
7.14283408
47.24356321
43.56479683
13.23470269
0.90287784
-27.84777742
36.51405115
24.80939941
15.66533641
14.30001815
0.00000000
-1.38124960
-2.21108967
-5.01823517
-11.35638374
-18.30290113
20.56731425
-1.47653295
-1.40048652
-17.34642962
-45.53451430
-27.13668816
-13.84068647
-0.34594911
6.32121626
-25.41743436
-37.49258179
-26.25895804
-16.81378650
-27.07271032
-19.10215082
-9.72087864
-0.01790716
0.29837024
28.82721731
-10.59925544
-24.01847823
-21.66297820
-7.84831158
-1.04457611
16.12257379
-10.30949123
19.08192150
16.58773455
21.83878167
-56.51809425
-17.74159093
28.66782803
23.44772289
8.21590885
-11.27829481
-1.14755472
12.46761170
25.29055199
26.78349201
23.50646401
82.37700577
64.17628399
18.35228239
-1.45347138
46.06656280
66.28959035
-22.58958910
13.60259770
-55.85791943
-26.22135396
13.49659737
26.48243265
105.30892408
23.93469502
-41.59101660
-25.66238397
-19.71701992
13.54552418
15.27372906
-6.12115853
57.33520962
64.13799950
17.34910973
39.93361134
-9.17880106
16.39209739
83.25741408
43.75035253
27.38173087
0.00000000
-27.10023645
-3.60219891
-9.83401702
-10.24995353
-3.93306459
21.29497435
17.24626516
24.34393724
-9.62968717
-58.54001976
4.11238265
20.45216142
0.50175554
66.74816403
-6.32761133
-31.07167346
-43.24033415
-2.14933098
-26.25313789
-32.55996433
43.35607217
13.93520032
13.40163534
20.89334429
2.36246250
-15.47823688
-8.96027272
-5.05826696
22.26253262
32.15576926
-9.25947853
63.21045922
23.22944670
