61.51457910
22.36634507
3.21638960
13.82525544
49.35324568
11.65559416
11.10571696
5.01019554
16.30739415
34.94312103
-7.70819076
23.09169470
28.70878720
6.56234902
22.28418672
22.74092156
4.61760832
7.11217554
8.86037173
-28.64434935
20.62022065
31.86252759
0.71528736
34.20058621
11.48514003
2.87174294
14.82144523
2.02132296
7.01983073
21.55775806
8.06174180
9.77596785
-10.49139778
3.75723738
18.21717049
-8.21790212
5.75532231
6.86495175
18.38572255
12.73035702
-3.64480076
0.00000000
21.00615300
8.42747692
12.43399091
10.01855140
6.91974364
11.92599113
0.78503611
7.36849262
17.40225749
24.98596120
3.80380411
17.64454979
17.62385267
23.33881020
18.16828269
35.89679113
44.22184514
2.29961422
4.43657371
15.58276152
10.13557523
14.66348985
11.07262984
3.97803522
15.75581583
10.47568336
14.14924770
11.54528865
28.45572985
16.47619369
-0.85300489
21.22539224
-8.39609090
25.04385886
30.52320880
4.80196008
22.83178884
54.21724351
4.49839701
5.04351761
1.36975456
6.37597315
15.71602133
25.63271820
20.53839189
17.90740298
-5.54749337
8.38523255
13.95353766
-11.95357037
-31.23029380
33.79679483
-2.25794531
34.07767831
13.19577309
10.00521699
28.66919695
-20.92281417
-31.64504389
13.36591884
-16.23041808
-4.75534213
4.81869124
15.12737139
3.36115022
24.10461168
55.72715140
20.67743386
23.80952514
19.23283108
37.96754460
-19.09898912
-6.69009602
-8.13878687
0.00000000
40.04116955
7.99839046
17.42189020
-0.30074887
1.64797370
25.03311737
6.02508459
-5.61630222
5.92732755
7.68185604
-13.39490644
6.17359540
11.10222351
-44.63207102
10.74760920
53.39979916
37.95120472
19.69532958
8.92704857
5.56300669
-27.05804663
15.63410761
25.46938050
2.37975933
3.05548108
-2.06002975
-2.09067137
9.98483615
19.76625535
0.11382303
19.53882588
20.07680846
13.61768847
