-13.96401522
-44.95959647
-16.07769729
-33.08329475
-31.09302856
-6.13946701
3.22203767
-3.26489756
-12.67424594
-29.47989856
-13.10496167
16.19420165
-40.00887679
-5.96863671
-14.46473632
-17.21703179
-32.43321761
-22.16660413
-32.83388114
26.08042661
-39.82615175
-48.88357268
-10.66132848
-29.13861361
10.85976975
11.18939790
13.80683613
-10.74930791
-10.48585660
-10.39583946
-13.75446845
-5.34871003
-4.03753497
-26.36435924
-35.72999889
-11.83166175
-29.12533646
-29.67153338
-32.40980801
15.55119330
-0.34580127
0.00000000
-11.72905956
-13.92075861
-41.23432805
-17.90935375
3.51180204
-14.85987953
-21.61149720
-8.92382900
-29.44352537
-62.69857404
-16.03289283
-6.79195577
-16.10216313
15.25224062
7.47592437
-55.40397676
-29.91964250
-32.40898529
-39.68463643
-20.49472006
-9.68867429
-7.54726891
-24.47080141
-14.78290090
-23.20660479
-3.47370377
-0.85140214
-13.87091375
-15.95077074
-3.27252358
-12.90724688
-18.19081295
-45.11115341
6.58995414
-18.49007485
-19.78308062
-94.77172070
2.25050566
-4.74103836
-8.53719794
-0.60528952
-13.19407538
-13.27806311
-59.20625864
-49.63170970
-74.44978679
-38.03121572
-12.15341398
-13.99954642
-32.08741028
-8.65746394
-25.46776709
-41.41102218
-39.66379757
-38.34734931
-11.45219880
-19.60588086
6.96027436
10.26830877
13.07856249
2.72488952
-7.68455995
-7.86745736
-19.59059536
-28.54605474
-107.49339122
-86.27484258
-60.42454272
-51.27505440
-12.33388303
-44.28769062
-41.60101332
16.09455010
-11.89506547
0.00000000
-10.36758483
-23.95957607
-50.44896182
-8.99231326
2.34145979
-38.32330013
-48.44323755
-4.48691517
-2.27255017
-30.86864760
-15.56163971
10.14134733
-13.54388264
99.16449878
18.69982638
-23.35540297
-40.74133915
-58.87791312
-28.46030567
-10.09520049
-16.17102296
-25.55552604
-11.63125151
-20.83228906
-16.01898592
-0.42034393
-6.19960431
-9.46590030
-26.12532582
-5.45883783
-20.08843080
-18.48474687
-63.50704197
