39.74786048
8.21090227
-0.99989753
10.69874420
12.01954434
-4.25495955
-5.61858850
-3.26407386
-4.48154217
-10.79525595
-17.48903814
15.83679570
-15.43193685
19.39045803
0.12260698
7.01970164
23.58566988
14.12678373
12.83215608
-36.77825703
1.87870935
11.33531876
-4.99696016
4.53881405
-32.37847017
-7.04015942
-22.76277245
-8.77601188
3.10195241
-9.83538386
9.82807662
8.39912015
-10.68763559
20.80017961
15.89075168
4.29466829
0.68238801
28.13557329
8.30237638
4.25363914
-1.70829161
0.00000000
41.06427260
7.57715360
2.22832899
5.10843329
1.71001586
4.76492560
-2.20187427
-0.30110950
6.66369196
13.13248038
-2.75186930
4.63201620
4.50683812
-0.37820093
-9.34370552
45.54766610
-3.91399193
17.30282082
12.42384745
6.43737809
-11.97638797
13.86920598
-0.62527929
2.25916787
4.36870829
-9.18576192
6.08623929
1.51946055
4.50566236
-5.86596864
-2.48214684
17.50652623
3.61223600
27.90183613
40.46684480
3.62905096
29.21899199
0.40994719
-4.36008629
4.75144994
-5.59079322
9.41084213
19.64859719
30.64544427
36.12472340
80.15604341
48.06296320
16.78734976
10.25930286
2.19392776
-4.40430005
44.20254438
15.99652656
14.62871690
21.53590637
0.50273261
20.91129575
-6.35604747
-9.64063923
-23.51508063
-26.69166961
-5.63467297
15.36142983
13.60939260
16.43477043
25.08461729
52.53675639
31.85079353
14.23045577
9.60511345
32.87979740
43.44813909
51.75503892
3.50206550
0.00000000
25.37444269
5.85753641
34.66256918
-0.63387363
-7.73713430
35.51112879
21.21680127
13.73318707
3.50819792
37.59197161
9.67443956
27.91901135
15.72387780
-35.00093525
-6.62244395
60.39678947
26.14713526
41.32865007
8.55811703
3.80902443
19.88798843
22.89289213
7.20704916
20.67629948
3.40304491
-9.01496346
7.36549534
-0.28114652
6.70920656
7.68588599
3.76063449
25.43988066
26.51196218
