8.69949070
-8.14463854
-31.99135461
-17.42882470
29.31303137
9.88569515
-15.75568396
1.75610275
13.33129179
-32.59312764
-4.69120747
-16.80506384
33.32024358
11.44423342
6.18394721
-1.14896543
13.97203014
-9.04883779
-21.40842488
2.46170689
-7.61540912
-35.87811731
37.90744873
11.39445049
39.00522210
3.81617875
-1.84751013
-9.75813979
-12.50851974
22.97067776
-1.32353757
-5.23711634
27.48312556
36.47826867
7.59362964
29.91729252
9.76197378
48.22435649
5.99094977
-50.43419386
5.43413793
0.00000000
-13.05925193
-2.21856327
17.73526612
-12.08807304
-12.76012089
-11.06681442
3.22784327
-17.76851242
13.54753011
-32.41549955
6.81309104
3.37278671
-13.21028907
31.28007201
-14.50438983
-11.39045126
-8.19189858
-2.15772662
-24.46918345
-0.36475320
-0.91486705
4.06593404
16.74960307
12.20920342
-27.90122339
-28.74623432
-13.57245390
-14.13102049
20.33133986
17.43693076
11.93978940
37.25368879
-9.26216747
51.11123627
-60.59749658
-29.08646900
-10.86325569
45.86538609
-10.24763580
-11.70909156
3.63308305
19.35496931
-3.74685462
5.73577347
7.94291425
39.68703503
22.94769196
12.12861140
-10.95918764
23.16801265
44.50506228
-65.75937113
-10.60182884
-40.17076631
-9.66087304
0.99042474
20.80145808
88.13738272
31.48724830
-5.00859046
-15.11933875
-3.91697830
9.53813232
3.79912190
8.87146852
-15.23069344
19.93244415
-30.10651963
6.09724090
-20.66645698
-0.07665283
9.20729288
45.20334360
5.63663427
0.00000000
-3.79599226
7.15052560
-7.48679740
-4.41023137
-0.16535019
-28.44696668
-21.04546813
-0.81649245
14.84517467
-47.67199926
10.96793650
10.00337656
-15.09433186
74.21203376
0.39863696
-56.76443292
-37.04014321
-53.95685537
-38.02393682
-22.01208910
44.12599694
7.91893652
20.84081938
3.52465980
-11.97558569
-10.71075285
7.40482973
-21.73042063
6.77531839
9.50178472
-20.10483216
50.26241133
-24.48708194
