-32.99177284
14.28666395
-12.29550549
19.25605184
-7.79498717
1.19886538
4.89371077
6.47475836
-12.56920685
-9.68143727
42.84323018
-4.88168996
-13.97223660
-15.54957618
-1.87285490
-8.49444045
22.00554620
9.22915240
1.02940689
60.38937905
-1.18971504
11.16629134
10.77870895
-10.86461215
-45.67334393
8.85452032
-3.26331562
1.22598074
8.59694294
-9.50492740
-18.46417619
-1.06499603
39.19465754
17.82586439
3.75158629
27.73073867
1.63003770
1.82748831
-13.21814375
-6.92273761
11.26041904
0.00000000
12.05631128
-5.86424130
25.85441257
6.36061227
2.26034610
3.10306460
4.50385355
2.12222489
-3.38541662
-3.94604881
-8.67743568
-9.66666562
-13.44799107
-19.36988423
-2.77718732
9.36024379
31.35327517
7.28955297
-2.27941039
-8.66865750
-13.71687880
-6.15553287
1.45890764
15.67810965
-2.35052242
-3.39422995
-4.16734483
7.94996858
-23.43969969
-13.98149478
-8.47258828
-13.22528795
28.03270422
1.05983664
3.91756171
-7.29396558
48.10146288
-11.60014744
-2.26325404
6.79333186
8.23879398
-4.02865776
5.24837604
50.81730155
37.73013849
-7.32359710
-9.69297238
-8.83166149
-12.35735425
27.58222705
48.51064896
-0.99656439
53.55669328
-12.22225905
5.03199237
-6.07773270
-16.35358056
-9.31671821
54.97568113
-5.88237774
-5.10080912
9.05802412
12.73067450
0.53705591
7.68299245
22.51588807
2.20471312
18.43861325
30.64571345
-11.15727054
-38.35080647
20.41432614
10.64814514
22.00788970
0.00000000
-11.80192475
-20.08148826
20.88878472
4.11264878
3.56746665
-26.25368197
-2.94569156
28.27945132
-2.43302971
-1.91764443
-14.93366830
0.23306857
-13.43411352
23.19206591
7.57820587
-6.77073484
14.42600450
1.02711147
-13.68549078
-13.05749710
33.60806064
-1.12188009
-16.98382242
26.53448538
2.37854460
3.99094387
17.94069509
1.75421545
-4.90301663
8.73429076
-20.18059732
-22.45780007
19.43331601
