1.67864083
23.25092923
30.92996045
3.95671988
-22.82133025
-2.45414712
2.88309116
1.77520721
0.25800509
7.03314724
-8.45024122
25.69936354
-38.98494913
20.26995041
4.48136386
15.49294553
-3.03472961
11.23278270
28.67693622
-1.28013783
10.13541620
49.48358944
-34.91224795
-24.92590376
-21.37436184
1.81169895
10.18821368
7.20070455
17.17916558
-0.12312042
17.32354616
-0.33272662
-54.66985555
-8.82938592
-27.35257227
-11.78408922
-12.45437058
-4.69807903
-21.10434885
25.31925722
-9.84087925
0.00000000
54.56861306
1.06386237
-4.86289245
10.71125226
14.04567244
-7.40239164
-21.96741675
5.29441989
-10.50351332
34.73769531
2.94138547
11.00373723
11.42551783
16.82381798
4.50153864
62.10144729
-18.60825033
-3.83355260
13.70953681
5.08008760
-20.43631260
-4.48320832
-20.18859405
-12.44732946
19.85576256
9.64410803
14.03989174
13.25545408
-15.12359789
-3.75337649
-11.47871447
1.74858652
-11.99982404
5.73830652
69.37460891
16.93542119
-17.55051377
10.57092693
-5.45715802
13.56877401
-3.79373893
2.96879713
-0.52051773
4.46952546
7.08090182
8.21013964
6.50416470
18.27401373
16.23308494
-31.50177291
-69.67498970
72.92477193
9.54578321
35.26585790
26.45426576
-15.77742850
-17.68388482
-26.23000183
-36.44045516
3.68552576
2.15666855
5.42098878
16.08054885
-17.99060693
-15.35931624
-35.08182407
11.61588029
22.10834942
-31.70359508
4.76490328
14.48162271
0.16041635
31.59045350
-17.44461142
0.00000000
48.15870771
5.90425488
18.70677318
2.41815779
-4.62289112
6.11570638
11.31007501
5.58392659
-11.65748966
48.07824417
4.01916746
18.33605667
18.53674297
-42.00396844
-1.14393046
80.54183227
19.03322612
32.65477501
4.53475690
4.77720993
-11.80931464
-6.59936853
-21.23979627
2.01076925
7.26856989
-1.10724288
-3.97475652
10.13732493
-29.67209118
0.06850370
-2.71197611
0.02486457
-4.96306149
