-4.26051827
28.22513621
34.43687614
29.77763044
-15.26093769
1.82092002
4.96194298
1.26811314
11.32525421
10.55193060
-0.94768790
4.43759534
2.25185210
7.61418473
17.91933733
5.69527539
-24.61541524
-3.57318525
-1.29857263
-23.35021721
-2.82124816
30.10837539
-13.14133750
-8.80340910
11.13418578
20.84343970
19.42974943
21.54768112
7.36576249
21.40021802
-3.35223094
-6.35880681
-36.01156005
-3.81212630
-27.34216930
-4.67001362
25.65646915
-2.29550321
9.43927849
17.16126017
-8.95166457
0.00000000
43.21966265
0.19195161
-15.51598590
8.91037569
13.17766160
-10.71140707
-6.29889407
11.65267030
0.46285149
20.57860375
14.44321975
6.51282188
10.91782680
7.40743591
15.36023962
5.61801405
-20.61634286
17.32247726
15.92426078
-7.27372230
11.11423732
-4.28378364
-0.15292220
-15.16053229
18.01446586
35.15894104
19.83679946
4.31933811
-11.20482826
2.03410335
15.24463535
1.20706756
-12.65565166
-2.11144501
28.86437838
13.97036428
23.91627053
-23.01005285
-2.66565369
4.73749449
1.73447495
4.95455564
-14.04768437
-6.70479919
-5.44774592
-48.78920058
8.59516223
38.53288893
4.66237591
-29.79209497
-38.97386337
12.86086334
-52.54584611
30.47782206
1.42122914
-10.55199861
-8.74490342
2.59973511
24.23504946
22.94011446
57.03690683
4.53743071
20.78762214
0.24697079
1.92812685
-4.24438154
15.96984009
8.61967667
26.13440971
41.47982047
48.73933968
-19.17128323
-17.26179445
-18.88522337
0.00000000
31.20897148
7.82178771
-9.84150648
10.99874079
6.94647121
-10.04259917
2.76832061
-8.78755764
3.72527379
29.34903684
19.97473627
22.00401038
18.84196945
25.57889732
14.18693914
9.64236125
-37.35756311
23.24044746
37.36554221
-3.38291846
-27.69224589
1.98583899
5.12616074
-8.09221855
7.59223254
31.53067598
2.06734287
11.36219108
-7.19459444
6.84366804
41.66913662
8.68871059
15.64215265
