-20.33460692
16.43076290
-8.10280449
1.92455445
-30.75198580
-14.90175255
-14.79310627
2.03471658
-7.54808071
-23.79517819
16.53957331
4.29174526
-18.00512109
2.95627418
-32.71019063
-13.89044198
15.80699020
11.13790146
43.58897544
53.08031728
17.66097248
3.73571590
-28.35799263
-19.51637810
-19.32255940
6.75201862
1.27838705
-7.41772245
-6.14855918
-4.81135191
7.37129225
-0.44334337
12.44955783
18.51111060
-14.30536850
-11.19028058
-4.40509003
22.65816436
-20.89718582
39.65524811
5.16248687
0.00000000
-8.30472405
-27.11380424
13.51576836
2.28497799
-6.27182937
-3.06423579
-13.28268879
5.57243906
-31.35300335
31.26269742
-24.00721287
-13.91124540
-5.72497660
40.66765430
11.20923499
6.09235142
41.52697003
41.64318656
10.01629285
1.67296227
-10.00793548
-29.28596889
-24.39366736
14.44628879
-6.01481359
15.28702288
-1.21550350
-4.91825157
-36.39770567
-5.68275694
-1.72239182
4.69850231
-7.31174956
-9.23053694
28.43434257
-10.08603107
45.61643557
-11.04016523
-9.17558535
-8.23298051
1.25466648
-5.94829975
-10.40783065
41.27383680
34.64760179
-5.36847800
4.79501073
-4.00233848
-0.37126628
35.74328398
38.82010352
47.40314999
58.43717108
19.93039162
9.84006397
-3.42842446
-10.64434508
18.61458882
68.37257538
3.52116148
7.72278736
-22.37293706
13.50648093
0.12765926
-27.64217541
33.15494829
15.78609754
16.09001363
25.43921605
20.33487547
3.99657404
12.44719925
9.18641376
23.93104181
0.00000000
32.71675268
-14.76835389
10.06240470
0.87604489
-0.72101888
-2.97576729
-1.73489131
21.91814449
-12.78651600
-2.67689921
-6.89564829
-14.66326448
-8.66523054
47.65261013
17.76334493
60.02742306
40.01388202
37.72439662
33.83039005
-13.63643164
-7.85971936
-2.72030044
-5.89031720
24.82559087
0.14373236
21.18991458
-3.95930294
-4.91332927
14.65103298
7.01056473
8.36223818
20.41610468
15.89182987
