48.55097366
32.63628615
-3.12261795
1.53018452
45.37612683
4.97017432
14.27642375
6.41881787
24.99596845
43.15003135
11.44684537
22.74755322
20.70775343
21.68853509
28.32326447
16.63507908
7.08410197
15.56687734
21.63184083
-9.02667501
33.65918947
24.10489896
-1.77872835
39.34386949
26.96793106
-21.55964213
2.87755209
-1.09399882
8.79743762
16.95086257
23.05838436
27.21936400
-36.83241399
15.85628754
25.85141336
-8.30704331
-5.27616002
19.03687845
13.33833915
9.52634616
-7.59790704
0.00000000
19.07299113
15.22154253
23.64660652
13.59390024
-1.81234803
11.95955494
8.35705088
8.19873868
23.40279969
33.27106898
28.00983540
18.42187299
23.89512325
10.66331176
1.30969687
53.84599755
23.46203310
-4.95779343
23.82180412
30.41528383
24.18992680
7.81905621
15.18623249
-11.40262657
20.12293975
6.78057069
11.54735774
9.93822829
23.97287870
27.63660171
2.90277466
33.06490678
-15.31430571
12.26496593
49.66238415
-1.38750861
-2.00582875
18.53762363
19.10058677
22.07778663
-2.20922612
9.54878777
13.93603529
4.10821426
16.94805728
97.01239084
40.31321523
9.06023707
17.46746849
-19.01608160
-34.10803533
27.39453149
-4.49691694
58.63859241
22.68082810
24.44667794
41.44821618
-25.45500171
-59.09141399
-10.61633417
-14.07593045
13.80947888
-15.67369881
22.54988381
21.50078345
-3.68918174
25.82953768
19.68842330
-3.25577039
8.23124135
29.80721538
55.37897296
-2.04894009
-5.49595495
0.00000000
32.26135681
54.08723221
17.05472500
8.78690217
-1.63730709
42.82463046
27.76548857
0.31547319
35.43904227
28.03364493
21.76168766
4.25687282
20.08540586
-86.20453979
-17.73151337
23.70848951
22.77082902
33.18698227
23.32315041
16.89444482
3.06506952
17.58303953
30.28413354
-6.04085818
11.84520569
1.03244248
11.19767225
14.48915046
30.68122634
-8.49105238
0.80200751
12.05723169
16.99674766
