84.95596069
11.44683344
6.06208290
47.32462697
61.63058232
8.28763180
21.81465888
10.20921633
12.10638948
8.21162667
-48.10842902
9.26108851
15.97891363
8.20643674
29.08676322
18.11374578
25.50706596
24.10283774
-17.26066546
-92.81717946
-2.67025550
5.92787176
-15.37815956
25.60164223
15.94584237
37.89595420
23.25482570
6.85081414
12.29946403
18.11388827
13.88095912
23.61017685
9.36198500
9.17511940
10.47352098
33.54258923
33.82046905
18.75912808
20.96992010
-12.17441452
1.05937115
0.00000000
-41.90699733
-12.95978870
-6.63241252
14.72991775
11.27633083
17.60135988
23.88568975
18.58133426
10.49363601
23.58859852
23.09247814
7.96670262
10.44286547
18.56593441
17.91038774
-0.58052737
-8.49175661
16.39085611
19.16166855
-8.86783504
39.64479247
28.62519763
11.48469853
-15.96408776
25.95810687
13.13227101
21.06449246
14.59808537
24.09626471
7.77128323
21.11130786
19.02651040
32.82120841
36.36174354
31.07430989
5.92962998
60.65396257
28.18712503
13.72591370
20.00817905
-0.39467853
15.35464900
-16.96978729
-25.97886036
60.03655285
18.77781089
35.45208153
24.36625463
19.12957574
18.65669573
-4.09247301
-7.71758033
-57.52458502
14.65530202
10.42324135
-7.20702127
22.47003446
-18.59985151
13.05469261
6.76698354
1.76770933
16.74294339
5.88465488
17.00939153
30.27133862
48.58791009
31.56568069
27.05372926
30.58207445
17.00293558
32.63825004
13.27398013
14.03120810
0.14600408
0.00000000
0.63889006
5.04940429
-1.06279471
2.61887931
1.61821192
41.33688525
32.03024709
10.89527347
5.16793991
39.73691661
11.86736050
23.13382176
16.42798545
-17.94692803
-0.59307517
18.36709510
-17.01196967
20.88606013
14.09700889
-4.15869084
1.87453858
16.49288594
-7.96509896
-10.08793034
13.42415673
-1.57134279
18.78160942
-0.65720513
62.19283317
1.97200339
35.92087078
10.34785062
46.64534222
