44.47841384
28.10682643
42.08664598
41.35406011
36.53507770
5.74701465
25.25295705
-0.19507051
12.52787097
59.50008185
2.73404390
30.29167101
21.32530568
6.48886827
18.12407394
14.27079311
-18.17184481
-1.36259446
-13.39781414
-20.08604482
1.03357902
26.72573751
-5.29219337
17.68294861
32.48005935
-0.96007952
4.69660109
35.85878958
9.20916927
10.03850109
23.58797763
8.28247189
-6.36491221
-12.68449501
1.34366316
-6.89582567
11.42217696
-8.80441320
7.54912151
18.76343175
-4.27111190
0.00000000
42.42849832
-6.87607508
-8.17174401
21.54284127
22.89399359
-25.14189244
-1.98245840
12.39290485
9.34240956
8.87157364
33.69659261
-6.55544494
12.56066265
-36.81641984
11.97065875
-34.91886161
-21.22686592
-12.59384284
8.76892041
1.32696110
59.36537935
2.44437933
16.85181356
-5.71836828
13.94270394
26.43309394
21.36210786
5.87274434
23.60861891
5.39093409
3.70200947
-0.41308435
-6.15361501
-7.29333279
42.75471693
43.75160408
11.47946872
8.78169435
-3.75269421
12.43428888
7.68192634
-3.10769930
28.16470541
-30.16342469
12.76977866
3.32648023
40.91047295
19.56137213
7.18370689
-0.09218995
-15.70641914
-24.17319631
-61.51097165
35.77829901
0.79820963
7.49582322
8.47549508
-46.11892736
-46.86368867
0.45461031
61.20973467
15.42951528
-17.29320905
-4.31641576
5.95174066
0.14600927
-2.63704412
6.75041143
-3.67328454
27.82305107
8.89510849
2.63737614
-14.28933454
-15.80559603
0.00000000
20.47440596
12.18616806
-23.17284720
40.00511719
5.81930292
-33.32031697
11.25567283
5.56612519
19.55745362
1.88628193
39.54820660
-4.99751433
15.96787935
-67.18072896
0.75933725
-18.86964622
-55.88037411
6.19509141
16.55638386
4.77807504
-1.40388929
-4.05796613
17.90140011
-34.20024462
2.91453818
28.09640969
13.17517551
13.03078261
-3.53677811
-9.20561278
11.09385146
-38.02089394
12.41475588
