13.16442836
-3.80782126
-15.17193264
6.44197788
-20.63727349
0.71090163
2.23468950
-8.14039194
-28.66828603
-21.70669877
45.15228559
37.23093306
-1.63917102
-22.94010559
-29.19307714
-22.07569559
-1.30164109
7.75176873
21.55595848
80.87359988
13.56508409
-14.21103020
-6.20998950
-7.34569071
-48.55667960
3.28104583
-12.20810346
-4.44401499
-1.55977224
-32.55851350
5.34489763
-6.91197651
20.62740725
-23.09805326
-20.20190856
-22.23188347
-7.64547940
-24.96395719
-28.12324997
50.39067542
1.54050919
0.00000000
19.63240472
-34.95869212
-7.81583204
-7.39975066
6.52594316
-6.02268506
-22.51964917
9.23391255
-20.28279739
-46.59222234
-3.14542159
-11.65806788
-11.73084862
-58.27111527
16.40619736
-29.97023804
28.08219805
32.05470381
23.57881486
20.74799028
43.80182333
-25.81374194
5.75366802
12.17785199
-26.58739025
24.10232782
31.83491331
1.72140315
2.19075852
-27.49348527
-8.56568843
-29.62271144
-27.46386186
-15.32191013
-17.58340348
-16.49855190
-13.38202244
-29.43790115
-8.13703968
3.22588368
3.49227838
-32.80691568
-1.16142976
-10.50732137
50.66721026
-22.77695213
43.22082934
2.11288948
-18.32666486
35.91695911
63.65867989
-5.49800845
24.60879244
14.88747714
9.76628794
-3.01424736
-3.16426632
-42.41995045
75.34439295
18.38224515
6.93017905
-22.32240566
-3.33720679
-1.83465014
-8.40487281
-28.79672664
-68.88598203
-34.47254332
11.19359268
19.11383182
-29.49965070
25.52863134
43.15770161
19.67522488
0.00000000
-30.44751876
-18.71405061
-13.11743241
5.07636969
9.35646431
-12.69862659
-12.21889052
28.61329833
1.81020869
-25.69902012
16.48356671
-17.20181271
-18.62619310
22.52438625
46.71886163
-28.22706292
45.68573210
5.44974181
38.94772978
14.75637081
19.19949883
1.94229843
39.10490882
18.29546885
-10.79413638
51.28557959
26.12142579
-0.70765146
-4.00331596
-7.71674232
5.63206297
-42.88967334
-24.67306377
