-8.94865367
2.23658527
-18.96515736
24.42154418
-7.87459151
2.02159602
4.30252088
7.15801709
-25.83971038
-48.80817820
-1.91114393
10.70273970
15.18476191
8.40265693
11.69962602
-3.19177015
25.16236246
14.59986334
-6.57765607
7.88101252
-2.40502054
-20.77225834
11.05186868
0.10072943
-25.69457632
41.12240192
-12.49423244
0.54756253
2.28191181
-30.16000291
-19.28823854
-2.85635558
37.80287647
23.29228234
13.39988864
52.25000805
26.72056593
23.34173749
15.18605885
-7.92599980
14.65649635
0.00000000
2.39050957
1.46855134
6.55843295
3.75521832
-3.73740287
-1.16169826
17.85797492
4.83391444
12.81226442
1.08390698
27.59396397
9.27995094
-6.08001596
15.17753398
-9.72045843
8.00669876
0.21200148
30.40725799
15.56592158
-3.65501750
3.70724352
3.76980207
12.47166133
-7.77709859
-12.87989393
-0.38133294
7.59244190
6.87776327
-3.94732955
-16.52445936
23.80349083
4.12111169
44.14417295
13.84196956
-0.54472427
-12.79854990
40.30899618
-43.82829046
4.92501747
4.62302636
1.24584178
-0.38835425
-14.31161809
16.06945448
34.66805455
-20.64001427
18.94239077
11.66736888
-3.38747691
19.45235964
41.95187216
-7.79318308
18.74420902
-15.11907977
2.00712824
-4.61701875
-2.25637561
11.25908798
76.49073956
-17.94987642
1.72000183
7.50628755
-7.48720498
-3.63142521
8.96130057
40.63273034
23.32724930
11.83452083
58.58474823
-1.72320868
1.92647111
25.39908293
29.50600368
21.27218103
0.00000000
1.70639760
1.80086349
12.15482687
1.49159485
4.39212958
16.06807814
10.32230205
16.00201263
10.96368446
-4.71907516
24.44071723
9.61228890
-6.07932442
39.26499676
-10.45383048
-13.78987419
-4.94421425
-2.43635539
-12.19101142
-3.13705150
47.85719158
12.51486635
-7.30523113
10.77255216
-3.09657473
1.72874474
18.16040097
-1.59251156
-15.73423481
-7.86658147
6.80250250
21.35617860
35.10843695
