-21.35185167
-56.88642888
7.42495613
-37.14404396
7.25803739
-2.25864459
-16.85843490
-6.87233214
7.47431146
10.64067140
-65.88461143
-18.42966994
-27.81267663
2.71114259
-32.92927625
-1.56131459
-33.55018546
-33.78634040
-27.70697548
-79.66865667
-40.68653180
-37.13502798
-17.81568359
-21.83562150
-21.07243989
-54.91600865
-31.12056823
-8.18608375
-9.45830515
-34.89755527
32.19116589
-11.23957406
-46.06243180
-37.70214963
-33.86829967
-49.12642795
-48.56374014
-39.34857072
-28.26075529
-13.68297272
-10.72237093
0.00000000
-25.65623253
-14.60125909
-46.19853960
-13.30188993
-9.46109038
-20.97100370
-6.70413510
-14.32050334
-30.56883955
-36.18616447
-19.42698444
-12.13207575
-3.13805664
-61.54775079
-29.58919792
-37.79295436
-77.79948889
-37.47779818
-28.43410324
-16.83314342
-61.74712445
-22.28735143
-13.06773857
-42.39387106
-6.84728958
-21.31472846
-25.21256359
-11.63100618
9.46972308
-0.10301477
-31.78799837
-29.26901223
-37.30904392
-32.27055640
-45.08205263
7.88149739
-46.53835744
19.30755596
-11.16618979
-7.32810025
-4.26192211
-10.88000016
-24.79990888
-52.24351319
-58.96066812
-68.96650655
-77.71375938
-46.88616117
-0.48470503
-39.76176942
-76.54094320
-3.52674556
-29.80678792
-51.55585895
-32.00483306
-17.19293303
-39.68032334
-60.28945409
-65.58759184
-33.60809598
-2.62830909
0.74502422
-45.74556917
-9.97273116
-0.78096578
-40.41797459
-58.11734167
-15.74433571
-57.88086380
-63.05064550
-49.35614817
-84.47851342
-44.49888147
-32.21299807
0.00000000
-30.59993126
-4.74789486
-30.30095193
-7.85703403
-1.88632171
-38.35210906
-22.34741776
-23.06487408
-21.62708692
-18.59983688
-48.33208393
-33.41582959
-13.60985408
-70.57961542
-59.08112938
-43.97111670
-64.32422982
-31.04861160
-57.76435666
-9.82466031
-58.56757368
-23.39424481
-33.26119693
-50.82092691
-3.94637005
-21.34797502
-25.38417099
-3.70802983
13.65065070
-32.11776977
-68.05140495
-55.91474743
-27.18769905
