4.50137522
-50.61212388
-15.92223428
-17.71416826
3.10900781
3.93829127
-7.56241047
-2.08511507
28.83770623
-37.65571800
-3.20775171
7.15088570
22.79039329
2.31263522
-6.23945115
-9.69031056
-5.22038022
-3.49671308
-74.16601756
-29.07525662
-51.15283944
-48.83902526
15.58558218
8.20546903
12.49071769
-6.13529892
-25.79926525
-3.50315966
-10.25946824
4.93813296
-10.45721684
-1.47807355
38.73501923
19.15840774
-1.25808752
23.64522318
-35.26802680
8.46750746
4.35725289
-8.15691430
21.72001157
0.00000000
-25.71779893
5.49820577
-33.61535428
-6.44979446
-4.83537199
8.85957047
-8.92056320
-3.94548271
-17.95438772
-65.59347521
-8.75327730
-9.38861343
-15.10794155
19.65247365
-12.09627081
-66.91268812
-59.47244134
-38.74109201
-45.12567546
-28.10210245
8.32454572
9.93571028
2.12814379
7.77923848
-2.25769440
-15.08167294
-14.60206749
-3.04793071
-4.84262795
18.19027553
-15.69300259
14.88478168
1.58722835
46.49682661
-76.40330343
0.92456314
-35.43236711
44.70671421
6.19237352
-4.53677830
-2.91855355
27.97449468
-3.37155143
-28.89112968
3.68202236
85.06004940
65.08504839
30.17362447
1.00984519
11.24113828
33.54203080
-69.67242765
-54.81936045
-76.16575379
-44.17847430
1.21095422
35.50958423
77.64195636
18.34197250
-14.93075256
2.92675105
5.19976012
15.12848385
2.50190550
-4.60065785
-25.06961879
14.18870904
-19.47690494
11.78067223
-14.93205921
-7.13329458
61.09790814
38.97357608
14.12238285
0.00000000
-47.16874259
2.63186362
-41.31342635
6.88761476
5.75824922
1.18343965
-9.90880087
15.97832940
-8.85530913
-77.22358644
16.85752959
37.25521554
1.90323286
98.10306040
9.71637688
-65.43059335
-80.72126868
-41.20761680
-45.15226499
-34.96718764
57.51643819
-3.08201184
10.72923359
-5.15509983
-5.96073923
0.43040784
6.14951220
-3.56793539
13.69665959
24.64473268
-16.12566726
29.25587741
-20.19846173
