40.92231492
1.83603859
-35.93697497
-3.99665467
27.74137735
-6.37390497
-4.01772535
-6.20112013
-15.88395426
-4.55541432
19.14895710
2.09088750
14.58635723
-11.92455703
-14.80780179
-3.15118581
21.93699809
5.99439714
13.67400249
42.57505575
39.12732660
-30.27353445
15.71694986
27.22300691
-33.26156954
-6.76914298
-19.25557600
-19.77460217
-6.60682937
-28.77166342
15.40872815
10.44979143
20.72965131
5.41151404
41.45936588
5.30355295
-3.26448558
6.47798683
15.25682422
-14.35538671
2.64042920
0.00000000
-78.91478640
-4.10969321
38.41409351
-9.98982499
-19.95888680
-7.72106031
5.13017486
-6.65194575
16.23995830
13.62902982
2.74724614
0.03642546
-2.80645964
-23.10172688
-13.14628435
24.70472847
43.88009391
28.82936299
22.98951435
47.47629440
10.87895454
18.37780022
15.84863333
49.30232269
-15.36838854
-18.12379947
-2.30082972
-6.95368948
28.63090489
-18.41978807
6.21741110
5.25891556
-3.22282007
2.83493964
2.96572033
-20.55903727
-13.65613690
-5.98463140
0.23668185
1.96513047
-0.15323002
-19.08120542
18.19028585
22.27109104
23.65774569
27.18746329
-2.55549867
-45.85358634
-3.46649131
11.15194161
9.03579496
-8.18685931
49.46582494
8.95694920
28.48362504
19.45460936
15.40863523
-47.21210379
6.98386301
-21.82642319
-41.65195882
-8.92377309
-19.34888758
15.92496183
12.81299347
-14.50099918
-38.22107648
-38.63447145
-15.41939232
-32.96503725
-36.56340405
-25.57999504
5.88753243
3.02205949
0.00000000
-11.41408619
4.19896526
34.60731763
-16.65071791
-12.19871852
-20.22286479
-1.63189656
-5.77784249
14.41292657
15.04468001
-29.44238067
-30.60973954
-14.67633200
-52.39758335
-12.29456733
69.62464858
78.78199138
-3.27690471
5.91563911
27.23993671
12.64941335
1.20016555
-26.78452122
37.76427617
-6.95622903
-13.43562113
4.27225967
-8.87060105
49.12278015
-22.91331979
-35.51199293
-18.71834872
-26.20581323
