-52.59755317
19.54054156
-1.72943950
39.59716298
-32.58237545
-1.79075481
11.95206980
4.25338829
-29.70787111
6.09999186
41.05915571
-1.95341538
-36.28081311
-20.93641157
-9.46406150
-13.06749064
2.70286446
-1.40088573
17.91835013
81.05725864
10.40559428
25.31404563
8.29734882
-23.89592814
-36.40432608
19.89128862
16.09922621
8.52536635
12.74038606
-21.46686609
-31.54537703
-9.20782200
23.79380569
-8.34370511
-8.53464329
22.77027151
4.42467270
-27.12542489
-29.19057933
-6.92393334
14.28390615
0.00000000
-5.56569525
0.18227796
26.20520456
8.76823665
8.48290714
-4.68816088
2.54587835
2.73033106
-1.70901508
-9.88769997
-4.28043904
-11.46607315
-18.74443828
-18.15364618
10.37369305
19.25760048
32.78439600
9.83863766
4.85142430
2.79727752
-13.23222484
-3.88097596
1.16610841
16.72148168
-4.08675583
3.23794813
2.39589956
8.13704818
-33.20215094
-24.91580381
-11.71505178
-27.30474518
20.80730606
-27.27448137
21.14076982
1.03204410
32.06076220
-21.31496969
-14.10615278
5.53151929
11.99124775
-14.03061573
3.49270475
9.23804518
18.84683667
-44.50632828
-40.33269685
-36.47005290
-22.27693592
17.99009467
29.43228107
-2.56023730
18.97210638
3.47403904
13.25289345
-11.87526271
-26.82688308
-51.60232901
37.89150655
13.96052994
-2.52681027
10.18387386
8.69756867
-19.38994339
-2.92209361
-21.70896694
-56.90303227
-0.55027667
-11.66131645
-13.78957770
-62.19145466
-12.28437773
-18.94198743
3.36132111
0.00000000
-12.29369712
-23.69076336
12.05206896
2.60804245
6.03382123
-27.99707075
-17.96540135
26.33909141
-8.62525362
24.05922848
-25.72487355
-10.78493089
-22.21315621
9.15547877
9.88235557
-3.47204145
9.66871327
-25.63214538
-10.99210432
5.12652069
7.59283626
-7.68372371
-14.98829978
16.80671105
0.14386951
12.05636338
14.27831621
-5.58741837
-39.23493883
-7.01365860
-20.55510859
-67.36066936
-9.78069846
