-23.29301393
-66.24376323
-35.27507530
-15.39198094
-10.39631767
-5.08184168
-10.03263593
2.60429100
-18.47557004
-22.30997436
2.52077897
-8.65330824
-24.99513814
-38.12323511
-21.21834345
-18.70970431
8.31794355
4.83006352
-61.33828283
-10.79972231
-23.16751750
-46.44653739
15.38606214
-1.48402379
-52.68906046
-11.66656290
-35.46509469
-25.73835118
-13.51562190
-39.01929563
-22.90535966
6.69548014
27.89197765
-8.40964200
18.14985034
6.51312610
-17.55179599
-21.83564696
-19.83816327
-19.15658495
2.77379007
0.00000000
-88.25022910
7.68626933
-6.37640604
-14.03341583
-15.15752349
-5.45533128
9.25078878
-8.11376935
-3.97622559
-30.35057150
-15.05330895
-21.50090836
-16.00979615
-51.96656457
-16.99659322
-40.44674331
-8.51685392
-9.27358835
-1.95852866
-8.22253465
-23.40949871
0.56259745
9.81387520
-2.75478577
-17.00599228
-21.68395300
-11.42600161
-13.51946144
-8.39556875
-17.26969077
-11.52166436
-23.22596503
-5.20577503
-16.77217075
-98.01987635
-18.64552235
-13.19596572
-37.48935636
-3.85623292
-9.37641264
1.12243664
-25.99630194
-21.69831067
16.53852294
-3.32752001
-18.49362709
-35.91375529
-56.20022330
-29.97806734
12.64394487
37.52855333
-69.22821083
9.00565447
-56.20897644
-29.51368996
2.92484313
-23.76824732
-59.12005964
32.06793809
-31.78927887
-38.26289355
-8.85936454
-31.65764363
1.96660238
-3.29001749
-6.41306706
-56.11354271
-28.88294458
3.39518440
-44.27178093
-69.69153927
1.60605580
-11.00311379
13.06434248
0.00000000
-81.37518095
-32.85118067
-10.59136580
-14.96532452
-7.98256715
-28.71352618
-20.19373816
10.36914850
-7.40550374
-41.34842817
-46.02473364
-33.38660129
-30.77847309
-39.55499787
-20.15965840
-49.87672973
-12.66732671
-37.64036463
-43.59742176
-14.21575597
-0.22291208
-8.09473572
-4.30587422
-4.01656459
-5.18732034
-17.15747721
-14.07748945
-10.94920374
-12.64027488
-21.52885735
-38.95527459
-57.14204302
-27.57172714
