51.15385530
-41.77520893
-9.72768486
6.93011749
46.34777693
4.24331955
17.31554660
-11.33151161
31.83274229
27.25070775
-20.13113370
16.81399561
-12.81766321
-23.19793434
-14.90570190
-9.47658437
-8.72420876
-3.26605884
-47.08545651
-32.67961648
-50.52696769
-44.98059656
-4.53169663
0.13958221
-3.59994598
-23.07155159
-22.87066825
4.36398460
-8.79335208
12.04571721
23.85844772
13.87163445
-1.16051196
-37.54796003
-16.52814345
-43.24697958
-30.16208240
-38.93221493
-31.33964827
16.59383429
-6.57603167
0.00000000
6.43802584
-23.61365533
-47.87737229
-1.49639541
13.75011984
-18.42825640
-15.84695145
3.82484938
-18.33083048
-75.31923422
14.46538715
-8.40249272
-3.60298392
-83.85156095
1.71719228
-76.78120527
-48.87929847
-38.66706228
-15.78931983
-18.11467929
24.99779427
-0.15854091
5.89560823
0.99988284
0.50762449
11.26931748
23.45180606
-12.00209592
21.12771298
17.00690150
-19.35000267
-26.40919659
-29.42306152
-1.07808375
-1.28585858
2.26577743
-4.60075514
-6.45948564
8.62300239
6.75393907
0.82949688
9.21437623
17.41233819
-82.91017264
4.03914961
-24.94975167
26.90870893
-3.94142941
-11.07850113
14.37989349
29.66828066
-48.07907540
-86.94095828
-19.02221813
-45.69892756
-11.67246562
-7.62634001
-15.63682105
-9.93581611
-18.65358926
18.73099222
-7.07952994
0.69695110
-3.08279849
-2.43235171
-25.00741588
-84.47403519
-53.18880141
-41.02570537
-14.41002245
-50.08404978
-17.48699266
-34.91483565
-3.49225236
0.00000000
-1.50845407
-9.98490999
-53.70815391
10.67917275
3.02114264
-32.96464370
-11.13196628
3.91341419
-6.79589101
-32.42973900
20.41492424
-16.64533000
-7.96031369
-38.77587620
7.99812424
-63.75775993
-91.23169767
-70.00454116
-10.51683196
-23.45996419
-30.97752850
0.86350868
-4.35117532
-22.95137981
-3.05839787
19.31799046
-0.59057431
-19.94872678
26.68865929
14.84467358
-19.35736694
-58.18472780
-15.90495834
