-37.48697136
-19.92073963
27.21852427
-8.71585103
2.31328277
10.38409029
23.66767483
0.81867421
17.78979394
48.56755108
17.94441969
-14.66859781
-33.02861735
-68.63769545
12.00638212
15.29241446
-35.58275676
-5.24021265
-37.63100663
-44.64707357
-7.15943064
21.50329547
-14.70793084
-7.97756728
19.87440113
-25.20342409
8.36458365
15.01586992
7.05529828
14.20415469
4.84755394
-6.53201156
-26.92240889
-43.53552679
-18.06695062
-29.07005361
-0.00091718
-65.01401288
-41.46581381
-62.40181308
-2.79314908
0.00000000
-35.84224536
10.92661199
-13.06798359
4.08627320
10.66060195
-5.29505986
-3.23844886
-2.27762131
11.91427879
-0.91809354
-14.00574690
3.87845146
13.10894379
-40.34982644
-1.95485754
-28.29233896
-37.46995812
-29.80361788
2.79064025
7.37402123
-24.13697121
12.43478679
-8.09237879
-2.76216686
17.79410818
3.12842770
-1.72848826
0.30539147
15.23880421
19.68130813
-14.14173670
-28.26213621
-15.23219007
-20.17186675
-19.62658031
28.24513115
-52.17912556
9.54336471
3.08880791
10.08351107
-5.69508183
3.17982065
-1.85115621
-22.06616593
-47.77458143
-68.04514452
-69.39612517
-7.90486155
5.91790348
-48.95533690
-78.91806838
-37.26513882
-53.41240969
-8.55673411
6.77640985
-6.52146821
-15.97919903
-32.91856111
-84.44797890
12.03771077
11.90204065
20.98954583
-8.00707797
-5.39373083
0.77618107
-38.34223570
-5.78167083
12.12821099
-43.86941859
-0.59104286
7.80998821
-83.08062933
-64.22731617
-20.50020922
0.00000000
-51.37039903
25.33792485
-4.34441916
8.36497704
2.58984571
-8.46141835
3.02964059
-17.80454386
7.32769964
5.59134203
-16.04977212
-1.94361829
15.18215808
-80.46381635
-11.77635698
-44.46660296
-11.91734783
-3.35153657
-8.56330917
15.27995570
-63.01413308
-17.49611410
3.69168091
-15.90244573
0.50227939
-0.65271934
-3.63798216
10.17070887
-15.38157610
-6.97217837
21.84309956
-22.96296068
-14.02042648
