9.39921997
19.98926232
-17.72088526
16.57284840
20.86057572
23.65376516
7.98215182
-0.40107539
8.80114975
2.36865659
10.62213138
16.72717748
37.87633260
13.67105515
-0.69554894
-6.06678587
6.80195134
8.87213236
18.92080864
42.26175080
17.22820063
15.37282734
26.45120451
16.25681375
25.27603910
18.89743418
10.83316303
-10.53406030
-5.32890523
26.47725882
-10.69402708
16.49975367
19.80744439
10.61342113
10.45382516
22.16531159
3.10736713
13.18188419
25.54446694
16.77651217
16.01214824
0.00000000
20.54007332
-5.45055478
11.61174208
-3.07408231
5.72510379
20.72388116
-4.71917028
6.70879967
6.23213577
-46.16117026
1.49408636
6.68093411
-12.97899951
28.75896317
2.46079354
22.62723951
36.16674186
2.10448952
-9.92907485
13.85918651
35.21487055
14.73498108
4.58880564
24.50096765
12.55663396
-10.03067843
-2.07205374
-11.55218352
18.11049005
5.08246692
-0.68022929
10.57059627
16.51385660
21.92993198
-34.18870211
-25.93083946
0.96606980
12.23280246
4.14714858
-6.01953976
-2.75633780
6.94692179
20.15339336
-10.09727860
43.41424524
30.16876344
39.06668131
14.97927095
-3.86691983
6.96945823
51.69048442
-29.88189867
0.15743508
5.95021262
11.54016875
10.51181417
18.21310513
51.69970724
56.63361252
18.40609151
-16.70981118
-1.19299558
25.21399144
2.77219361
-2.75594253
-29.71188821
-15.29085708
-35.74151290
3.28843415
3.70116796
-2.46880080
21.13532800
44.57552682
18.48430719
0.00000000
-19.04581988
-15.79273327
7.67234101
-1.27187433
3.34727356
28.96454979
-23.08756828
21.88528291
-0.08235536
-24.78918454
12.27688751
13.54746744
-8.30895873
95.77684921
30.07460079
-44.42834316
15.10708940
-39.36792930
-13.75519891
0.02196013
37.43266207
2.94811584
21.25078001
18.99156374
-5.37077431
6.04706647
26.26434481
-15.12098854
-1.47937081
18.77786738
-9.63608163
15.55593017
-38.88919631
