5.56916861
48.40742346
16.79530132
37.39097027
-3.57885090
-0.36825825
4.57778552
8.10614223
-9.88055689
-19.76712606
7.47416648
5.40591279
14.19871212
1.76119691
22.28217042
8.46724729
7.20371669
11.32555443
17.58939453
-17.59553757
18.88354726
24.04105409
-3.15428212
6.22963783
-15.17023587
32.35101271
7.79769578
14.40066884
6.77469141
-1.14373685
-10.02273375
-3.28280151
-0.02332031
18.52419664
5.91317734
35.20728897
40.02799160
19.25988965
22.56832584
1.47179276
1.14568105
0.00000000
30.64020312
4.49321445
8.81100237
10.91938930
3.71801295
-6.74124112
15.22791563
10.81485015
17.93625096
45.41820025
24.34993178
13.88171489
12.73075582
15.24331558
4.76723581
37.72082558
15.27849644
48.95785034
30.81281893
4.49503761
-6.59270549
6.33360179
11.92153479
-5.79969294
6.91481292
22.22609505
13.47614777
12.12258585
-7.69725166
-9.31122213
27.94501012
11.17251457
27.22691244
14.79968073
49.89232754
6.78861111
64.19655590
16.17014700
5.47029452
9.83641171
3.50072005
6.44894230
-3.94573695
38.17813708
26.03173671
-19.28914268
24.25187580
32.67998909
9.43140762
-7.67863658
-6.38060364
19.72163277
-5.90964993
32.79410437
19.53247629
-5.98673085
5.15767880
-3.52051096
47.12577756
4.18337489
24.25400305
5.73836475
12.32647644
8.51413246
15.04276528
56.02157182
60.21698845
33.55359065
69.09609858
29.50767425
52.73262336
10.65706965
10.17805128
2.81429262
0.00000000
43.32632770
18.00254252
20.04386610
5.53216006
6.67510882
24.75648225
28.20156247
3.33207598
17.74630315
40.70708203
26.74656437
24.76226440
14.19447990
22.32326041
-0.76678421
32.68951826
0.78154669
43.24816354
29.52730085
6.97505546
16.67196397
19.91525009
1.16872802
7.73546648
6.31121979
18.24836970
11.21394505
13.73839543
-2.21923030
0.05728203
37.13796869
38.61754390
55.88278773
