-21.71519540
60.04220597
35.74930545
22.14520171
-21.77912861
2.40327338
30.35314233
15.14860545
-15.24151300
-26.34273080
51.08759389
18.33302712
-16.27006838
-7.34481905
29.11134385
0.89547073
-23.92701223
-14.42143500
40.88974163
109.74207106
33.09043371
47.80013258
8.48215554
-17.98186849
25.97903425
60.07569409
81.85641870
43.37655311
16.50420863
25.01033468
-10.88917487
-18.60238375
37.27584279
-7.36007142
-15.39183409
48.68189940
10.46275409
-26.65784842
-34.91524765
14.15456550
8.96605550
0.00000000
19.39639932
0.26430763
6.05098060
-1.59520262
17.35765854
-11.06315012
4.45182073
1.84756255
-0.93994141
19.45975231
19.09741191
17.38539661
-10.20928233
34.40882937
45.06327042
43.94249950
44.18095399
-9.20108331
3.01515487
15.14024966
16.89678942
-7.80481428
-5.73260828
24.44143284
-11.05199889
24.12811840
13.67153584
14.50598590
-24.02272931
-6.60713932
5.60398393
-1.35385396
22.51859746
28.23179987
70.30389987
28.43678111
13.40760919
39.19909449
1.17711134
7.74426790
9.67662671
-4.64404972
-10.20476802
-11.52540482
25.66717989
-29.35501669
8.92404592
43.49634501
2.81340020
3.30120948
2.47498602
16.52331206
30.17070163
32.38962505
46.88359619
-10.51130023
-1.07097896
32.43856369
68.97839089
109.13680857
79.12453912
44.58117105
61.21679145
-21.21032391
-16.05642816
-23.00090869
-28.09246184
-28.69917578
25.78759139
22.30047280
-23.68131829
-21.65034464
21.77022956
12.65818017
0.00000000
43.33805409
-15.31255443
9.10747403
22.12258699
21.39796306
-24.20875426
-5.56677684
6.77736255
-5.60307335
67.03131755
28.46951615
24.11948665
-4.58315360
140.64559820
74.12526685
49.90605236
53.65424350
-37.16811896
22.69396088
29.04478694
40.45292986
-24.44764455
-11.33691255
34.03331529
-4.57303438
42.01536848
29.85226009
23.84642707
-12.89039658
18.49785851
10.26748743
-0.11962164
0.64733535
