-4.51640911
-65.14577906
-38.17047830
-20.82561827
-6.74413770
-24.45396288
-16.45456540
-4.32180470
-34.65715046
-38.66262302
-20.93772693
-8.21876173
-10.52259168
-28.32199574
-26.63595165
-23.81006981
23.12596497
19.22095104
-55.95734028
-58.04509808
-20.38975033
-52.25109800
-8.95402647
7.84778563
-86.09820421
-25.94962459
-65.48351616
-34.18492208
-16.15517177
-70.93094858
-22.50260472
2.92908924
-0.40937816
-9.09534412
24.34915292
-12.04704604
-18.27715199
-4.65492916
-13.91453656
0.03076817
-10.15985897
0.00000000
-61.31351533
0.54835543
-11.02258356
-15.24176485
-18.61518077
3.06376214
10.28558575
-4.77880233
-4.34199672
-3.30656413
-19.64433417
-20.97319385
-11.59784198
-51.73743761
-32.63800784
-27.09795429
-7.06587655
6.65907787
3.65773424
-2.12179651
-31.07041155
-0.28068471
14.38193498
-20.00641444
-14.54897438
-27.36128597
-10.76702589
-3.33104131
-7.01968929
-37.08678705
-8.05596790
-25.02247554
-16.61720948
-47.96152311
-71.10487975
-17.97797236
-4.35570783
-59.66806090
-5.55821740
-14.41413811
-6.39772924
-35.66329604
-20.97508444
24.11014965
-3.92366318
3.37750344
-31.04874963
-54.04870736
-27.96131051
13.31798753
21.84905887
-25.52365529
12.45579598
-55.77448217
-36.32373269
-1.45538891
-24.19152217
-83.69809571
-1.10288584
-59.58163203
-64.63492207
-28.59335664
-43.27837316
6.27559811
-1.31741023
42.43903380
-23.23881038
0.15447836
1.27699613
-33.59736930
-34.13040079
15.82163411
-34.97320526
1.64443354
0.00000000
-58.37906263
-32.26144126
0.17615991
-26.16118226
-10.93330513
-10.18253261
7.83350306
-1.13059685
-11.64312543
-42.83287126
-58.74646513
-39.74443728
-25.74190750
-80.36033926
-41.57696876
-15.34207062
4.47614271
3.11402567
-15.30881614
-11.83558114
-5.53541580
2.32661368
2.80685950
-3.12380029
-3.95133705
-29.43095204
-30.03238477
-10.08368275
-10.71592955
-29.72026658
-26.46739811
-44.01194902
11.36133992
