14.35305086
33.80364906
29.46625821
-7.57330958
5.26843269
0.76469120
-4.02682692
4.90905516
18.09024948
13.13361334
51.17435793
-2.95646711
-18.45002650
4.60417317
49.60022776
15.61763853
-12.55769859
-9.63594594
39.51421732
7.21221859
25.39130674
63.26518770
-15.80926739
4.10582549
35.41755770
29.12783359
45.37242026
6.06578306
11.48534403
36.29233010
-25.13450739
-23.52623480
-39.96229827
-2.82011780
-16.19748980
2.70676851
38.93512521
24.99620025
-22.85158177
-3.54067682
-6.65969761
0.00000000
51.56043394
7.68169379
31.04081208
8.03856709
24.92113023
-2.21817485
0.56833063
0.55876739
3.33342734
51.00863693
38.72201595
36.30102285
17.45961541
67.68937495
29.01357193
39.71884925
15.57654574
27.12371874
27.45072474
15.06528423
19.50523015
0.19039943
6.13144273
-3.60300713
24.39925389
28.51906413
26.27304682
21.88234563
-31.15955113
14.04981273
28.04695459
18.42454950
-2.10943188
41.10785275
39.51110017
14.91041410
-20.83968313
29.04674553
9.78946651
8.87884908
-2.65862065
23.74432138
-1.95180299
56.57683563
-24.62314915
-18.51174663
-15.87553388
55.69729689
18.33200045
-39.46921109
-58.80870948
61.33005355
34.64893783
48.34396529
39.30712132
-11.34539421
18.14701723
30.48468303
-19.40632602
40.12028362
4.21021337
0.49999725
31.34987220
-3.58271474
11.61157894
-3.38789095
59.34722911
28.94071551
6.82252824
41.83420950
78.74075860
-5.11855000
17.71801649
-21.38534860
0.00000000
67.14172229
15.76823506
40.73630880
7.22141866
9.48841600
26.38814767
12.31876452
-21.05574715
-8.06955870
50.28550733
29.69720144
49.92035047
30.07921855
41.19687375
19.26844942
70.20049167
48.03058709
48.98425539
29.63951733
15.05401396
23.38924523
9.14789466
-3.77321067
8.28110451
14.73871111
16.14824574
4.06182200
20.21228408
-6.22964619
9.43356475
63.86219842
39.70414279
17.69014408
