-61.93785241
35.28080719
2.05815879
-1.33928084
-50.93219740
-5.40546515
-14.61499785
-0.03129432
-40.03685937
-0.42198265
-9.05041868
-17.96362432
-17.41808886
16.09377883
-12.80696289
-11.69353979
3.27462233
-9.64525057
40.84916489
44.03671788
22.73468194
1.95072022
7.12489467
-34.62950682
-15.47698409
23.17893032
22.62926372
-3.26414075
-2.79211698
-25.21420907
-14.92276853
-9.82021064
11.59795871
-14.16020654
-0.06849952
11.60201376
24.19218056
-17.36565155
9.19030477
-1.28136778
-10.38714223
0.00000000
-28.03280029
7.78582172
15.55850377
-11.82603216
-0.89328641
-10.18542247
24.51090799
-8.94816533
7.04044179
53.25966909
0.93449722
-13.61072692
-14.55510121
19.87105716
15.85621455
52.26586347
54.36256273
33.08392442
19.16868343
-3.83987341
-10.69794774
-8.76882021
-7.44865854
-16.98085920
-7.25578363
1.48036343
-11.13834395
-0.24066381
-24.33273960
-29.06279303
16.70318188
-17.30276386
28.95335609
-31.92516154
7.95444168
9.01855335
13.47661760
-32.62269779
-7.55590065
-6.78731064
0.89937050
-15.48142119
-10.99637886
4.97847678
-8.54388719
15.81631667
-6.40025773
-6.48233946
-7.27200979
8.52574220
8.20095504
14.01235227
46.74858867
23.00190870
23.30435962
-9.22557731
-19.89767772
-28.66570056
28.69463239
34.21958190
19.37061252
10.03415124
-4.41407700
-12.59190369
1.75136253
20.78941145
-5.28412446
10.45319326
0.68616715
28.52301779
4.14268266
32.72948313
-0.02457676
1.66908823
0.00000000
2.21542319
-14.35119917
5.08678685
-10.08535522
-4.65780842
28.15392332
2.73460549
-4.39651675
7.34340426
37.23694395
11.77776278
-25.89557584
-9.08282722
13.87960912
17.37482338
15.77035937
53.19613880
20.09643369
34.11912197
7.25826517
6.80485171
4.46002032
-8.36072732
-2.70973327
-2.41571564
13.06551111
0.23625996
1.95694185
-21.11499551
-16.59296317
34.01505673
-20.41306352
8.58695933
