-15.84776151
-4.81322846
-19.01036020
32.30729140
5.28011643
13.65491961
2.38313849
9.95691115
5.62351252
-12.56110133
5.24185292
6.59808116
30.78203595
22.62541319
-1.89876324
-3.86339896
33.61139216
13.00101464
21.23317830
37.28820505
3.03061447
-24.11753825
35.68279477
7.84827548
19.01809561
16.56227729
9.70068153
10.30179192
-1.07127954
22.94883397
-18.85796558
2.16524627
63.67163115
18.24930756
3.75348664
21.56246009
20.93082589
20.10134283
29.02366764
-9.43786323
14.13105165
0.00000000
-0.59435609
-6.02365614
23.56044088
3.80545229
1.15594048
6.48887677
16.52177233
7.01177844
9.59381320
-19.11435641
15.88126754
-10.79554776
-7.14659945
-34.87469479
12.63899293
0.28464725
28.42221325
7.93545953
0.43441736
5.77219268
43.63378285
-4.51883497
33.01940002
25.35971007
-13.97408211
6.53839796
2.25115061
-3.31693681
3.19829007
4.32886596
10.54179223
5.47868644
43.37753054
10.26355169
-6.89893230
-17.08726777
66.63027716
12.86113223
5.25628756
-2.39745932
10.49714939
7.39607333
12.95756923
24.06229415
50.57737577
1.62825377
23.98795230
15.50501621
-10.15320323
53.53558527
79.98360972
-2.10436733
38.31084289
-12.47768035
11.15821377
10.16502106
6.17395316
47.88488083
75.73374630
8.57543854
20.95870112
11.86883373
20.23328924
-8.58641004
8.78503283
59.73164197
24.12440876
3.76572644
34.50768227
3.47634169
-17.87454090
24.11404585
18.75915633
24.81315949
0.00000000
20.06805596
-9.21368114
15.81133259
8.28223450
5.05247003
-8.75381316
0.34079389
25.92567795
4.04614293
-13.63802736
25.45369438
-3.50813402
-14.77174267
40.35145717
17.02863219
24.36025279
25.16300349
-0.52879643
13.22906272
2.23823152
42.23999082
-1.81183520
8.85806475
26.89623490
4.55690645
18.64090071
29.70778652
-14.91933497
-17.25103661
15.83091159
-4.43214199
10.61127139
31.39448183
