42.22200638
-2.31128040
17.16910382
6.26644592
44.18428850
12.20830843
21.09578753
-6.32330024
35.00669509
59.52953264
-7.81292107
5.02155845
-19.35949309
-31.94786288
-3.96679678
8.27499158
-11.14550277
-1.83558713
-41.87565111
-34.84355152
-16.79734313
2.50568048
-6.65374834
4.55842062
-6.71574800
-26.43475717
-4.24244799
15.27042921
7.46418482
20.99879922
32.06520825
5.50187814
-5.91318261
-34.67555210
-4.24087501
-22.97303832
-19.11606275
-57.94116698
-31.29226637
-9.33994322
-0.31427041
0.00000000
-32.33174578
-4.04713158
-27.28099684
1.30724739
11.51933799
-6.51809731
-8.87960036
1.25669558
-0.47103726
-13.07682755
4.35555555
-3.78082861
5.75317790
-57.53339958
2.73704171
-26.22166594
-29.55249529
-28.94884147
5.30635693
-8.79820904
-5.43183006
14.55231141
8.17478565
19.09716598
18.26957813
4.48804948
12.44129522
-4.09198175
37.38886840
18.72691307
-22.49346366
-22.47567064
-15.09964793
-9.58119113
35.93458460
23.58571825
-9.91781402
1.33191067
6.04849241
6.62282997
2.05392727
9.93647964
28.43899332
-52.91941487
-3.01943475
-2.16708271
-0.15998033
-19.77919099
3.10103477
-4.10833624
-16.30871973
-47.00511165
-92.06004736
11.39062759
-18.38452306
-2.01206957
-11.39163968
-31.34087091
-41.64671477
-2.89065805
24.32875670
7.76456986
7.55333452
-2.54400283
22.81856346
-29.72475771
-57.78148725
-31.44753526
-39.40567803
-10.96133276
-26.21805214
-23.95166027
-40.47469033
-11.67418867
0.00000000
-0.97488574
11.29343540
-26.30719975
7.85832058
1.57359818
-30.65825471
-2.68463001
2.11994995
8.63224571
12.04982245
-2.41439137
-14.22312529
3.57029279
-48.27459692
5.06136524
-29.17200740
-66.10593186
-35.86948429
2.59317169
-4.75680176
-33.31055752
-12.48554115
-16.50871645
-19.78028957
-1.82809351
7.73702786
0.04208891
5.76097480
23.82244952
13.03591220
-7.05644527
-43.54178327
-22.23076086
