47.05540311
52.46096378
-3.61751411
13.61872668
54.86394946
15.58878846
10.02170065
11.01223774
14.56321748
24.27187899
14.13815342
8.32135322
45.66686506
-3.00466554
35.88479780
20.23755528
22.70189724
7.25408086
49.33872265
18.53728421
38.14405941
22.79217879
32.01034372
42.68499440
27.33279740
15.78897944
31.94418898
6.97263919
5.07453669
32.60912587
-6.70672627
25.07328152
37.90742166
25.28909326
42.63452042
30.49802005
31.07180448
16.17259050
34.45941697
-28.76431032
3.64699105
0.00000000
-4.97227151
23.11466290
35.51960417
6.09561393
9.09092796
19.88024931
23.53187477
-3.27546509
37.53843121
29.22822974
14.35846805
17.30509314
12.17623656
14.96047343
27.42923605
64.52810833
83.65441284
24.52968771
14.49670001
18.21477762
38.87310168
19.09826669
15.62577002
29.93116522
4.97143128
7.81036053
10.09886256
12.23914530
27.03294979
12.78015635
17.95887749
25.75179448
32.47877765
51.31763411
40.46764780
5.31493865
52.62259526
106.60580601
16.02791879
10.95387352
8.89006344
10.45285116
33.86398540
61.43387413
41.33974115
38.37486869
5.93612622
21.84809523
17.86294361
27.73799150
34.71613140
9.66804258
63.62768776
39.49774966
30.75275252
19.92923714
37.45784496
14.63191101
0.83119719
41.43914428
-7.54703435
11.87796809
25.46143838
19.73019080
20.09839100
75.81474157
72.56024956
32.34122443
56.95335830
32.97490727
33.21900771
-5.49497010
12.87111364
18.29905872
0.00000000
49.77754091
14.39751320
35.24292924
7.16379460
8.08735552
39.89431963
18.77977751
0.55508527
20.50570714
26.33941363
15.41042804
24.80161117
13.87140573
-7.19892995
34.04735299
60.28091639
86.87966360
14.50106292
29.82219626
16.95150219
8.45967244
31.27573087
21.59950930
33.12223603
1.65725875
11.76181633
11.46576807
11.50899436
25.56724267
8.17894916
34.68968430
49.32740938
45.47963239
