-2.39414270
83.24594721
0.21244843
33.92028519
-7.08389448
9.06043919
4.94919307
9.44425720
12.13624918
13.79263318
55.33206938
-4.67607225
19.56933350
43.33966122
6.52295592
2.94189778
5.28882633
9.77199993
113.57571767
191.33765393
85.07131064
55.66718001
-0.07533193
-11.22219205
20.75692518
18.96268976
33.42454679
-11.44246256
-9.67105314
5.77871205
8.21555879
-16.84460587
38.24022174
32.84037079
28.85669677
39.70687309
37.91995468
21.82635733
13.51619247
3.30255625
26.80363144
0.00000000
60.19927768
0.79154245
28.39889278
-2.05552890
-0.98039647
-3.82810615
23.72119736
14.95619406
12.78625663
68.00476468
16.95559126
-7.12628649
-1.38378417
32.01017297
68.88518940
246.84504375
236.96178192
116.72112265
88.91126432
42.43640837
13.82608175
-16.56217851
-2.44603058
22.98138951
12.17865945
10.62924914
21.72852884
7.64337941
-5.57464836
16.69312781
45.19852152
26.00446172
32.58194257
2.55244219
171.08060402
-36.67536805
-1.05144958
0.75834191
-13.89641877
-6.63731035
3.26555459
11.68685154
12.90465949
18.51920103
24.50558361
-6.25946079
-18.04230228
-15.66302873
-13.02824093
44.60800791
25.98927896
127.46016254
71.33882997
58.16366743
11.30469614
5.66679974
0.92422938
6.48434879
22.62113936
10.15560010
-45.10118725
-14.10244648
-4.72554792
25.26082193
-3.04977842
57.07311657
43.90643032
-2.53533695
50.41513133
27.31881774
26.04721355
12.14131842
27.80687689
8.07124490
0.00000000
76.06223350
-15.66162993
22.88647054
-10.21546856
7.88594992
-10.00683568
17.09452548
9.27836472
9.69349764
47.53653014
23.61287346
-26.23005693
-8.66196947
7.00680300
34.54871306
182.31623038
167.44318935
59.80263890
26.80714544
35.24989474
15.28044121
-11.97044842
25.72210990
25.28872567
5.41039153
1.13287626
7.23255413
-20.56086708
15.50971149
10.93254401
31.92546566
36.84999803
50.65881328
