37.30788936
6.16419710
24.28114915
18.22822719
25.79819885
11.58884278
-3.20664580
3.40015394
17.50127205
-5.97904245
63.01529755
20.16823820
41.11557267
44.65339462
15.82722297
13.29964319
14.50677520
19.69968459
1.76118047
61.97320518
1.31721084
21.26498434
22.83086241
32.60622619
-5.25412660
14.00257597
17.55697133
41.29002041
18.47529863
3.04066883
13.64450263
24.97656143
8.99362580
34.95205806
47.29768934
11.86543708
0.33025090
22.47421358
5.28763695
2.33960097
4.25103009
0.00000000
2.96375792
32.30935934
7.71040186
17.97448809
6.31820023
17.10597539
4.19062162
5.97454390
19.77343774
-9.01672146
-8.85867840
11.14962963
7.82917524
46.35593373
-23.82545041
-49.15261668
6.31309511
41.84368892
-4.95854602
-12.44312424
56.72993096
8.32695566
21.07615113
3.64461120
-3.26495669
-8.59955387
-15.61420356
0.52618570
31.12659785
3.38213378
2.63331939
10.70973877
17.74858015
12.40956935
25.11258375
20.98440705
14.01750985
48.04250883
11.15757761
-1.49623776
5.16791241
11.49532186
-9.89680794
57.56686683
26.40973253
69.52440499
76.50152583
18.48293141
30.35770681
5.45228468
-4.27777630
-42.99648020
47.98661351
18.39658355
8.46889327
10.96415586
48.37646936
25.95160654
13.50178115
-5.10136357
43.82327980
22.42196657
-1.90366793
0.65597718
4.74054238
-4.58929300
48.08322308
31.40654761
32.75849737
11.13737510
41.48084816
37.70546424
7.96590009
-0.74710653
0.00000000
23.62350813
50.12202936
-7.45666700
14.85490289
-3.45208322
17.39257484
15.05432442
-2.63884654
19.23399170
-6.23608694
-15.66461252
20.32614627
6.44639409
42.50884562
-34.21662966
-53.10171748
4.25672199
10.19864334
-16.75389700
-24.77462829
65.58738603
15.19852704
28.83042473
7.98801224
-3.49135998
-7.56599306
0.61349909
-2.34259087
13.88339978
8.21461135
17.20315226
30.92241597
14.37299032
