-5.57730813
34.34895816
-10.10592418
-32.70982705
-7.63466548
13.24965339
-3.00263850
-2.43459318
-8.12160424
17.50478949
-4.20891163
-36.59349140
-25.33535359
-0.10688306
3.58366982
-5.79327257
-5.14170955
-7.38885969
104.17598755
89.31053381
56.41443520
18.88524962
6.43189711
3.16282314
83.13414470
-28.12549524
66.08542203
-17.97676589
-8.68385166
46.07556476
27.89226877
-2.41255116
36.41863560
11.35945100
38.79233518
-20.99585827
19.24006214
-12.97324522
-23.74698185
-1.21894703
-10.09510708
0.00000000
-6.80333771
6.97980065
21.54399007
-3.82795940
8.22549257
-2.66475760
18.40444102
-7.15881028
18.01046709
42.70768658
7.23982232
-3.12680686
17.07999121
-39.30446473
52.12993132
123.00288202
156.01452545
29.37936612
29.02491118
38.77955599
14.80897641
18.27405019
12.49924612
32.63791486
6.79606912
-6.17893585
-5.84537281
22.42665654
30.48565240
6.29465184
14.33935719
1.73738784
35.22752891
16.58679121
43.85240357
-11.07178224
-58.29245950
11.59847772
4.26803550
-1.09586976
1.79465457
-1.85821331
32.54757870
22.02653070
-26.25827816
-1.99227638
17.40847395
8.70759496
-4.00359209
-12.91352542
-16.26659949
139.33712615
16.47787799
52.74233865
25.41333126
-0.58171308
31.74336058
-2.67003081
-30.60116475
50.80032347
-12.63526472
13.86443993
37.70924838
10.22238322
13.73499294
5.20338663
-13.41475498
-17.52841620
-15.59113439
34.26938377
-2.74705057
-20.03036952
-6.52833382
-14.48140673
0.00000000
32.91016321
15.01535230
19.69214015
2.30725317
-1.56250228
-18.72435583
13.76751377
-16.75126353
10.28730613
7.65516702
43.77178467
-3.78859347
14.92487544
-33.15500214
57.48195559
150.50811453
171.96389983
48.71702110
57.61175516
29.88191862
42.08514680
-10.73659099
38.53823754
36.80971404
-0.19127294
-2.76623243
0.62532450
8.68656864
24.70232772
12.70385197
33.87601539
16.88125601
-6.78249661
