80.10102889
27.57421436
-4.47733917
2.65458531
35.44260236
9.82820193
-11.64439683
-3.09121499
9.42487275
-5.09540434
-7.07466377
14.35190414
65.83956410
46.35033285
13.27627561
15.89789419
10.64511177
-0.88169448
65.60695253
-1.22278734
-7.99697271
1.66304290
-9.04393008
46.96228381
-10.88764822
10.90013468
-31.61148822
-7.53049468
-7.51627739
-25.34210524
26.34906860
7.76259376
11.27219347
14.02761531
3.85362629
-2.88991913
-16.98177500
33.04705874
26.94674874
6.48319496
-0.80895053
0.00000000
6.04880007
6.42687694
4.77707050
-6.92904705
-15.33643249
-0.00463148
4.91724144
-8.91107697
-16.44869318
32.77552581
13.34282666
7.54572277
8.72662096
52.54421199
-21.00748024
20.04989324
-50.17528344
16.80256581
-25.49378169
-2.95111873
33.95313174
16.69394289
30.18134853
-11.75168594
2.73080935
-15.31231286
2.22799817
-12.34229897
23.92939360
-7.78868758
8.62218795
17.30592668
-8.49860328
99.12902999
16.49760550
8.89289923
-18.47754176
72.89502340
7.21325816
-8.68282884
-5.51662697
1.48818748
-7.07533772
9.47255383
-9.75595801
18.18805911
60.18226307
13.11344863
13.34021834
-19.16843640
-31.06544188
-3.28276726
-10.81595095
-15.83325971
-4.33036478
-11.51674656
66.62672364
-6.20481431
-18.50242858
-43.92834194
-36.16850608
-16.02645903
-20.86194955
19.52911696
19.19112632
0.90785179
8.50957668
8.04814393
-11.77148505
0.25953284
13.76760474
7.90242451
-12.30104999
-4.67408119
0.00000000
-7.95097294
33.11772965
-4.58376172
-10.68131491
-10.29255467
18.61627218
5.60057670
-18.69878660
-7.68931463
-1.09518345
-3.66584304
17.56164064
9.38686314
16.59917315
-37.87067092
27.44193455
-15.40413108
-31.00616470
-17.40964635
-4.74932879
41.16411714
19.25836347
49.10889347
-17.29353874
-2.17627303
-36.26654598
-29.48355317
-10.63303962
35.25836492
-0.88494423
15.44467699
7.77005379
-14.01536220
