-22.56488686
8.57658132
-41.38884053
-25.34475130
-23.19677248
-12.51291303
-19.49436360
-14.07615116
-32.91419840
-57.74329684
-8.33721135
-20.37760435
-30.38440290
1.71183168
-27.07527178
-12.08392272
-15.63213426
-1.99818886
-2.02218838
31.03017867
-0.16291621
-12.16916693
-7.78648070
-32.26497042
-54.49171894
-41.39681968
-35.91024099
-34.75613062
-22.28673670
-54.37185529
-22.77139946
1.05527720
-42.44985385
7.21228907
-8.59226062
2.80005201
-14.19640390
-5.21908660
25.81440072
-10.70442740
-5.79618892
0.00000000
36.65587077
3.21601544
-1.49898225
-10.57874908
-21.98330109
-5.71121324
-11.97521557
-0.82799541
-17.35241698
20.81367360
9.57412779
-16.38164197
-23.73148405
-46.94313237
-24.46038798
64.36216797
60.24258946
14.31454748
-22.50228415
3.11942268
-27.62033492
-12.50790116
-8.06615651
-24.19248827
-34.43332988
-34.36049530
1.70272546
-15.06586617
-27.53567574
-14.87979430
-21.97450427
-9.73244939
-12.67777541
-56.56008244
-14.47667638
-66.05895401
-48.31681684
-35.20723381
-9.37897048
-15.95120078
-10.36396428
-39.38141610
-36.89988843
-26.22899575
-62.06674466
-33.56126484
-15.72605277
-72.19227096
-29.70773969
-18.33086442
-24.81821840
-8.22976160
-3.64503110
-8.52866963
-3.10098046
-0.87262273
-37.95628026
-91.83823127
-63.84971715
-53.50805139
-52.90208452
-16.03970692
-43.10801071
-12.64913376
-24.60461139
-32.95515206
-2.88767629
10.74319510
-52.50599077
-30.31141568
-38.58653382
-30.24564693
6.88997397
-11.86456277
0.00000000
7.05136362
-10.88353253
0.20204338
-16.12797941
-18.40788083
-12.16875087
-1.06079098
-13.88705604
-7.45268543
-5.47524981
-22.75207757
-44.41581680
-33.07200625
-81.07077278
-38.96802161
33.73896508
62.79390608
4.23645973
-20.24265734
5.28764815
-41.43821667
-3.85858661
-7.84540671
-3.35078196
-10.40585010
-33.08294383
-35.03889448
-11.70792762
-26.44584583
-39.13402448
-22.47949333
-40.49062971
-19.03157957
