-50.58336194
21.63631674
7.29919790
1.52409514
-7.38132147
12.62092119
9.14983780
24.54007392
32.15662095
24.67137034
4.41333387
48.87565178
-24.86519306
-5.75620151
20.96953813
-5.65806921
12.73449779
22.44424345
-31.51287489
-12.33288731
-1.64376090
7.31404051
21.94017998
-13.79485758
5.57559112
30.71030694
-45.68177032
-8.01371895
-10.55038758
14.84638840
-18.97344090
15.10209057
-13.27088186
-4.65223210
11.94217536
12.76405468
10.42403178
10.53099395
-17.71361631
32.10616235
7.90977551
0.00000000
18.87689722
2.70158816
10.80442417
8.54741103
3.15303265
29.38379184
12.35134232
14.81369725
18.26941103
-2.56238487
21.20220414
-0.52655644
-0.02377700
0.12848282
0.36360791
-15.26202958
-35.85339432
-19.09935631
14.89818042
-0.10065184
28.87722100
5.69075269
13.15587603
23.79422311
21.53063936
6.06989885
24.48950635
-13.74119185
3.66784468
18.37974112
-0.54420333
6.39258745
16.95194805
-19.31312596
-20.41479020
-12.95816778
12.12227910
25.76038826
15.92906433
13.81881371
11.71985184
38.42208955
28.55477635
17.18314553
48.78088512
-14.21707006
59.53334643
66.79064853
9.62230139
11.12844194
35.70772462
-53.43996762
15.69719134
-11.09545016
5.93114627
-0.82559763
17.45783105
62.87630815
31.89604383
-22.25086669
-0.92215173
-17.26470792
21.91280779
-17.71546209
11.70077311
3.08459399
12.88549587
19.09357804
0.56899440
2.72822316
-2.32393350
2.00793134
52.68392666
0.27866200
0.00000000
57.85724685
-1.71426864
2.40521932
4.02077129
13.83804330
15.68219728
25.64863018
9.87028373
9.27815817
6.94500115
51.72140269
34.94980954
11.06199717
77.22991576
4.98574903
-51.34240998
-75.68252477
-34.69208003
-0.71982853
-7.46990783
37.04367976
11.34898059
10.34718804
3.55113280
13.94442452
7.05652032
15.55620001
6.89408808
2.94610153
24.07137595
-1.73892961
24.51792456
5.30897069
