25.87131903
41.39147826
25.50409677
36.31458763
3.03831918
22.51300219
24.28544495
25.20202585
18.76398291
11.85404322
50.15440688
71.40146610
35.85478716
37.94101507
42.45515099
25.98944597
16.72717286
15.56911547
57.97601203
65.71749511
31.97610452
42.88622259
11.88422981
17.80305543
44.92682306
56.86153714
70.34187780
61.85095217
60.21607692
46.84396583
-2.33243854
-10.81568675
23.62710172
25.19585707
35.37555582
17.35497052
24.20568001
22.00614508
19.90049975
50.35371394
17.39339589
0.00000000
21.73123210
3.95644712
30.65929297
40.97911518
26.03530019
27.84171158
27.25642160
25.57544430
9.41530686
47.45788575
17.78715472
32.44520579
17.67455298
34.03755638
51.89788974
50.48683823
54.36981923
28.64818400
29.09727349
26.47203350
36.84792810
8.51445402
18.72896842
22.48455573
15.84427843
38.60029274
26.04801800
26.76444141
12.98018478
11.69095606
14.80790059
15.26277205
17.16173717
15.79416821
72.63578091
36.95119425
32.23276826
27.98108928
10.92702050
12.01369357
18.59716700
22.72247805
29.54364110
79.52169145
32.99455060
17.77443507
10.85879979
49.80491372
18.52880991
-15.62190301
9.56922523
55.51018805
53.97111192
48.64965043
35.18738553
-1.52305762
8.36848496
39.52740690
57.50362622
65.10537906
66.03386902
45.86993134
40.47447549
1.84829555
7.82736395
18.22969617
9.40808647
-2.58889925
58.69737310
19.24498342
10.16430000
30.46648282
36.73821218
21.24458760
0.00000000
62.42770999
-8.37874526
27.01651704
36.79754075
19.83969927
18.52942035
19.35396091
23.64396483
-0.51518876
44.19895551
33.35075863
34.67139852
26.41464296
50.93914823
55.99675019
69.89110234
48.51136868
16.25633033
23.19696215
9.94579772
38.02794823
-1.18404923
-8.46350837
30.83335479
10.87319991
40.94690834
44.07970466
31.64455540
20.09770586
18.14129887
0.74480763
8.79407895
31.96540433
