-1.20872423
10.19103272
-34.22881969
-3.71863843
3.86799088
-6.59147429
-12.44740760
-12.32799815
-15.38954320
-31.68142199
-18.55472877
0.10335616
-4.44857996
7.49336639
-5.17681466
-10.40003068
3.14206810
14.96407937
15.24082450
-41.83100997
-38.09885294
-18.60232508
-5.75750562
7.64989875
17.55750317
7.23974930
-27.86521246
-34.15091716
-29.39644612
-15.89478452
1.96164181
20.81609424
-22.37698492
-1.41499634
-25.30724261
-12.93771914
-0.95655253
15.57420625
-7.53580856
8.11830546
-3.04444831
0.00000000
17.51272108
18.27734964
-27.94634575
-15.81340568
-20.51762645
-4.18982173
-17.73587312
-6.48920705
-2.55252597
1.80998900
5.95284154
-12.82608100
4.04890065
29.77907294
-1.23352958
-6.23428773
-19.34058444
-14.15396622
-14.06641902
0.95618450
29.43531513
11.78385669
1.23488262
-6.90648696
-26.25910189
-13.16509479
0.90026994
-14.81850371
10.83713901
-11.56102938
8.73973989
-0.27126335
-22.67891244
-34.98211733
-53.34790472
-34.02715725
-25.40370145
-60.66707201
3.49338902
-6.36176232
-11.71167922
-17.22289832
-31.65279857
11.23588014
-12.92482860
35.24541909
-9.23680835
-22.47718430
-21.62441096
-36.50141435
-5.99764423
-42.00448834
37.56438639
-48.94013349
6.29473608
12.89352922
1.22046342
1.33957913
-20.80699512
-19.50175117
-53.82078536
-25.45046825
-19.53612746
-3.79440677
11.20908960
-12.84311021
-21.52837611
9.06949207
-47.45206965
-14.79395154
-15.30736675
2.22742277
-20.10112374
-22.34823666
0.00000000
-11.07608258
2.11919278
2.62140904
-25.65605738
-18.58371470
6.93066319
-27.67911052
1.19642941
-7.55423396
-14.64591794
-22.01128243
-21.70769891
-15.56591204
-11.30863865
-4.08254995
-71.13353002
-18.23830572
-16.17368464
-15.89169526
5.58061337
39.18025533
22.09628932
-0.41966433
0.74420325
-11.83509809
-33.14639067
-24.57334432
-25.57240945
9.14878419
-19.76379561
-6.01886405
-15.32487152
-36.43204565
