30.53332632
-8.73405245
4.17569764
24.47398825
16.09603421
-2.17227623
7.63375778
3.36850425
8.03834194
7.56388111
11.48364936
17.06875092
24.46376722
-1.00585638
16.65643933
8.23038716
-3.37930939
0.00236342
-23.75892567
-17.32434199
8.54328348
10.68838752
1.71476317
16.15118973
4.41590483
26.28710088
29.87328563
31.94387751
36.25244187
21.95778775
10.75191439
-19.71531451
22.28335101
1.80496488
-13.12949251
6.43516113
15.26275430
16.45835753
-0.39890098
0.00814634
3.15110382
0.00000000
-2.62903225
0.02587200
7.22443132
12.05288462
12.63107956
3.91139818
-2.99749121
0.50923421
10.72137848
-7.38253257
-2.11782108
14.28801869
11.80532322
-6.30840075
16.01904520
-4.58149733
-5.81868369
-6.79951666
11.68135974
4.82118575
-14.35263273
0.38867105
2.43142719
8.84388823
5.77480940
20.74250422
3.66240018
16.31150664
3.78336263
8.22418067
16.89637458
1.57721711
-8.38531867
49.94377364
5.07829080
17.50737185
31.38447251
22.90468803
0.96559640
3.96311822
-2.93927936
9.45367494
-0.38125613
26.18692090
14.27708526
23.52905531
-9.80170105
11.80464744
9.33900746
4.28095373
-8.76654249
-13.62242638
-8.46977417
7.96507389
5.79952630
-2.07256984
-0.56149879
31.96294053
36.82976179
13.01042539
20.10896263
7.61098369
17.14888034
17.60338576
-0.85551106
31.45894359
15.19327285
4.91627912
49.58220204
21.38800781
21.09670042
-3.42195242
-18.11324395
10.34012253
0.00000000
-5.93403957
11.44265807
7.84283642
4.46969646
4.64349383
-4.24870615
16.00827197
1.33414274
11.12168791
9.75724872
1.91058681
13.16283101
14.62899631
24.60040847
15.55531130
-36.19938645
-20.40276707
0.78637292
8.91573834
13.04536890
-10.99031529
6.90120766
-12.40091512
6.95531840
3.34071327
10.85782812
16.73554843
3.96208750
5.55718441
11.23750422
19.65742344
22.06953487
29.92190257
