49.52915830
59.02492261
-5.08501262
-2.08685194
46.66724607
19.40217723
0.97796717
7.55134999
8.81864030
2.90671789
9.19982220
12.49963161
36.60976671
31.63620785
2.56898400
15.26083549
11.60851864
13.23343332
56.29307516
23.75266504
1.05516677
-7.39202752
-2.75578667
15.38586709
-1.22513662
-1.39078780
-7.03430698
-5.23196447
-10.14146997
3.97089545
13.87551319
10.09694155
7.97797849
14.79050944
-7.92988325
22.97845650
-12.66862725
16.78038560
15.92591804
13.38313657
0.61842888
0.00000000
31.33775758
3.88483085
-2.30962097
-3.29985688
14.62929675
5.29890892
6.84775531
-7.87713363
-1.77406833
36.32762579
9.68212982
3.88404806
4.17647905
11.91441789
-14.22210022
54.73350176
22.91564194
10.17210898
0.26381192
-1.09490349
15.62650285
9.24469566
-4.33068989
13.95180944
8.35634245
-5.89197149
7.63665215
-14.46489947
15.02972362
11.83772558
-3.47746079
10.30995190
2.89839145
-21.81616226
43.23435883
-6.76911591
-13.83110164
-0.94841021
5.36125554
-2.96375579
4.04632458
-2.64810749
-20.71182374
11.99298943
-2.24434143
29.79626344
19.09534089
-31.64138817
4.45407102
4.02548602
-5.37904562
25.97699973
25.25415735
19.65504302
-5.33361055
1.39033522
-12.72982551
-23.06807550
-3.77450054
-9.45087251
4.24109454
-2.88848526
-4.95910440
9.60991868
0.61313364
-3.00870544
16.92758684
-6.10619856
13.38088224
-7.94984790
20.88250764
2.87911089
-9.05751232
-0.61383201
0.00000000
17.29959049
16.97314740
-9.75757906
2.99976698
9.65515181
6.11800305
3.42027123
-12.93354508
-4.29217072
-2.70953432
-17.95103231
-12.44505360
3.58136308
-17.78209781
-17.43679440
30.36831191
12.05531152
23.96173748
-6.09867733
0.72082027
-33.69473642
-4.06490170
-3.06135281
7.55892030
-0.85347657
-4.60103428
-20.09414920
-10.43000131
8.00226336
1.65192845
-7.30153661
21.75462651
-20.33366315
