60.63667537
20.16711413
-21.87496455
-31.17292904
61.25921321
-3.98468253
-10.05263845
-16.08325580
3.43389908
9.62507726
7.80520028
-1.22610189
31.19563045
27.82557233
-5.72459473
19.64042335
-10.50273415
-20.59385665
28.20243514
19.77303780
-40.35143027
-19.16604569
-12.99810437
10.90228727
-43.16923287
-47.01431402
-34.67315718
-33.83583900
-33.98663189
0.77882417
18.80048202
-6.35799917
-34.65030909
9.88226496
-15.65112747
-41.19048481
-20.63370964
4.49639119
23.76225264
-18.58694304
-13.51498752
0.00000000
-46.25676078
2.83429797
-6.66732111
-19.68725135
-22.10585403
-15.39576203
-1.27896335
-18.29816591
-13.43295671
59.08319599
-6.06656942
-11.80394985
-8.72493979
-10.79861216
-43.29924190
-10.99137312
-36.81540512
-28.76905022
-34.21550953
-27.23619934
0.75897430
-17.89111233
-11.68974306
-12.30423703
3.26744755
-51.27357878
-10.55837210
-29.07840057
-1.42347947
-6.13007765
-8.07386614
-12.71191965
-18.99710993
49.52503022
-22.43765977
6.78996425
25.22083030
26.43475278
-2.18310518
-14.37053447
-11.77518652
2.59330410
-10.83944084
-11.10276112
-52.06112995
66.19624280
5.22083975
-21.24383253
2.25977925
12.06846373
-8.03025718
-41.25317509
-6.34086932
-38.43486815
-2.96253644
2.77423149
1.83961108
-53.69243356
-38.80163241
-37.72928484
-13.56682739
-16.20288582
-16.83695871
17.64412749
-3.50448097
-0.67267261
-20.19056141
-12.63191498
-45.50595964
-51.20517047
-29.06276334
-5.67523340
-47.36210615
-29.98174872
0.00000000
-3.83888539
21.25264606
-2.43979953
-20.69680324
-19.73103856
2.73425973
-11.32459847
-23.61973734
-26.60308081
-0.92898838
-32.42785387
-14.30773872
-10.32372882
-12.00219752
-39.60259184
-8.14320265
-20.23668988
-31.97537679
-48.86315530
-6.41768031
-23.02866436
-16.52009303
-18.75852774
-4.76235850
-10.74409633
-31.96149706
-34.46854049
-33.23167926
27.80614485
-0.41169324
-51.51429326
-21.17700004
-16.68716246
