0.66727904
-21.35095108
-20.97300981
-1.43467194
0.37389503
2.10262788
-6.60551580
-3.37503044
22.94790703
14.34293543
17.44388798
-5.20183013
-25.31526481
-10.40504072
-6.68844277
-3.52664625
-8.24213916
-4.73168360
11.35852325
18.19487352
-18.89177119
8.11818755
-10.21961832
-13.42165089
32.79017777
-0.30155659
-22.10698079
-6.78291675
-23.98461748
3.42879137
-15.37817212
-23.06787581
-9.84958996
-19.80914198
8.18753427
-16.10532674
-16.52400717
-22.82765338
-21.80725038
7.80266223
2.25226349
0.00000000
16.64948472
5.71166562
7.08650738
-10.11720575
-2.84496354
-7.59792120
-10.55494493
-4.71840312
-2.71895069
22.05403283
-1.70579852
-1.92216136
-4.54679150
36.26955234
16.95916790
18.55845220
2.55011553
12.69599592
1.62289181
-5.15161856
14.77302510
-18.44643298
-21.52039553
5.87604408
18.07939187
3.64997891
0.81278711
-0.90466958
-11.64419251
9.83778858
-7.87373756
3.67965706
-5.65090694
-0.06264551
-7.41875428
-46.60798232
-26.19200827
-21.06622621
-11.83210767
-4.06283539
-0.02152468
9.76091589
9.12756357
4.46332593
-50.18948692
-79.46365059
-85.87084396
-6.18369046
-17.99423366
2.15344133
-3.10702990
4.29251128
1.64568083
-20.44916810
2.81006433
-10.78909746
-28.49424556
11.00723886
-28.90311328
-11.83197724
-25.18112849
-5.48314652
-5.83680605
-3.96233766
-11.24861111
17.65839853
-5.83327621
-19.80498821
-33.55347840
-4.77260272
-8.79098097
-29.93466977
-68.62211051
-21.45031533
0.00000000
5.99331321
0.53562172
-8.35487156
8.19215242
-3.33710705
4.09457734
-7.62974604
-14.91122106
-5.69261989
6.72835685
-0.67661378
-16.86824599
-16.74015409
18.18983596
15.27645605
11.55658062
-15.61431706
-25.57536359
-0.84272774
-9.93688276
-79.26720146
-20.68315152
-17.76120716
4.01852573
9.88363407
1.96532505
-19.06029152
-7.34700604
-8.41194350
11.03399079
-1.73532099
-13.30565831
-3.41625259
