-2.21034767
-72.75938058
-30.43545470
-13.81609419
2.84491991
-5.27524986
-21.96256858
-23.49681003
-9.26728184
-25.28048223
-23.17466893
-32.64486642
1.54250066
14.94657078
-19.87438770
-5.33842966
-7.17428980
-9.87927090
-78.63365895
-20.94767001
-8.13008974
7.19035330
-1.17261913
-6.07636618
26.78335109
-3.44624842
-26.61192857
-30.95299924
-32.39920735
-21.40602634
19.20601896
20.16923532
22.79099408
-0.13356477
6.85273611
25.74113410
-15.10121282
-5.40954690
25.28190932
-6.30493051
2.73535336
0.00000000
-16.60829347
-6.36112561
-21.83960909
-16.44887474
-21.28048368
7.15380746
12.23415618
-15.55058985
-5.08370024
-43.58125059
-8.32614253
-10.95025091
1.11115282
27.95174988
-7.17735215
-89.28568015
36.43591716
-23.72535450
-16.10110405
-5.55360400
10.75127719
3.02528655
-9.18297706
-20.08804730
-16.70984470
-24.74404912
-4.28814586
-3.91553880
15.13319370
-1.80202285
-19.00900850
13.02611650
15.16004082
-1.76596525
-32.77866531
-35.78735181
-41.87101469
10.89002212
0.01169904
-12.40414222
-12.88748696
-4.83004333
-12.07014220
-30.09315488
-18.15503833
-1.53818308
15.19554752
-18.02734374
-0.70072745
-10.39496789
-26.00791936
-9.79978649
-19.34679764
-18.13049603
-13.03936633
-5.09596586
3.64228818
37.74360702
-36.65506516
-48.20777874
-60.00242698
-31.85369466
-21.62988042
9.18244636
4.03410773
-11.70428550
7.34276777
7.54992534
-8.95765065
-2.48034441
17.98182450
6.99537217
16.74209652
-11.17176344
0.00000000
-3.50864101
22.42879504
-17.04299742
-22.68535097
-24.54423365
-7.98700366
13.29077893
-16.67884443
4.48038611
-16.27000667
-8.42033973
-11.12545640
-1.89596080
6.59981913
-19.76847365
-15.45828111
18.68404445
-62.48483045
-11.70774636
-11.88023778
2.23784333
-5.66468367
2.73888727
-12.68467579
-3.24016395
-30.78102932
-12.55513287
-17.45698189
0.52794664
1.80789766
11.43177742
29.36766786
10.43271325
