12.25489702
-42.56582543
7.94080407
13.59181804
20.15888055
9.51096858
14.03985377
-6.78588941
7.75761099
14.13825036
12.42782834
34.39787832
-27.51270539
42.61080995
1.23762128
32.45830573
-1.10659744
-17.07549631
-46.91288696
15.52083164
-45.27766823
-12.03200401
-2.98574938
-16.81051101
-30.24987679
-29.14097956
-7.87132540
6.96981392
14.88101419
11.97737680
-9.96497147
10.13908473
-19.07039797
9.15662672
4.53130430
-21.33333364
-32.00089613
-16.57497313
27.98857182
28.52641188
-6.10681950
0.00000000
-29.61561820
-6.40254522
9.32377796
15.52251821
-4.41251052
1.51328586
-4.38131440
3.29284921
-12.61268457
15.30421057
-8.86156386
-7.12352029
-2.14297110
-36.85218892
-37.54428577
-80.50200773
-45.51014083
-20.64480109
-40.88685519
-21.55699444
-6.39703289
-12.64752769
-21.69764456
-22.93832051
5.45355476
-34.07116037
2.24386673
-3.88583336
-10.25770855
1.88792735
-26.06930787
-6.78771235
-6.50371748
-19.27974876
-43.94982597
55.66492396
17.14741602
25.89101889
-2.39812299
1.05390109
-2.52219794
3.32096081
3.38693322
-19.48852870
-65.75899589
-48.45905404
-30.24689238
-18.15734821
13.96216349
-30.59626068
-29.67386752
-23.14860174
-53.94251084
-22.84191355
-9.59923659
-3.97296586
-41.74367826
-81.30686675
-55.91352372
-3.64866873
40.69561173
18.42298203
4.98601172
-22.36531448
-16.00744884
-72.74829441
-54.41646110
-2.47345708
-74.69674851
-28.26026272
-32.69182148
-27.93139184
-15.93042925
-20.57344300
0.00000000
-20.44135566
0.27380125
-0.16424413
13.78134176
-7.74638639
-7.89900901
-32.91675943
-11.19862337
-20.23404541
-0.31265912
-24.81088713
-19.98256024
-2.96195565
-45.63186257
-32.83375148
5.82383227
11.13149124
-6.93480126
-33.19597868
-24.16461662
-48.07676433
-18.30092095
-47.41010789
-10.05412359
-2.95707024
-14.26698582
-20.86522869
-2.02799828
-25.01884985
-1.66220815
-40.93734746
-50.26732669
-44.22651131
