-5.04762360
33.37771627
50.56927078
39.58026120
-2.02619208
7.84783967
15.52212730
23.03819789
22.50655581
48.45664555
110.78358225
34.89764612
-14.90385438
8.29882798
55.12560651
25.36801500
26.13078074
21.35977582
58.76281255
134.65083960
57.34862492
68.63601538
7.06302799
-11.26167349
85.80314932
65.64379021
73.62043982
70.04941087
53.72899543
76.57700912
-23.08264730
11.35214511
55.53500626
32.41746266
-5.72106010
28.22821555
16.35802453
22.60755861
6.03054673
18.13003877
39.26914942
0.00000000
40.59006235
-6.28974750
86.60354523
36.59556639
42.97785462
7.97336522
30.01892168
21.70752870
-8.28336088
51.77071038
38.98496803
29.05320794
18.45614810
41.18394380
61.05413280
78.49050873
91.64315866
43.79749670
46.64999521
38.09537402
45.10891528
-12.47360794
-11.75481187
58.82232100
31.17489661
65.11977841
37.22243537
45.43302016
-17.08169079
36.37048947
25.23244445
48.43440990
19.65818618
-3.57061875
81.07318014
77.70021217
63.08938309
7.68809143
2.97310970
13.95917513
19.52400588
28.53688186
62.37731535
87.19948693
21.76865520
-7.37297006
-28.75581832
52.08609944
8.34862067
59.11507830
40.65104128
149.42942226
93.73082467
71.26078703
89.10520605
21.26683235
-8.17731139
82.66652292
67.34073343
67.49587316
105.97254255
29.41426267
74.42689854
-9.36812677
3.07861849
39.06662782
1.90449719
16.31473113
69.94616378
21.56461724
25.43995402
4.92540376
33.78461231
55.15175344
0.00000000
97.90960849
-12.99670460
68.40791363
33.17461029
29.43669886
7.11363169
20.52361153
19.34221291
0.24019085
73.01058561
39.93393678
19.03689560
14.25615884
42.13966313
76.91993556
130.65245030
110.32097350
55.86593544
56.75418506
38.71023358
-6.08345024
0.48180408
-16.49425124
69.85984304
25.67544098
55.49767778
37.79431291
27.63565267
-34.73087592
39.82670999
29.78815351
36.41589616
44.18397316
