8.50141883
27.56782269
32.34522637
-7.57812619
18.82325353
25.88206385
8.43213993
20.10162184
19.23136027
27.30993498
41.63601054
-1.84085895
-6.71236537
-11.04851414
14.35345424
20.50394238
14.58680063
-2.02671989
41.04077292
99.74158211
36.32063961
33.24150392
-6.37434467
8.90151794
28.87847140
7.58553543
56.87359042
26.92749051
10.50201871
50.19361852
15.88378180
-8.25174674
10.46406447
6.86268995
24.78104216
0.14166316
12.77574860
23.08237523
-13.17939549
-40.26083472
10.18324828
0.00000000
8.29447456
12.41508099
35.64039421
8.94595765
20.62119465
-4.25962536
30.87795103
-5.55522161
-14.08690593
54.89451275
-10.59727572
25.84276024
11.68630827
18.18522086
14.89285885
72.63266743
47.20913817
2.14697650
29.48371878
8.90145740
-40.87099020
-1.77402427
4.62762028
43.87942777
19.88744248
13.65643960
0.37499258
3.23034084
15.41237554
17.04671202
7.36861040
29.07022705
-4.55263077
6.04532154
10.54158539
37.62402581
34.46294811
9.51738578
8.97285194
-0.12548691
5.73179260
15.46127558
10.69390524
19.05530953
0.21723095
18.06105658
-53.14124268
6.55260343
12.55987737
46.90146566
9.63492682
46.92634161
-4.37295611
19.01662260
13.54365342
-2.22332333
9.47656011
-11.38964770
21.55087890
55.08404081
59.99869610
28.09532718
40.16079059
31.01580280
0.72780319
53.41262098
-9.23081627
-10.26421190
7.26529444
20.09061006
7.10912408
-18.18180162
-22.75435649
33.09202964
0.00000000
-5.69081325
-3.53121578
26.10535502
20.69353717
16.53285674
11.02110060
16.65672223
-4.33126580
0.77367419
-1.03688262
-1.76631231
17.59854594
3.27878068
-26.91551892
17.46984483
44.63843030
47.28248126
55.98578524
21.92570506
-6.13688683
-33.57347687
17.02042923
18.82073490
32.92229931
6.78207033
26.98245597
-5.72786370
20.07305286
30.23996836
13.89608806
-0.95052400
-1.50609971
24.73303046
