-41.96519136
-7.93864970
26.63147624
19.15700421
-41.81779228
1.43088758
-2.34567284
7.54434721
-0.12059776
40.51419499
102.44894772
31.18254762
-27.74445313
34.09742366
32.45867670
3.60311072
13.10202494
14.03080899
41.23579368
183.84553523
65.02430224
52.77736833
5.76191419
-33.19928188
45.63801668
39.16113441
44.05622188
12.54302247
26.86527803
35.80759930
-34.72802237
10.74595206
35.56474307
27.56542383
9.55634321
24.71740111
5.01977282
-10.32758527
-4.05253514
33.68507697
27.35429125
0.00000000
22.41179362
-4.33527819
73.93748471
18.45769577
20.65970290
4.64987113
11.86304507
17.37367623
-12.14167383
63.83860233
31.31689044
11.46940974
0.30945955
22.52067316
54.14547385
120.54081805
167.52811816
59.57464395
65.68679842
60.01675633
36.13587969
-23.38329989
-21.38203274
35.88707082
21.46001922
32.30565518
38.62201493
39.34774129
-27.11000332
5.23410668
10.56373639
23.22136034
-1.44104588
-38.80501514
99.19007135
48.49875179
-26.57211783
-0.59656834
-12.84467961
-7.79143512
3.54234158
17.61182905
48.50901938
63.91983995
1.73488778
-89.67032253
-58.56178753
13.82576894
-21.11989824
20.50058454
35.81871088
180.21783379
80.32016450
87.89169761
77.90010217
22.11026032
-38.40923020
48.09572010
24.25477703
30.92579368
-0.04066305
-11.39104778
40.45443985
-24.53148153
-4.65745398
18.32879612
-12.94649901
25.08343070
24.85233507
26.99315149
4.84643399
-11.03653618
31.68413677
16.90649855
0.00000000
80.91497519
-13.55877906
57.38411289
-9.53146478
8.87970578
-3.16059088
-9.77717760
2.50776040
9.35782173
75.42437662
24.57520302
-16.35347637
-13.71574020
41.69390419
58.09517277
213.75179100
187.26642553
51.44660773
64.51716158
56.41318867
-25.73558870
-4.69576764
-30.60595732
49.28803963
21.23777576
8.43167039
18.80735456
-2.53805607
-58.16497647
22.87126665
31.03019124
4.17270009
35.83599949
