-87.66598519
-27.80851570
2.54267631
18.17383230
-48.71450535
4.48306723
-5.26161969
12.36831912
15.88550474
0.02054395
-85.22705246
-2.36225449
-50.46357544
-35.99915571
-22.67993065
-33.05460557
18.34403199
15.17553137
-107.13743767
-122.68765996
-34.57436981
-22.46095343
38.30984528
-38.69506376
-18.33675480
-10.57533500
-39.51559417
-11.52471977
-25.77261946
-4.47663074
-29.96721195
36.38277295
10.68356888
-16.72179592
50.55532637
-33.88797510
-3.81012489
-32.18850757
-22.61081950
-6.67321163
-10.36835717
0.00000000
22.66447888
7.67419107
-52.88894795
2.21029840
-9.58299820
33.42553617
19.89144259
15.67007797
28.72658115
-82.77337848
-22.04536082
-15.15201567
-9.58115050
-18.82563489
-21.05476905
-124.36180297
-108.41583003
-56.35765916
-27.73843451
-10.17385981
-49.67943119
5.72256071
-5.05363149
-0.29639994
7.28492987
-25.16768815
-11.28121160
-26.03687390
-2.06570542
6.86255545
-33.49832938
-22.96075501
22.29765114
-54.77405028
-81.34826633
-30.61756866
55.89643451
-19.10282339
9.60910478
9.34774415
7.57929903
21.93432039
17.11505407
-61.70377618
51.28853405
-50.99354503
61.51299020
6.64998718
-8.44866852
18.02192394
53.23163491
-107.22857104
-47.06645405
-50.05528087
-33.15825067
-5.70261921
-14.56709311
4.94905966
21.40434833
-24.00764271
10.92389958
-2.24604202
4.90996455
-36.27566732
31.80175225
5.28795179
3.33813956
13.28662519
-21.75369556
-28.91046282
-31.25486664
-16.44650222
25.26712661
0.97547234
0.00000000
6.95155875
-10.49634485
-44.53005280
9.38924778
6.36625005
10.24355285
8.08504538
23.48766533
8.96606242
-62.61528843
5.49051137
1.74149393
-11.38443853
22.54242714
-26.95046450
-107.00623502
-123.53153155
-38.56210312
-37.41052484
-32.14815430
8.80584669
4.03102181
-21.77209625
-24.41284500
6.24903709
-7.56352177
2.19670516
3.29836911
-21.52389576
12.53445479
-35.07784222
-17.68972203
1.22417718
