-32.24427281
76.61290911
-22.74229548
-21.09758633
-15.38887876
-20.26170349
-0.65737518
-11.64958588
-17.49885432
-6.58246666
-10.84186831
-8.58713148
-8.76953162
-11.83999809
7.14046190
-10.21677915
2.73604366
19.54386201
32.91558445
-21.10383504
32.39596111
10.42447177
4.76936508
-5.61069776
-6.81432025
7.54808077
16.61313004
-23.12321289
-16.07430437
-0.65769758
-1.13843452
1.77112098
-9.31765186
-4.08377116
-23.70731818
21.16648700
22.39757799
21.15103343
-6.62372024
21.72438712
2.73800576
0.00000000
27.70095717
-0.10723161
7.70061055
-22.12226548
-18.02757173
7.12911918
-13.55781165
-1.10424366
0.40370486
35.06702869
5.33118321
-7.95892216
0.16070534
-21.31711657
19.19681210
72.40445866
49.95507227
44.93855368
27.61905856
3.65385833
-6.99414669
8.59795906
-14.14586334
-18.59998424
-17.88154340
14.23629925
-7.90643745
4.12492638
-25.26016649
-11.91173997
20.74732324
-13.75673886
-3.89000404
-29.49746002
107.02178086
-25.39861220
-15.41314305
-17.04463723
-0.23331466
0.26499438
-10.55821165
-14.32641388
-13.55883257
-19.68118768
45.28097536
20.20124288
41.28331751
34.70296159
0.58507772
-6.25986274
11.11235770
71.11061886
21.37056441
27.14379857
2.19086661
9.11917136
-2.42312743
13.01978662
23.33616592
20.07025754
-37.29184844
-8.78892549
-1.36720613
-3.85450268
-8.67152843
-4.26760084
14.38077480
17.34120139
19.18783401
46.32534531
53.86313082
28.49436323
56.89555367
-3.00520295
0.00000000
74.40474198
-7.25928919
0.69449298
-28.59091173
-11.94991880
-4.00246578
-5.45164334
3.10654032
8.64050050
45.12683179
22.80105628
20.04934971
9.09688020
-6.42663095
31.73616879
132.31483825
98.09990913
67.13531984
48.97515736
9.87100493
39.26320549
-1.28438497
-18.04913369
-13.38849591
-13.50909300
-3.70165472
32.06586683
4.52884556
-14.70282319
-15.05660435
55.95782036
13.32915749
16.17259400
