11.77273092
-12.08298915
-10.37557387
2.61623595
-16.09470014
-12.47628325
5.94886724
-2.98997926
-39.63537962
-29.23104511
-43.11096885
-0.15891744
-16.41237790
-8.26704126
-12.47752794
-21.81886255
4.02624763
11.05627934
-49.31234487
-82.99465727
-36.38558571
-41.28992198
-1.32628954
-7.56304002
-41.13354256
-18.21897447
-32.11973655
-0.68995006
2.82830675
-39.72520007
-0.81634492
9.75336224
-1.10415172
16.87935550
10.97366265
-1.86503902
-6.93570633
-18.49556664
-15.06340945
-12.36152803
-0.02513835
0.00000000
-10.88643714
-11.82535142
-33.94898531
0.74745901
-11.05209503
3.18087123
10.91466082
1.23825722
0.18928279
-37.39959353
0.68961273
-3.03693694
-13.67645126
-65.75118899
-31.69819718
-35.69139996
-73.37976104
-53.88911954
-16.26042794
-24.15736563
-10.42402769
2.31684964
5.81005841
-25.61836551
-22.45433415
-2.88617596
-9.14748467
7.31893714
-11.82873066
-30.05618207
-18.52301305
-24.16968491
12.78320052
29.64274641
-48.95152088
-29.13168918
-7.42363806
-21.76102228
-9.01774388
0.73491828
-6.66068505
-31.03438870
-20.37212435
-46.31623353
12.81364447
-24.23714415
20.07980380
-20.57160195
-17.21531166
18.36272018
22.90576252
-64.39417957
-62.30365094
-27.67515229
-30.05940811
-4.70807130
0.72325147
-47.73414257
-7.91587294
-37.11402977
-20.24508021
-14.08604354
-34.43069300
-6.42365043
6.50326605
17.36328242
15.66503437
7.28704840
3.02265289
-13.96502777
-21.87928495
0.33855329
8.98189150
3.05399262
0.00000000
-64.33228482
-2.12021641
-22.09125431
-9.27796083
-6.12911516
17.46914335
1.48263712
2.54784181
5.93530469
-41.49590492
-5.24586281
-3.38055092
-16.42179555
-23.77871821
-22.56845997
-102.51165249
-94.80813426
-12.59207031
-29.03589978
-14.00980273
15.00166845
-0.22303709
11.04409897
-16.52154601
-8.75666585
-2.29521543
-0.73617165
-0.39776262
-3.96642077
-28.91783168
-21.35229834
-23.37302160
-9.80661159
