-12.17065292
-113.90677488
-9.72449628
-42.60410700
-2.28885862
-17.81923787
-17.83512612
-17.33393024
10.56368890
-4.04433763
-75.96275307
-98.45680748
17.73932287
-48.04775835
-47.73789233
-5.51485793
-51.21150499
-49.67302499
-191.75754405
-169.11267203
-41.16348559
-29.88203501
-9.04794247
-10.15243495
-84.66036424
-90.95096763
-67.99606358
-71.48548298
-61.98339593
-33.80014679
5.60573410
-31.47054486
-30.42156018
-55.05903204
-51.88638254
-59.96899618
-26.92406789
-53.45198465
-0.95668703
-71.89583520
-52.83337062
0.00000000
-16.87654074
-38.64318547
-50.09069168
-48.47882842
-12.52631449
-17.94449842
-64.68767905
-32.59604366
-0.13905516
-87.96283780
-44.31360931
-29.34529756
-14.18347122
-11.63266463
-65.58539432
-182.02763728
-180.60882139
-52.52639785
-77.34203689
-44.53817459
-64.88466982
-12.33653882
-18.72919045
-48.86399128
7.12970077
-59.63274868
-41.36885049
-47.74006464
7.58400589
8.13371252
-30.25827409
-33.86980125
-51.91444085
67.28949753
-92.19314251
3.61231645
4.13161833
66.93781999
-3.50499948
-11.08790551
-13.03349351
-0.55894343
-7.77843680
-87.86923919
-49.12282638
0.77220756
-14.05645806
-30.46176869
-7.16719092
-22.16866941
-16.28436733
-91.49915434
-127.55230710
-53.02726974
-30.54401198
-1.63448039
3.35259709
-80.61704554
-50.03180938
-28.93009749
-16.18405024
-30.31699293
-28.41788455
-1.12899872
-17.22775325
-61.40052010
-95.23596816
-38.73708573
-78.39437141
-54.55852172
-64.49265457
4.07968400
-32.69382758
-13.97319383
0.00000000
-112.52522207
-17.46924870
-51.45324877
-25.19193240
-21.90320723
-12.91451922
-49.72596930
-4.69212445
-9.11297474
-37.57226115
-27.81120302
-11.43231205
-10.95450929
-73.61203912
-68.11749426
-137.47440779
-163.25395166
-33.03599289
-65.93262516
-15.74840227
-25.31066197
-12.62863433
-9.53881700
-61.73956600
-1.64709896
-29.97360618
-36.51768510
-32.58748266
4.19589787
-13.58573856
-60.52365317
-49.56887891
-46.72879022
