-16.53664188
-28.68920286
39.34978470
41.47630399
4.49312550
13.06609423
15.16078004
-0.15317003
17.30142482
-14.18428234
-5.91218873
3.75124553
-28.59472509
14.36696504
5.42897925
23.15582591
-6.86044887
2.03155153
3.64563162
43.23802619
-6.65827711
7.33824529
-2.30365147
-20.93118639
24.49717970
3.84633312
14.15491365
30.75594122
13.71208802
4.28223847
-11.09689607
-19.62250542
5.77440037
-10.04800476
-12.07790767
16.67937000
-15.92667020
-11.29115633
22.15916610
16.87271667
12.24024301
0.00000000
63.39757295
-16.48599507
-1.02698343
25.52214977
5.72320882
9.51607226
-17.92548249
11.88438911
-8.82788500
-56.64856573
2.19043597
2.06057120
12.38481637
21.88425265
10.71271201
13.32052376
7.02982493
24.08517130
-35.67360650
-22.41280715
-8.68567459
-12.04216135
-11.25637035
-18.67668429
6.13729653
10.44547203
1.87996053
-2.81139573
3.64528706
23.22458741
-10.92363270
18.14731513
12.59533299
7.16964426
-32.32707088
-2.60398648
-5.76491886
40.94050103
-4.99553211
7.52772028
-8.55388982
-7.64587310
-5.48638662
-44.64289791
-36.22098484
-94.14391834
-37.88960139
7.13163490
28.24526967
-50.40387231
-54.44834834
-27.55231362
-61.05514250
-31.96606384
-38.78354691
-23.87974036
-12.70585233
-43.55418232
-40.02836968
6.48475871
1.29255737
-3.04442218
3.58852498
-10.91142597
-40.13826698
-63.82482872
-25.04170425
-38.42348114
-35.42457137
-6.36832276
24.56321630
-31.58684975
-28.65258274
-8.98591168
0.00000000
-18.82063234
-31.48784840
-20.87670426
16.29666447
10.26042043
-44.64365851
-39.37237373
-10.97163032
0.97892040
-57.17038988
-1.46763036
10.23440983
20.31870366
-39.79737240
-25.07887161
-39.41582161
4.01398970
-20.26641115
-53.18716760
-62.25482419
-46.06586267
-20.66322935
-7.02912689
-16.58064498
-5.26677429
-0.49785749
-10.55761024
3.61506083
-27.03501485
-5.32594459
9.78921035
-6.62919724
-41.99044831
