-20.16191974
43.17210331
-24.72330387
-33.00961558
-10.30289494
-20.14050654
-12.45993901
-15.41857784
-8.11004780
3.94649677
36.36481782
-22.00160949
-27.55291245
-15.90850444
-3.60007845
-12.43090280
-12.13738955
0.59812408
66.29563305
24.29087685
-8.07456440
18.79875810
-8.38662240
-0.73188535
19.40041475
-14.87757879
-2.30958947
-36.74120202
-22.85143914
0.89634987
-5.51887013
-7.88749598
-55.02113974
-28.26509845
-27.93742372
-37.05217706
14.64054370
3.21493478
-32.75675731
0.46834696
-4.96658166
0.00000000
36.80279169
15.10626658
15.49897975
-12.08119501
-15.11362464
-7.02774227
-30.01258208
-15.04238659
-3.60723638
14.17426270
11.19259297
-20.34537947
4.48959711
-11.38954838
5.42268451
11.55104233
24.55722161
-26.69412090
-1.40530721
20.03289615
23.04374910
-4.17388150
1.37281950
-7.46011399
-14.14981273
-8.14923004
-3.84863932
-2.30674437
1.81422066
-4.77774204
5.59580200
-9.17235228
-35.76525937
-40.90810537
-41.20568057
-4.60694605
-42.69744423
-60.74166747
-3.17002318
-6.57012752
-8.47997684
-9.67635813
6.95412531
35.47182243
-23.89501667
7.29632342
-24.96982677
-3.17398567
-20.98776423
-39.54971944
-4.15660996
23.46175502
68.17427742
-28.37597809
27.79250369
12.11007708
-11.52844022
17.56115186
-28.32724166
10.98062275
-65.12144688
-27.07469167
1.85245647
-14.72120045
-5.83457870
-24.23208175
-26.16434939
13.28550346
-52.07197561
-1.67819066
-11.63447044
2.00527689
-20.27338253
-18.18722118
0.00000000
31.04531700
-16.60409170
33.06790746
-20.29380874
-4.44053763
-9.60497518
-23.20960254
-4.20108750
-8.08571173
5.79998881
-15.38165056
-14.15435213
-2.22119625
-19.33828619
10.92952858
10.43726763
45.24669183
-5.28017645
13.58302591
26.31580705
31.65526116
-2.74989866
-5.22283364
6.72679619
-10.63282453
-18.28995016
-24.09779895
-12.14290383
-6.42520634
-15.97136330
7.16968549
-12.62306409
-24.15225963
