92.87860143
30.83198416
-22.07666627
-17.40543420
55.27876171
1.85725326
-22.66846225
-8.32022668
5.27009737
-9.51959304
-35.34348276
-2.27491660
89.68242879
32.89142577
-0.00197664
2.81758397
3.58913075
-13.75373207
67.41858571
-36.66847682
-32.36998898
-32.13902656
-8.80519520
52.76972120
-34.03915048
-12.17770863
-52.42886841
-31.62982724
-35.87004567
-33.60876447
40.43756680
-15.52902759
-12.11734306
-6.32547004
-9.88133113
-31.15088927
-28.03571436
12.53063063
14.60069545
-23.25624649
-12.76970876
0.00000000
0.08055907
1.94200903
-24.34244372
-27.21902796
-27.47014089
-14.90861815
-7.64737075
-21.21603056
-17.55413137
22.57075618
8.49968337
5.48948227
-1.03270971
49.28653532
-33.41974668
15.03784077
-110.67420559
-12.63164688
-47.83775993
-26.38521155
27.31608361
8.44825896
19.86084962
-20.27434552
4.68399108
-28.77072067
-6.92012793
-30.18080051
29.41158155
-16.64344425
-0.81812768
-4.48485636
-23.64375050
150.11417591
-29.66343639
-42.34553324
-36.48988817
85.64605999
-0.72820973
-20.24986141
-20.27488924
0.02921114
-21.41836160
-21.13305288
-12.59060518
54.84552479
68.54451514
12.00147263
9.73933218
-16.40574227
-36.70337810
-68.10501383
-37.37247742
-53.60582879
-21.51801777
-16.14619923
87.99150245
-9.85279702
-29.99877505
-64.64632024
-86.00077512
-43.88000803
-35.46490166
32.39405098
10.12019362
16.00907884
-4.12731119
-16.08329998
-30.09100653
-26.98196503
5.63125763
9.08970545
-65.26700453
-32.09638803
0.00000000
-16.28258641
34.78203963
-27.41273002
-35.68840330
-22.24808364
8.83827181
0.62719347
-37.06850314
-11.62316047
-44.07192116
-10.10101262
25.58798539
2.17598661
26.88830498
-50.57867625
-36.48971486
-95.89994005
-72.54029524
-49.81735266
-20.92332169
26.40258241
5.21727789
41.20548191
-27.92911246
-9.17521277
-55.72486130
-35.41171110
-32.99358209
44.45885330
-1.88199818
1.34354783
2.29333858
-20.55406554
