-25.10121087
21.90463663
4.94378569
7.80737110
-4.07240575
4.27514177
1.53645705
12.93248448
17.89795489
9.24415459
1.76688542
44.03259904
-20.28196144
28.72051212
21.57691502
5.24220149
4.35275233
6.12730321
51.33616401
-2.73352016
-5.41810923
-12.26881633
3.20682329
-15.81022195
57.76281549
37.20340464
23.68896483
35.94681546
12.59305542
16.13018668
-22.53675364
-2.91016317
-2.05131832
8.82649275
27.79861830
-13.28597686
13.92417597
31.15733710
-0.01452131
39.72911162
12.53892487
0.00000000
20.12489482
26.43956282
-10.22156364
18.18562709
8.55098696
-10.51684013
13.17620119
16.18331130
12.58768412
-7.21005307
22.21182796
-11.08141586
11.26147845
43.44719601
42.83144898
39.67148822
-11.25871941
40.46622882
22.00537665
0.73322531
43.53409105
-7.05128362
-8.68851266
11.02378237
12.67466165
34.82521358
25.39505739
5.50028043
-6.53013682
14.96192408
23.00317594
23.76256925
4.84476912
-39.36059177
37.95300505
1.28229089
18.60724312
-20.46604351
2.63711691
8.71408283
13.36797921
25.33442631
18.98971135
28.75654733
32.88748815
-8.99097782
38.17224161
75.05816789
5.00502119
-5.57174382
-10.72163297
18.04912548
24.51702566
41.43737824
3.12718201
-2.41441338
-1.42399738
98.18488247
48.01499612
22.27364817
44.18003385
30.44378945
18.85684208
-5.41416576
-4.54516068
8.79917715
44.79094557
-7.11519159
61.72148844
23.30576274
38.74940289
-2.71123265
48.59694965
2.18367269
0.00000000
5.29034546
5.10276064
1.97859721
25.22306386
11.25067410
-28.77115874
13.09407153
2.33370792
4.00323414
8.78072031
58.88350389
14.88228747
14.00597114
70.84248230
44.15108147
18.82864486
-12.82775079
-15.45306353
24.72730392
-0.34915227
62.68717258
1.93250165
9.97739544
16.17722137
9.24146471
35.92720888
47.45765668
19.63875454
-10.31963697
31.07470000
26.65366091
46.96370944
2.35124028
