26.86648459
22.54982419
4.36533128
2.45678810
16.39471684
4.94396330
13.75103369
9.90797076
17.74591163
28.07151771
41.77548348
47.82950285
36.10146500
39.67282976
45.04314861
20.33736676
-14.66839813
-0.55637390
29.21465355
25.51567736
17.89118249
18.63288004
-4.42757365
31.72154951
26.48399534
26.10324130
35.79517905
7.19752307
30.88450079
41.06047875
16.69774354
-13.22541851
1.93586731
0.88905929
-25.48900629
6.85213485
20.13620796
23.90876417
24.35415406
48.83314508
20.87885723
0.00000000
-18.17288468
8.21893432
31.73973646
1.27290898
8.39205765
5.31662888
-15.99618939
12.72544555
-4.45421871
46.45093560
21.81681436
15.20039811
17.07540954
1.38584128
33.54926116
29.30881338
12.59177050
14.63704722
30.61179140
5.68864521
43.87028670
1.23382086
11.86311889
16.68156833
10.63502427
20.14957573
24.12899352
22.86402266
8.75729982
20.98369857
25.64745758
13.98483855
-12.56828425
68.68980231
6.10982129
27.16328375
1.40788977
48.74431498
6.91820106
18.05101709
3.45546988
25.49737287
15.49498415
41.54832919
30.86334863
64.60685274
39.73216099
69.53445394
23.46619034
-1.80781708
-0.68939635
7.19617280
10.80734294
17.21031908
22.14865111
-1.40925751
38.74560090
71.98966979
31.43735599
44.36779394
15.78813053
21.67345769
35.69586221
22.73366852
-12.01063243
-3.99925593
-0.88169648
-10.04376836
15.11164331
32.55339195
23.18533408
51.01690319
46.79909559
5.95385817
0.00000000
4.77055710
-5.00880475
34.68614083
3.91227600
11.39119476
11.96859430
24.58310406
5.34083132
-4.98918093
45.45059245
31.60545623
44.93992770
27.54872470
58.13804549
38.34516807
8.63319547
26.45022711
-8.70723048
18.97510388
12.93177494
101.12226415
7.09772274
25.53167806
27.78180221
12.24342429
16.71061924
26.71482059
15.55044051
24.27095310
23.87124753
42.40873872
43.06455955
6.24655872
