11.98207603
12.92882305
7.15289899
30.81494073
8.42200340
-3.34707741
22.05480901
3.67958127
2.77092965
7.28441810
-14.83299741
53.74091019
8.69471674
11.72620199
42.63965141
8.29943538
-3.23792028
10.22999138
5.79932701
-34.06396038
-2.58607800
3.82345324
-5.63561151
8.37233801
1.49896014
33.07181898
16.11866917
13.80587032
26.66861594
19.49170013
-1.91531542
-12.47219379
-47.58480942
-9.90894807
-42.10022305
6.74812430
0.89893993
8.18149556
-9.91054220
45.25060152
14.05220224
0.00000000
-1.86947584
1.58907996
-2.00375515
13.74963322
-0.71557095
7.11297503
-25.07691859
11.33242745
-9.06066867
8.48018533
21.27566893
26.76876746
2.25883150
11.01497551
6.35606334
-18.72848359
-52.79058831
-20.08756034
-5.68704279
11.41589452
59.52869643
5.72653165
-0.46658824
-4.32896303
2.44931354
21.89473783
5.78124227
7.42787631
-16.73931671
-2.32502071
9.61804313
-7.02023050
-28.58951768
8.00949997
-14.37686716
18.36584303
1.56694973
11.28002161
2.17241329
17.83277753
2.27717119
16.02431578
5.88276190
-14.56755886
19.08198398
8.10580848
-8.14262706
47.47377291
15.03191048
-36.65770305
-0.49211830
-15.66192246
-4.99074500
-13.75164477
5.35249432
7.24234217
9.90573715
45.65306086
17.43340689
15.60435310
-0.77533944
-2.83349771
11.86674764
-14.22767748
-3.38296684
-5.42545823
3.13687386
16.61567564
-5.15520722
16.06058554
17.07794677
14.20735245
3.53324877
-10.63849260
0.00000000
18.12793298
-9.89602397
17.60187090
-0.13182499
2.16230803
9.92203077
-7.58303892
16.83811864
-9.99665829
28.73157705
14.56437358
28.32335940
18.43240278
62.94582765
22.65703409
-17.26083777
-9.68861230
-17.44072363
4.25762365
16.46451198
26.02632337
7.58435551
-3.07461720
-3.75141967
6.94455358
11.79838648
14.14400414
6.67347748
-16.20524825
3.73069458
28.99460421
3.66269831
5.16549686
