8.73774685
-13.37432058
-22.27551635
-11.42346768
-12.08856324
-10.86079031
2.81031348
-6.06634666
-46.49842581
-38.52992792
-46.33462518
-0.33029526
1.71084780
-2.21734167
-2.49921213
-18.59574652
-6.93155058
2.26851842
-84.73690919
-98.60559308
-25.82253426
-42.72770180
-3.62164507
2.60011586
-23.28293715
-3.19662694
-36.00551509
-16.92648284
-4.79975859
-42.67718132
8.27713015
9.45578781
-14.46559015
11.87850789
9.20189010
20.59048017
-3.52901713
-18.20112128
-0.93633241
-4.27071403
-4.43853675
0.00000000
-10.83527585
-14.96090624
-42.46728459
-11.62857763
-22.42384680
11.36562566
8.10731178
1.19394203
5.22602062
-36.33444695
8.19422326
-2.28294664
-7.63928689
-32.84101111
-21.80153702
-56.18126034
-80.43993353
-67.29447810
-17.26698463
-31.65539335
9.34088626
9.69046303
16.34583718
-28.96912533
-19.95833750
-8.17203301
-2.52853266
0.38730664
2.81955732
-37.37067189
-20.45986151
-18.85272926
5.64758051
27.56658421
-23.43764978
-29.31889506
1.72855371
-1.98765989
-7.61605589
-5.51675076
-8.52229999
-29.14767804
-23.36156728
-50.15953403
33.00592046
-28.79184751
18.92585319
2.83956323
-17.59502165
22.73970760
3.68632620
-64.42948979
-70.52927042
-20.95830885
-40.15952402
-13.80382463
0.48221308
-26.39244077
-7.88436235
-32.87074382
-33.30088116
-17.67087027
-41.03367483
-6.79309762
5.20597260
3.68215055
18.21388444
-1.13111085
14.66721656
-5.03985421
-13.91571963
-0.50539038
10.01335319
-8.07758865
0.00000000
-47.81073772
-0.60208863
-37.96561751
-14.56590555
-14.05060898
-3.14150126
12.62660118
2.27048678
9.98249564
-30.57569736
8.52904729
6.73857280
-10.19630195
-10.81693074
-13.93980718
-76.68148445
-98.51093429
-42.18781982
-23.54347871
-17.98196368
19.38637503
-8.77091647
4.02653161
-25.74286255
-10.78799998
-6.87539205
13.95461893
-5.86079175
0.46704797
-28.53555219
-16.07976034
-18.07012505
-15.67000059
