-14.88426891
66.21384218
1.78899425
-29.44865669
-18.60388531
-6.37163563
-5.34209230
3.05148096
-1.44661821
20.48215311
82.09342112
-5.03771539
5.06348833
0.68246935
-6.69004304
0.97564843
1.90314500
-1.87464040
164.82822330
122.30693788
42.42560155
35.68581128
-1.28027366
5.17486410
3.98923779
-21.81222303
28.28498405
6.39525708
10.78731291
-7.59008828
4.53024453
0.48383202
-27.62477424
9.43632323
-8.46111023
9.89054441
21.40449010
36.71638956
-10.38062748
9.73852628
18.21928471
0.00000000
-25.35517746
21.06483009
64.95388126
16.42576215
3.74673744
-3.04088187
4.56103385
0.65067217
7.41401938
84.40344229
-1.49425561
5.95616741
5.32460088
-21.10960531
22.80188551
149.70560469
141.33147839
109.31432997
62.34410597
39.13919787
0.79751935
-5.63282539
10.90781468
15.21152754
-4.58013237
18.00961730
5.88142933
16.53413050
3.64504457
-0.94338622
53.10504038
25.26606862
-16.96985536
-65.83923380
64.32180707
6.42384617
-64.53597371
-50.66512194
-2.87351705
-4.62141683
9.61954408
-8.14728446
15.90780855
74.94157939
-62.98649587
-14.77845557
-71.03795586
-31.28184905
-11.58047863
-49.72571824
-32.84958095
87.02272656
80.16850133
18.38738824
28.30979569
2.20932641
-7.76025750
-43.30420703
-42.77593776
21.52704713
-28.17389851
15.32905604
-5.57525954
20.55397458
4.94317351
-27.19330175
-10.65083369
15.61772461
-30.11359415
20.28139152
-2.69408241
-34.54749509
-79.61420429
-5.99618422
0.00000000
48.18786397
17.29434538
48.44961820
5.97646678
14.47675913
-37.76220335
-9.76498893
-18.27258971
12.22358576
61.85076316
-15.26768446
-20.57760547
-6.96462651
-44.33326662
20.01685143
127.66340783
124.57579361
68.54185107
53.53248674
32.29543388
-56.25865617
2.50590943
1.31414499
14.86064890
1.32837525
5.46926240
-15.23360684
13.32221290
36.82432930
-14.81622690
29.50014416
-23.26417180
-5.33037245
