-8.82619077
-32.90803682
16.25991679
-44.17049482
18.01005239
-2.58753328
-1.30461389
-5.87636027
-6.69347752
-7.73831466
-22.51719144
-81.51192896
-25.19923322
-65.27031371
-14.56871670
7.10157963
-16.67216910
-30.26609559
-83.20670898
-57.19815757
-13.93912455
-5.00602689
-16.94227702
-8.48574771
-71.28190546
-71.33331353
-11.45291316
-35.46680046
-31.09470383
7.37555004
10.46157505
-32.10238082
-18.86643496
-26.02528506
-7.90172663
-35.32029625
-12.82375330
-13.29627196
-34.80833696
-91.25946063
-23.11221869
0.00000000
9.45285332
16.74301790
-7.63477415
-31.22714263
-1.14573176
-30.67088469
-11.40737779
-30.84756274
-9.93558545
-10.76536893
-36.84495902
10.63305519
5.56108220
-63.39609311
-44.98821984
-58.02199144
-106.96076235
-74.67020659
-30.68868527
-28.13406364
-82.25299150
-21.31763022
-15.21315520
5.91295863
1.93788103
-29.81170616
-43.47543289
-31.55066127
-8.45809063
-8.11000586
-17.66637713
-23.64013346
-55.36647148
39.13275742
-93.94606709
27.77992938
39.64717876
29.70737732
1.06314276
-5.79951454
-9.89206473
-0.25444488
-5.45847098
-58.78872426
-15.70685316
13.64640601
-76.71120731
-16.80558338
4.76252998
17.20834646
-5.23067528
-56.52114266
-99.15545096
-29.72655341
-9.66203249
-2.32281978
-3.47736663
-78.81017973
-14.85844364
18.36146040
20.61141433
-4.65330186
14.52861590
25.13158072
-28.04107911
26.07234614
-49.40336721
-38.26882791
-26.44535027
-18.46681158
-28.32917899
-22.06572841
-42.91356232
17.90945664
0.00000000
-69.23336051
-15.53702668
-6.42879358
-1.90596459
1.07705238
12.66426643
-16.85432316
-3.56757825
-2.88534336
-51.18002123
-16.86924306
21.55166198
2.47062708
-55.83586482
-28.22966718
-72.86411641
-83.40682548
11.71028737
-23.93570508
-16.71101326
-61.60603928
18.75849976
2.25817546
-9.37887675
-0.48014863
5.31608600
-23.29452859
7.05769326
20.19565000
-3.75684381
-35.08601106
-33.98142575
1.05845411
