17.81818767
9.77975315
1.08607803
0.47607632
8.86279302
2.90252991
12.59547291
-0.46272483
5.86740978
13.75349883
9.99195076
21.55411446
38.87244506
34.44128208
35.70480831
17.66250228
-11.07888618
-15.75743150
13.07938042
-13.49334460
4.39645439
-9.02412894
-7.11284204
23.65765769
22.55619269
20.26325913
38.39452924
14.04434046
31.57681330
33.92232100
17.00168984
-12.74541593
4.61903709
16.05617462
-9.49997684
15.86385030
8.85958092
21.57524469
15.27853718
17.10350304
14.48447724
0.00000000
-20.43537525
8.90716057
6.47560606
4.62124808
2.85930447
-16.63574264
-7.10266598
2.44229531
-5.59219315
28.63937777
18.02791783
8.38588992
17.12896420
-6.68153354
30.09656535
6.64274404
-17.21516642
-3.53240428
19.05356917
-6.53582334
27.63478021
-3.96232807
9.70801897
1.74358675
2.65847158
22.81903211
22.91780630
27.76772036
6.46652727
12.58009277
23.43313389
17.02303488
-7.22452584
61.80980688
2.80401125
34.18784958
7.34244584
40.00516895
8.26497137
14.52743808
-1.27811770
4.21231730
3.20940150
14.03786042
18.31176636
27.52503686
24.44627420
50.88899405
19.87472771
1.74666747
-4.46894905
0.72747773
-19.52805987
9.25653603
-4.61996877
-4.23338644
22.41653272
53.80721036
19.56749018
46.99829571
38.97432337
29.35406685
23.49884631
9.32988488
-25.81168638
-4.93771694
1.09966859
-13.37033591
24.69638306
28.82020062
15.87847200
40.07229208
41.67516479
9.74373961
0.00000000
-11.15758229
-11.60368300
22.07443199
11.67757038
1.99962160
10.13496149
17.78408758
10.62563423
-8.92614742
21.80427122
14.93868851
28.15669699
25.01411763
16.08046502
31.77629254
-7.95692937
-22.74552268
-9.64300792
13.63428761
7.24981553
86.28733224
-4.06645729
30.83646010
14.44607087
2.65299674
19.74998712
19.88046431
12.41980983
11.28414997
7.22355792
30.71998530
30.22587939
0.32747249
