8.14648476
30.54102579
8.00914607
15.41561146
10.15342815
-0.03906062
-3.42181131
2.10812096
22.66663996
32.19901697
27.20798476
38.24381838
13.98485480
38.71445675
25.53423679
13.78760139
23.33918368
17.49967564
79.58985201
130.44960689
37.06732634
41.11951274
6.32404363
10.35711024
64.63428715
17.79813634
34.41985885
18.12760452
19.19599214
35.78388207
-1.89935796
3.86012982
18.27470265
13.01202553
0.47787295
4.82109695
10.82488087
6.15411362
3.77458681
41.07872022
6.51576549
0.00000000
6.24918735
-18.75946999
31.40847174
11.56829263
5.37671581
8.41960757
12.43572137
15.78821475
-0.07969371
39.90604882
34.19462705
-1.39608822
10.10680443
29.54970079
39.68604201
113.23817378
118.34222690
31.50700934
11.87587574
24.83960514
48.74974692
6.59934364
3.87727402
21.32491350
16.61579264
3.35441868
20.50083372
17.68105487
-3.61793984
21.18939877
20.47737171
20.84124870
20.65892623
-13.50539591
82.47879055
29.79340527
-34.86420260
-2.38730531
-0.85464540
0.88469690
2.99424226
16.14888964
23.21874313
39.64956877
-23.38851130
0.14739345
3.11436352
20.50151168
5.46085227
-13.89223174
-4.49693821
94.02784383
47.60113740
21.79512179
22.86441209
-7.86300096
0.16353202
37.97827162
-22.21024689
32.30359075
5.28927976
8.64594936
27.52379513
0.47340066
9.74250583
-10.78502608
8.88510383
4.00423829
-26.82500106
17.65116238
11.51146747
7.71137995
2.02720440
-6.18071132
0.00000000
78.86983102
-11.48401023
25.59296632
-3.44031183
7.14479266
-14.50056524
4.53750213
-13.21450059
-4.59639024
37.69290517
1.42418946
-11.28472004
2.90280228
-7.38838558
8.07480717
115.97926495
100.88214110
9.92050452
8.36753122
2.47955583
26.47045908
-19.00626886
5.40626196
21.87582963
3.12560095
-16.24569926
-13.92900660
-2.81733411
-16.40890433
17.86374558
14.81399794
8.39095985
-0.49369731
