9.19452925
30.69164646
23.35877046
41.40878850
-3.73291731
5.97127226
16.13144238
9.73218672
-7.61126121
-3.92366696
17.39486151
34.47070660
11.25121997
7.99337433
13.52878160
8.46983199
17.01026073
16.14199165
34.39136486
45.16161345
27.82556914
26.31894671
0.30490225
15.72188011
-8.30583583
36.41147143
9.73363773
36.15254212
41.77298461
10.00849543
-8.23737572
11.99355582
48.19257778
22.03966657
-12.71332583
36.07225087
11.74067359
13.80240682
7.87567256
15.33279071
6.19489224
0.00000000
6.70181343
-3.88921425
33.60822170
17.15522734
11.09705994
7.55565854
2.80209198
10.74495817
1.17800038
24.22913346
3.07020621
2.64463066
3.40945784
-11.15933335
12.57618366
54.83566177
51.40927434
2.29113223
17.76885063
25.83854905
20.51056340
7.00431977
10.48744870
14.74804357
-5.09661412
22.18361724
8.07469371
18.39338554
-9.46317472
-8.30660424
13.28451589
-1.46608214
26.46473162
8.27608081
33.62362678
30.83885157
66.84425578
-5.64675713
-0.93521894
10.08427791
6.75359966
-0.30803280
3.77251357
32.05362862
36.84107472
12.61862774
-18.87014955
6.38856641
11.19037207
23.72195958
23.53361080
18.33363823
34.24640349
23.14061171
30.88695017
-4.41618606
-11.46803577
-10.05467190
26.63678788
26.75901590
48.29569033
10.49380236
23.58639294
-1.79223998
-8.52275119
31.85733483
20.61855443
-3.25407099
45.25872866
-5.34996003
-2.83273928
16.12297770
21.03670477
21.15683257
0.00000000
53.87664210
-17.33322669
22.20076870
18.58056644
9.53479395
30.54514909
7.88274034
17.26841706
-1.65330589
23.83714230
6.31176536
11.36854985
7.71145879
18.53064311
18.13534165
23.78845382
58.21924183
4.06472642
9.91084281
5.45717468
-0.12040191
8.44112218
-7.11668655
24.34880504
4.00916035
15.06744969
10.26103476
17.85761487
0.70836907
8.34519514
-1.96836662
9.24655767
18.41931245
