-12.08648411
37.51985407
-21.28137698
-16.49900621
-3.87234747
-11.53779973
-21.51695349
-19.82509252
-11.76636945
-13.91008250
-1.63408194
-38.89818467
-35.57256035
-23.23094697
-46.60350902
-20.23626106
-9.93312880
-3.73324586
116.87124551
20.56450878
-23.09724371
-2.80691989
-16.16969526
-22.31623330
-21.64999243
-54.86058072
-11.65594218
-4.52565059
-21.04996480
-28.80218287
-23.22909912
8.01774090
-41.49921876
-24.49637089
-4.34942557
-92.26108764
-26.11784948
-32.96361917
7.75032299
-12.74675243
-17.10444853
0.00000000
5.82593828
-0.04972060
-1.09028198
-10.09927605
-11.35589155
-13.62058493
-14.60657094
-3.42664842
-20.59548200
60.42508182
-23.72660083
-14.78787832
-14.57374659
-47.73385670
-26.65763318
27.81957470
27.94549126
33.26565142
-2.09983737
2.97138872
-44.25693270
-19.97152215
-9.59176124
-20.55085414
-13.95089044
-18.56987642
-27.56394361
-11.08901468
-13.18840851
-15.72595336
-19.82206904
-22.50747595
-32.52795995
-86.96347119
-22.58439717
-25.26229510
-69.96304925
-46.23272801
-6.85604324
-13.44121541
-8.00049713
-21.80063493
-13.07364720
-17.85907182
-75.22085974
-87.38922007
-46.18226511
-83.37044073
-17.23676154
-17.59596655
-19.31840582
11.78247641
8.99440258
-23.48341847
-31.60533363
-11.54617737
-73.11825549
-54.57580678
-16.46556517
-27.81685732
-29.06780301
-11.87363452
-27.66950855
-15.58039476
0.81123989
-21.53098982
-56.31423265
-31.88565772
-42.23030803
0.92529330
-16.09397781
-62.40125107
-59.69261166
-20.15395183
0.00000000
-6.59038121
-18.17514176
-9.95030690
-13.91920357
-2.38837109
-27.82571569
-36.19152698
-9.95164170
-9.07962261
10.95560768
-43.12519898
-57.13658566
-21.40485135
-73.44384429
-25.12699318
16.30911875
19.60931340
45.79301111
9.80684186
-4.47242999
-98.33085813
-12.56919665
-34.06909577
-14.78684440
-13.63381376
-16.62229474
-32.86261491
-13.95558824
-29.52679409
-21.20689216
4.42705790
-32.38899360
-35.81000096
