-1.20951331
1.66542933
6.86636572
41.87271416
11.78891541
10.86923707
19.08854688
18.55057834
19.93521309
14.05654055
13.95185181
71.32333829
11.19525972
24.01916431
46.27451289
11.23071227
14.84976073
24.26441973
28.89439219
0.40812006
-2.89072491
-13.41002519
3.81253746
13.71219956
85.91503469
70.55872476
24.78512017
40.76994784
23.69579229
39.37198736
-1.14753482
29.58558166
17.25289983
24.46253748
3.47743109
35.26328923
18.28844737
35.06786151
9.08463207
43.83716751
16.70176855
0.00000000
-8.53024475
15.47570880
-2.04420822
21.53182368
10.65092206
9.22392140
4.35669406
22.22494073
16.00866571
-17.06971387
24.42720513
10.59463655
15.38964176
81.13478395
43.14373006
7.15636711
-2.46955804
23.26746680
17.99495413
14.08898730
71.94232836
12.69224903
11.23045061
31.77141333
8.94170745
39.34274463
26.34077682
3.49310787
6.73352667
19.12951810
26.14695506
32.95180237
28.30389110
-7.37804328
49.01512728
9.41533876
50.42327861
0.99059418
10.40396595
16.76581331
15.40762507
31.90906342
7.73001025
43.52934984
77.94453521
20.78156920
43.34111037
96.84242303
18.41217364
11.44402022
7.26383748
0.11954529
38.84363825
25.32550705
21.35335543
0.39256971
25.86424835
127.92049599
70.69392975
27.33064315
57.78807098
29.93732674
30.24376272
-1.31639700
5.51253913
40.78131067
59.48742039
15.29952801
77.64618235
23.50669785
45.52464897
7.23938609
48.96280306
7.77446785
0.00000000
-5.19701477
7.50723060
20.86642661
27.60874968
12.96929504
2.60402895
20.35033902
10.06421095
1.75115991
19.07567667
50.02842969
27.64666493
17.44539730
110.61280677
54.79088689
-33.15321599
8.18403879
-5.90706676
20.11376605
10.90345905
81.91310491
18.18401893
26.87858808
32.88422542
10.63113017
38.34024686
42.83907028
17.89973741
-2.77932088
34.07173262
18.31381845
60.83490160
16.98552150
