16.28227955
46.29913463
24.83005470
14.17340311
17.29918020
25.95111003
5.40264858
22.66148824
36.11357131
47.14745574
60.69362091
47.96657434
16.60732034
36.00014617
31.64802952
24.08907531
28.94295137
16.28662177
99.48515911
172.82817163
55.28183419
50.58321015
5.01380334
17.56338325
92.91665765
40.79834412
75.30219627
44.17457496
27.68373119
64.00799671
11.97621202
5.29377495
23.03708713
21.47723430
28.64071387
13.34438273
22.06046730
26.62085373
6.24020686
19.23846235
18.17178747
0.00000000
4.87627723
-7.79518601
46.81434687
24.75556114
22.50495870
15.20234145
37.88489581
15.16517433
-6.66637393
69.20739030
21.93572938
19.31152227
14.63837718
65.11785446
52.90759196
135.41504006
136.95320419
48.73519031
41.30807850
27.88876073
18.34623889
10.91241486
13.83294801
48.64557297
29.48694180
22.84206902
28.62697640
20.92857310
21.59366584
33.44582100
22.72528014
48.13625377
26.83278685
-11.09204425
91.23467228
36.70802111
-6.95682045
4.86398312
9.06593790
1.13736661
11.16051669
24.93308804
25.60624629
63.27913565
-7.84423086
12.47049335
-11.62542090
26.79300007
11.84020067
25.95090014
6.22817695
111.92536160
55.20059463
39.19312821
25.87043551
-5.58481019
15.03940007
41.70190687
13.14784850
61.47779189
48.55739589
33.98793487
44.25739849
19.44607524
19.38190615
27.69554952
9.29076861
5.42125273
-1.47316950
33.33817468
20.19469204
-3.33004712
-4.77236045
17.35898937
0.00000000
52.32344802
-2.41563252
35.12369844
17.31569832
17.89530181
-5.67631720
22.78182905
-10.61659818
-0.46192897
36.63871461
6.96197330
2.41165452
3.77695949
-9.62243605
30.77420895
124.17245474
115.96352175
52.54044002
30.40418899
1.15970241
12.14998871
-3.61561005
20.18197131
42.05907240
8.09299508
13.44731296
-2.58587062
11.59113889
14.80796615
23.51754304
14.79930898
13.53721044
18.50026970
