-18.55971833
10.08098902
-33.50025349
-33.23645884
-14.83864831
3.10285283
-16.32823479
-7.56457894
-17.50936601
-28.28531192
-14.23808781
-36.20500184
-38.22079461
5.99273292
-15.11945577
-9.90080623
-10.36325263
-3.40464402
51.03644828
68.58851694
31.96383266
-2.34039184
-3.86660021
-21.33883365
21.36234097
-35.71328020
14.13886790
-30.68477818
-20.51325795
-8.37189123
-3.40559705
-3.70704493
5.94933184
9.36998827
14.01043579
-9.28383108
-1.26406143
-12.20832778
2.07852119
-0.29065446
-11.60135563
0.00000000
-2.77479639
14.20772100
4.76505487
-9.15045300
-11.68105533
-10.20320390
0.69599183
-5.22000711
0.68304780
32.34757598
9.38654231
-13.82935857
-2.38349055
-37.78709567
14.41265857
98.70649436
126.80960421
31.26662871
1.81095584
25.92633829
4.80217068
1.78389930
-3.42345783
2.96040098
-14.10267106
-25.19993710
-5.99848095
3.55784318
-3.01398550
-2.48407392
-6.87711755
-9.98320028
13.98612933
-40.10283990
8.52780224
-50.79144688
-78.16501049
-17.61482225
-2.27614263
-13.18910834
-5.83020118
-17.48736128
-5.21254989
-3.76700247
-60.49248333
-16.86777661
-8.45130239
-43.10253629
-19.37796485
-30.72980490
-31.46676495
73.61722270
16.80069719
27.43798999
14.31051625
-0.39133305
-13.32995911
-41.82136545
-60.22182034
-8.62678674
-43.27697121
-1.77391679
-3.43063779
-9.47669017
-16.56457072
-18.81097073
-6.07300601
1.28671231
-45.28555156
3.00515633
-19.33814389
-25.18854211
3.98955961
-18.51022722
0.00000000
14.58184893
10.71276557
7.90066461
-13.07723828
-15.33971790
-24.23023433
8.62105394
-18.87712795
2.09731062
4.01495576
8.28453891
-36.28192794
-13.70522218
-60.14488472
10.75233088
100.50270534
136.14515412
30.76936349
22.42318130
21.19046740
10.73977531
-11.04226421
9.77108558
20.00218395
-1.84966611
-28.97146101
-25.33172825
-6.80338857
-19.38871817
-9.31725016
13.35107291
-7.99195852
-12.44366246
