37.56839149
9.29472525
7.11366336
23.31030940
23.50727776
8.04567686
8.05416837
4.06389095
28.30583165
36.77569651
53.45214097
26.62120351
15.12905222
12.02835401
20.97182653
10.16332797
15.90614566
5.77114451
31.19805338
49.47499235
2.77495114
41.06689943
-4.88102106
13.28043409
54.10015874
12.81130150
23.97253391
8.93520294
-1.82445870
41.84169272
3.63489669
-25.79103513
3.26900898
-5.96981582
15.38129983
-11.50526508
-2.91329503
-0.57292176
9.78888169
22.15012601
3.34007984
0.00000000
51.27837275
7.88208680
27.55212213
4.74343647
13.07268733
7.56302694
6.37083096
4.54480347
3.17195006
30.78445301
20.37038259
14.82314027
8.33824645
21.67948558
43.48521477
25.02575628
16.57647925
25.84968220
-4.18430973
-3.48739434
18.13082702
-7.90196933
0.41222363
23.65457518
35.88728385
13.22498770
17.50883734
10.60788088
-0.72407225
16.32813986
5.81186705
11.06672437
7.10864569
46.17953485
3.78434791
-18.49317304
32.44913889
12.11333425
-5.90272627
8.80987373
8.56687657
17.03493506
36.42320341
26.98801471
-1.46470536
-50.21093547
-58.91016468
31.93504398
0.31422191
37.72649172
26.04538473
16.93053994
12.75429217
-3.23934141
12.79368937
-14.27281135
-6.07506333
34.22444924
1.21618381
33.20435175
9.83864343
14.69264976
25.42752600
7.12773563
-1.89571757
33.35451527
-7.99725937
-27.69158848
-31.11200272
14.25832862
-9.01198576
-15.82623190
-57.58262783
-9.68606390
0.00000000
22.42699084
-0.36520495
0.32657479
28.10563237
5.33915959
20.63541170
15.44916180
4.02031983
6.75308253
24.15372256
28.59676220
13.56297745
5.43574934
33.46426972
47.94891355
30.93390416
-5.13665042
-12.52658694
5.10203355
-4.53791422
-53.55389390
-23.27508349
-4.57989095
17.76276438
10.76971953
23.56139059
14.06809315
11.85633332
10.71267355
20.49210878
7.29474770
-12.92076544
-3.34310610
