5.48084345
34.97793267
-29.26847030
-39.60609312
5.67569135
-8.76394410
-19.31063813
-1.31102526
-8.22379616
19.47820652
-11.59644603
-20.61560160
6.73607453
0.20838966
-9.34218054
-10.46568787
11.36077624
11.73183146
56.45344870
20.47426840
-14.83016809
-25.05469370
10.29096424
16.70798093
-30.54939884
-29.15531065
-47.88479783
-32.05375079
-24.59854633
-27.91432781
14.08565075
1.89289019
-16.89332014
-29.04512743
-1.98144778
-57.73874498
4.07633662
-5.65464402
-4.28567915
-7.47870836
4.94673360
0.00000000
37.29409047
9.83324384
-2.02038386
-19.48623382
-21.26328632
-12.28575390
-7.99422035
-13.49149706
1.00576700
35.85194044
4.39955042
-14.84825522
-10.04315142
-6.17348898
-24.62873550
38.95031815
-16.35814673
-10.63160391
9.55423118
-2.48106345
15.11395622
-2.87022434
2.99936573
-20.24043449
-2.32768510
-32.11227038
-1.97882800
-16.69165602
1.13112453
-3.79062530
0.70211086
-11.63478540
-21.88022734
16.37514029
-20.09045063
-32.53539199
-65.15029918
8.88802688
-4.95201572
-17.14944913
-11.71863717
-9.47689628
-8.80963264
-21.42147410
-26.51615185
-2.16684632
17.62441211
-4.04213458
-13.17201678
-10.23829737
1.13819104
-5.05386857
1.97407397
-18.87599744
-24.82912538
3.40016022
21.72280065
3.07457777
-16.19052448
-46.03931012
-85.43759159
-29.57618809
-26.71236677
7.09403284
10.15736671
-15.51832253
10.41331600
-2.50882909
-29.38175021
5.13593091
16.99411976
-25.72446752
-40.19194744
-26.35114899
0.00000000
19.18182757
-2.66915616
-8.59829409
-27.68205156
-12.28804997
-20.25115020
-30.20530123
-19.34738192
4.94748501
-16.14409764
-1.88782289
-16.76315291
-7.45786028
4.10434403
-21.91941531
43.90735601
-5.10503677
-22.86088603
-4.25294991
6.15895732
2.45121540
7.63946619
7.49965265
-21.79787776
-10.44381516
-31.23479915
-18.61869306
-24.07225839
8.64303771
-9.28096904
26.57444261
8.16858668
-11.52271972
