4.79867406
7.70852129
3.84360669
25.98116788
-5.56661375
-2.64226138
2.84629809
-4.28945383
-3.68923631
-1.53446641
7.22348104
-4.38410059
8.02913686
-7.94891240
3.69935896
0.26976507
-5.60407498
3.00370571
-22.52011853
-2.58509495
15.04132251
8.61714896
3.11252020
-3.41393663
-10.29089020
0.86154508
22.47559940
28.25359532
27.81338742
5.36538811
4.47237722
0.38463687
18.00947995
6.62982889
-7.42350087
-4.20869487
8.19641958
5.48425372
-2.73306067
-16.67259174
-0.45309056
0.00000000
20.95530824
2.27311548
1.06649684
7.33769903
3.52522069
8.15731397
-7.54558179
0.48360794
9.02479665
-14.30850848
-13.50560036
0.32639523
5.65379047
-21.60345152
1.93310956
-11.51545814
6.10976691
-15.40206320
0.71250547
9.32983336
-33.51594487
-3.78426345
-6.46695048
-3.99230990
-5.00689504
1.31751933
-7.63990882
10.36105579
4.75300621
0.36478301
6.23898567
-8.48470853
-5.23419652
2.31236012
39.83818606
15.75801675
34.64572453
2.05486052
-0.20749815
-0.97854042
-7.23565500
4.28826796
-6.08480904
10.42812807
13.05657584
5.66214301
3.85688599
-12.10724902
5.14126841
4.97476459
-4.12739631
5.62456297
3.73100124
10.30242862
3.61599050
-0.55113812
-28.08294493
18.07959364
28.89270629
2.07043723
12.64234198
5.02797152
2.39782169
-1.42914947
3.51854129
12.73105944
1.27475903
4.62086259
35.37544138
15.55276168
22.34054130
-1.34648973
-7.60271881
11.21504707
0.00000000
36.03852841
-7.10821502
6.09122316
3.87847883
-1.32182175
2.36792425
6.24994611
3.02866584
1.87265414
10.31013393
-11.53887846
1.35491585
9.81077260
7.39635275
-2.99728795
1.09365264
1.74648044
-0.01801899
5.52933283
13.00952077
-40.39713729
-1.43868334
-19.03142901
1.12787575
-5.99747459
-4.03620286
15.50197533
-0.18124468
0.81735053
7.66435506
9.63974656
12.90638339
13.69982680
