4.47999428
-39.41776279
-35.24962059
-18.03260773
3.85956076
-9.26054950
-9.33944310
-17.71733341
-35.42765182
-39.43517520
-31.82524598
-13.52519424
8.11971962
8.06029882
-2.50552801
-10.41887729
-6.96656176
-2.99733390
-95.06692024
-65.40015155
-15.35328605
-20.08391747
-2.84838098
3.20700405
8.57397943
-1.14220634
-34.60511707
-34.58991871
-20.03525058
-30.51828537
18.31010699
15.32557828
1.42298878
8.98681115
10.49972640
38.45047248
-8.77985695
-11.86946417
15.14662155
3.02958922
-3.50207043
0.00000000
-11.56197151
-7.90423372
-36.27913769
-19.93099870
-28.06865209
14.65027543
12.10751522
-4.85697400
5.77645285
-41.49070365
8.61328952
-2.07072863
2.95160924
-3.76294615
-8.70970990
-77.37291530
-23.44861400
-58.31084326
-19.24055456
-23.06950140
26.07706795
8.90151411
9.72721857
-20.50983054
-19.36309989
-20.53022666
-1.19693768
-5.61755570
12.85323695
-26.68719113
-20.13841810
-5.46286817
8.30408386
16.17245968
-16.01467082
-36.07412030
-19.74626906
14.77639702
-2.36180685
-11.53714206
-12.24167797
-16.74239869
-17.14026940
-33.41425741
20.19285818
-12.06468824
17.37127190
6.52403554
-9.20226096
3.65251004
-18.64648349
-38.37108284
-43.97961219
-17.79421227
-26.34102264
-13.78169094
5.10502413
13.45033058
-25.62766398
-37.46329481
-59.46808989
-26.30107593
-31.06939482
1.90713796
3.94720705
-6.64838887
19.97530042
-1.26545193
9.42194328
-0.53704808
6.64691377
3.91965665
13.40845784
-17.72960605
0.00000000
-12.84225884
11.11501925
-31.22966914
-22.28760529
-21.03387531
-9.68523071
19.19288933
-8.42585043
9.31623602
-25.27560939
8.90895910
7.07324842
0.21580921
5.78994010
-11.35106788
-32.62153878
-39.93055485
-66.48928250
-16.97829218
-16.79279479
17.77465480
-8.85448151
1.03938193
-19.43931294
-9.16289647
-23.38285619
7.77519130
-12.45856059
3.08301429
-12.93850934
-2.61700086
8.32152317
-3.58850207
