24.96091449
21.16288392
0.81217315
37.58918759
19.67278947
7.92217291
16.77607467
2.76607239
-6.05230282
-2.01804206
75.57069167
28.50877192
-3.69088872
-11.03374265
9.62877155
0.62940860
10.54491169
13.24598306
31.24347724
77.11099445
26.20772507
16.03034143
-0.42234868
5.97832800
10.42243441
32.62251602
7.01257841
0.93108194
17.42492156
9.36916179
-5.25025737
-3.90011271
25.06037507
6.51471393
-4.03350995
46.00385998
3.46848241
5.61921096
2.49374236
22.69665005
8.63306223
0.00000000
-7.22259710
-10.95682333
33.48251468
4.59826035
7.03887865
2.23618146
0.94841306
21.70673060
-4.71799949
10.12135167
13.00843517
18.63288931
-0.82981878
-4.07177322
18.57492369
43.50257502
47.43449811
48.19810324
17.62339859
6.73305785
18.22077899
1.66658089
13.96099679
24.88097736
3.28546317
12.73876036
12.57455736
11.74563193
4.95385974
-11.11705888
5.78997027
-2.42279278
25.13176428
22.98972627
77.63224915
2.61192594
43.88210330
25.11203646
2.73088867
5.93718512
4.33655632
-1.39281826
8.98365973
69.20710620
24.35302905
21.41424064
12.68155601
9.19909032
6.32258381
32.34707013
13.27078290
52.20863446
83.08982189
34.41558507
43.44440724
13.91764048
16.48419780
5.06058513
24.11089704
4.11191315
14.49520759
13.98157580
10.70181992
-3.83558084
2.30005361
5.13560611
20.93422151
16.65158140
38.54923605
17.07947861
25.87959725
6.70393774
5.33206383
0.99974117
0.00000000
68.03970305
11.89944843
32.19147837
9.16623474
4.35811449
20.18933605
25.81034816
6.84570307
-2.72171214
32.02445556
15.51306931
16.39646120
13.78031125
28.34502871
18.17300869
84.68542329
100.08469066
18.49284314
29.78374103
18.43456363
-3.25957333
5.48887001
6.29124221
24.03435430
-5.19852537
4.33503925
18.36629575
10.18471689
3.13599638
1.65795830
21.24695130
17.67168523
18.05492278
