49.55796700
-6.07406049
-7.97132901
-28.22129600
24.33920975
0.37609973
-16.33268690
-15.10364233
-2.33563880
-11.87927069
14.44392120
-14.43627522
24.68468640
18.60208486
5.11687198
12.63563232
-13.36850762
1.56750380
29.88464329
29.39501687
2.56544261
21.61728748
-15.35036473
22.50163821
-7.09194991
-12.72733330
-32.73010767
-18.00994872
-17.39259589
-20.53566249
12.55611582
19.28779901
3.70615661
24.51547188
-7.89162568
-6.08356249
-7.69655180
33.82616718
26.02686543
-2.53938898
-7.79862827
0.00000000
-37.99830302
9.19369161
8.92077050
-9.62579828
-14.35390986
7.32491060
6.22520720
-13.69021361
-16.51836240
33.53725531
1.97803253
-3.42336705
6.43194362
25.39497287
-30.40728247
-11.79816080
26.65381678
7.09596220
-16.92119383
7.90615280
7.07053491
10.41759716
22.84142714
-3.47214985
-10.78885222
-29.96679766
-9.53715011
-15.35391845
10.50945342
-7.59646105
0.57727946
17.50936209
-2.46634908
35.84949633
13.47637191
22.38238707
-10.44978342
32.24959845
12.03214299
-6.69495454
-1.03140371
-10.28602429
-5.52797552
29.43841295
-31.22623979
18.49510634
18.65640291
-13.04944485
0.97810034
-8.72814701
-8.40024450
17.58813295
32.07591557
2.25025971
13.11281441
-3.24289928
20.60829665
-18.94337583
-21.24125950
-42.09504815
-15.67643994
-14.28996120
-20.60265939
13.69118862
16.17255406
-7.27401192
19.94985128
7.56370762
-5.92582364
-8.52057591
-4.84367302
-1.37694822
7.80470989
2.89268208
0.00000000
-35.23199572
27.28580704
6.40788505
-13.72878017
-9.60119731
14.28635494
-6.27966121
-11.50335435
-7.77023621
23.85463796
-21.90352774
-2.96676084
2.20539156
-9.30425724
-41.12833295
19.94924784
57.88651902
-11.30437362
-16.40539835
4.96737712
26.80739038
21.08027494
37.88164303
-7.12380373
-3.91774214
-26.68551886
-38.79473790
-11.82342148
33.82719855
-10.97826888
-11.11559623
0.83836561
-8.71047672
