5.08388331
68.19821328
21.85771943
36.81290601
16.83497194
10.83675173
9.15607982
5.84623284
20.95897995
-6.43286064
24.59822916
-17.11824504
11.45521752
19.19674506
6.88227285
15.03700440
-2.71896762
11.71506616
105.09553286
131.36292494
51.49948601
41.22239432
-4.96261253
-7.46177358
35.61710543
14.43277963
27.68184257
10.45277936
-9.87076646
6.47206747
9.16817929
-28.25493566
25.67416856
12.69359979
-1.37543986
35.42996749
24.32578444
23.05592891
22.08102823
-6.05411159
25.45243974
0.00000000
83.82909509
-6.19045669
10.61807373
7.52319251
2.21623270
1.05332572
6.09927533
11.34764895
5.14284994
10.06765814
12.30041731
-2.70719998
10.05169264
47.60762937
51.41133986
182.30853014
145.09802062
84.74437943
32.98823863
5.31389726
2.59418775
-15.20290807
0.25928568
8.81264482
9.55253511
17.02482827
7.45532889
-5.49436045
5.41091839
29.96521758
32.55705104
31.89432935
30.69109498
25.51761346
91.50354484
-38.57625053
19.39691369
19.56183922
-6.93159594
2.47965024
-2.45546087
0.99284819
-1.84240891
-13.46934234
5.69836913
-11.31171081
-16.32457399
0.51837858
13.30159303
13.69337988
-12.11834789
46.31392216
25.07767779
5.61630068
-19.99513947
-10.66140964
11.38445402
-6.66240123
5.07861213
8.10464491
-23.88830990
-12.20563720
-3.74387309
25.46244114
-22.06020211
21.72695542
32.16750457
-31.14981254
32.28992567
8.84130918
43.85752356
-1.99307688
-6.19906093
6.91369482
0.00000000
42.59812577
-25.25425682
-0.06960254
4.33142691
14.01256146
-32.16025774
-0.24498149
1.41755701
5.58068340
-10.40913108
14.73412567
0.19752201
13.71717880
-12.54093872
6.52205363
58.66119186
79.62577415
19.56891927
-23.53999420
-18.31512863
-5.62369508
-17.21446212
28.82234246
8.15904206
-3.43096824
7.95977077
-1.60536409
-11.80152396
17.82141854
3.83738624
27.11928114
39.66881263
15.06427375
