38.77675975
5.57116334
7.04291380
11.11017919
28.55635170
-0.85782058
10.29697311
11.94390478
8.85361247
8.59175312
12.86958732
22.82754273
13.92684408
-4.20651150
12.61072079
9.54782466
9.24984089
7.22798498
1.79510885
-13.34221474
3.16595899
6.14894950
1.63779717
15.64098698
-1.15161891
24.61298490
21.67002920
32.97133361
31.41457271
18.09301496
3.00767476
-16.17146056
22.28793938
10.98886282
-9.15307952
7.10826124
17.18656173
16.21504830
-8.81332899
7.55766983
7.38501619
0.00000000
-13.72799941
-7.34425873
8.38580570
12.68043367
12.79341879
3.16086215
9.49456238
1.56100572
-0.23187413
17.47993009
4.53924507
21.05792943
8.51962455
-8.96830329
7.67055778
10.22991826
-19.16308034
1.47852168
29.73740747
5.18326803
5.55603772
-1.80403651
2.89872356
9.60336676
7.36680225
24.35868217
9.99171121
12.09330946
-1.26219735
3.77859371
19.71311272
7.80509457
-1.54341366
62.72548907
-4.31206423
23.83979819
17.35924435
25.03904834
2.62357999
7.93274714
5.91362417
5.29041773
2.93371416
29.25395576
3.86217415
20.71896377
-31.66091361
12.70411722
7.13761371
2.11689290
2.71644442
-2.80250713
-12.58837351
2.57524236
9.79606393
6.62213141
13.17610230
22.22273095
26.71241134
17.82246724
41.48836865
20.37810006
13.99634571
19.15561661
1.86192839
34.09408374
28.43344215
10.69378250
49.73307110
6.87773565
17.94171338
-10.87660681
-26.25833628
13.41062434
0.00000000
-36.08984868
11.15834073
13.26443487
8.81496189
8.53269943
-3.89165981
4.39524711
1.69834011
7.87546510
1.47292499
-2.39468995
11.64062947
9.81494747
14.96439242
16.63022655
-35.47708246
-30.70473412
10.09231056
9.17601537
12.48971628
-1.77514973
13.85163715
-4.37755085
3.42471464
9.31415822
23.83953509
2.63093500
7.82758171
-0.21508222
5.68704603
11.50714214
17.58620338
30.25425017
