-12.80318760
-9.37936916
-43.64583807
-7.78362770
-20.07759342
-16.37397051
-8.67659406
-20.15294824
-38.12045350
-48.05547794
-28.63638362
-10.49234091
0.86505023
-0.71770091
-24.84080394
-8.37046878
-19.25843897
-18.29774081
-58.04130783
-49.31922393
-29.74351423
-23.01715160
-6.91059676
-18.22349490
-77.23572271
-35.57454217
-58.93744309
-39.31499831
-20.08029591
-59.22448865
-6.29144959
5.16845844
-55.55981324
0.56207526
-7.20041792
11.19481520
-21.25166971
-14.31175138
36.51621700
-27.82042899
-2.88901694
0.00000000
43.08412609
-21.46963054
-14.12774550
-11.16191998
-19.94496379
-5.07593692
-10.79794832
-1.38696332
-18.01437087
-11.13692164
5.27113781
-8.63846877
-23.59476893
-37.78213697
-27.34003551
8.60348657
-23.36555192
-23.07801370
-37.67724228
-18.86054988
-51.90025862
-5.66679132
-2.86896038
-33.19131293
-34.10727909
-25.21692397
11.43137904
-19.00261835
-18.61935271
-17.28543083
-28.75810672
2.00976584
-13.98697247
-2.69017104
-32.59775662
-66.85868829
-12.08184956
-18.33919702
-10.65731912
-12.33335593
-14.08088734
-50.32678920
-36.78106379
-53.05202975
-40.89420662
-39.54833577
-3.05872280
-62.26909168
-29.42389137
2.08506206
-10.18432294
-56.29494123
-61.16955765
-42.10318079
-26.01794936
-9.62208853
-14.27435575
-127.13858456
-55.93311893
-59.90891104
-63.99889518
-31.67890281
-54.70055196
2.58652033
-3.18513183
-22.69120529
-23.40820043
-7.06523334
-51.66103738
-44.06600918
-67.61365714
-26.13500225
-2.12198439
-7.26510753
0.00000000
-16.20818162
-29.17521979
-14.70499602
-16.56811191
-15.09134789
4.57065249
-13.89212747
-6.42452490
-12.19596064
-20.97569417
-22.30852517
-28.39067846
-29.84020081
-97.26779426
-52.59911853
-12.81211830
-22.07450464
-16.34023361
-43.40160047
-13.24699863
-51.71293119
0.82372875
-3.82152227
-24.13582856
-18.02133975
-27.17667394
-27.68529987
-14.36967928
1.14949452
-52.88119783
-53.09462049
-66.90739296
-15.16956042
