-4.26220681
-141.05803838
-18.38354920
1.03105112
4.90944672
2.24066078
-4.25996589
-19.73422870
-7.93363604
-7.16162531
-100.78312197
-52.15945618
11.77583655
-23.60261581
-43.32498035
-3.40109112
-17.04946271
-40.56256512
-126.37106797
-142.00349658
-61.98038677
-58.09114867
-18.23426732
-8.98037531
-43.82839594
-19.97038473
-84.23226913
-56.77699615
-41.59328635
-41.86897034
23.91742578
9.54349814
19.57563161
-39.49596456
-26.34728356
14.49066262
-51.96692659
-58.64146989
8.33912931
-54.64848968
-11.13879072
0.00000000
-111.45969390
-58.83632094
-51.01813123
-23.52307079
-11.59856335
-32.70238262
-9.54553404
-15.33028562
-15.93609730
-97.17422516
-33.74092826
-7.90643969
-3.27457004
22.37423793
-44.67226774
-120.70190063
-120.19606458
-63.06705642
-53.73382497
-28.91082420
-49.99703539
7.97907105
-14.02562045
-23.27995477
-2.73006845
-11.81438506
-17.25865040
-25.16871800
14.15248023
-5.63042296
-42.92718719
-1.55222135
4.59036574
46.41762936
-116.04932445
-23.63671796
-41.59175910
28.16632690
-4.17568309
-17.45298421
-15.85737004
-16.89696336
-13.79836155
-98.10008298
-48.55773979
-24.02620254
-17.62088472
-64.11968108
-15.12557760
-30.88074578
-30.51402789
-68.80963839
-114.31730762
-69.79528213
-41.30528927
-15.36742982
17.11856170
-118.12770948
-45.31561711
-69.80861373
-85.79227551
-71.04410262
-39.71052415
10.04911637
12.21444119
-14.06980462
-69.70413551
-26.78615590
-55.44778944
-47.59693930
-78.66123019
-9.19677864
-35.34875107
-2.99829297
0.00000000
-99.84015833
-13.18031066
-39.36461423
-49.44564935
-7.73903730
-10.14043862
-38.57645222
-10.47598130
-15.61612942
-52.41184765
-33.45767650
-33.35262141
-19.30332846
-90.77942041
-71.05216213
-104.17173403
-106.68784783
-27.95848262
-52.67858695
-26.14222825
-11.52315454
2.29785857
-9.47674111
-44.20421600
-4.62158025
-36.54031762
-48.95592677
-33.91747127
1.37997291
-23.15195986
-59.47001893
-59.54461392
5.43575381
