-48.28455063
-50.34837694
-32.16985257
-35.68869687
-30.30271162
3.33330603
-3.43022625
7.47030893
17.28854929
22.27544688
-27.25064852
-5.10358577
-42.05692224
-34.05415372
-27.36519873
-20.10083678
-19.84453433
-15.22970768
-53.91365383
-54.30261857
-46.71416025
-22.18082156
10.25926191
-26.17420041
-18.25650869
-34.03865021
-35.79851319
-19.99181102
-3.97808548
-7.10428294
-19.40494838
-8.41996332
-19.51038496
-33.98323033
31.44161423
-82.18912319
-12.94891731
-52.02837230
-22.83800324
0.17642396
-20.92397181
0.00000000
-39.61371972
16.43410819
-7.01583047
-7.60159674
6.24237737
-1.31086905
3.68334149
-0.39393178
2.54975505
-30.84366814
-8.80930762
-20.70307457
-15.32515796
-62.38491343
-23.82746683
-125.28736897
-97.90019206
-84.39043538
-26.43061788
-12.34684664
-40.76531503
-3.76320710
-7.11134788
-8.32783730
13.47502714
-12.45649814
-0.50235865
-8.98352743
-1.82412710
5.92818221
-31.72891308
-32.19414427
-7.58599573
-39.66315267
-129.80579901
-19.67203182
-24.45246729
-45.89706431
-2.82965994
-6.14945708
5.81532568
13.12630435
22.81255324
-0.64203690
-31.33149095
-52.40193772
-46.38505230
-24.12516430
-20.26344305
-11.50230514
-15.45934714
-80.93420325
-30.53682166
-21.40126341
-16.60282002
-24.21073483
-41.61536779
-4.87516693
-5.63132535
-22.92010299
-13.30766237
-0.81856455
-6.66948126
-30.38062012
3.88179526
-10.35410028
-5.63176031
-12.79640065
5.05150135
-15.99857582
-62.89808206
-11.91674415
-17.11465384
-4.17269831
0.00000000
-43.40974697
-12.11451366
0.01212932
3.99752263
0.90014044
-8.18677976
20.51744883
2.61159753
-0.00515838
-37.75848154
-9.96443219
-24.46349726
-20.10096299
-12.50682654
-15.92038596
-107.35620966
-105.60047089
-65.13627448
-13.76343962
-8.56201254
-28.44549882
-18.73048809
-17.85501926
-7.24416785
14.05878202
6.23745724
-9.07218432
-9.88709082
-21.14100170
3.48385925
-36.17281519
-34.80954082
-6.19688688
