-25.95239043
1.00812043
-15.69609810
-9.34138584
-19.06293716
-1.44006599
-12.23567921
-4.18501552
5.66789635
-4.54684677
6.68883982
-29.90277044
-51.12153415
-31.44299963
-29.59004399
-13.05587425
-12.25765745
4.37409853
15.65885466
26.22630322
-8.87113862
-3.34621296
-7.39443435
-37.46519562
-13.39077435
-24.29946798
-39.34544743
-3.11317195
-24.43248975
-29.63668837
-28.38990937
2.53777208
-9.25848856
-13.43061423
-5.16987930
-19.17270913
-15.91665214
-26.38593069
-36.10217976
-14.12689875
3.53713261
0.00000000
12.35235363
-2.08852195
0.98105242
-12.97419122
-11.06794020
-2.99222429
-14.91038422
-4.92063876
-10.95476286
20.22890057
-22.44312954
-14.56271844
-15.15508897
7.81290912
-21.71156062
20.67526448
6.19030175
2.82162320
10.83793332
6.66994549
-11.22662149
-24.14838585
-31.87817156
-11.21237534
-2.48052286
-12.89989227
-15.94510678
-11.21614653
-14.14134282
-3.58298201
-13.16525960
-8.56779908
-9.74339617
-53.40676524
26.45007663
-25.93579155
-30.03545620
-42.24678949
-10.66948098
-9.37763618
-2.44015115
3.14764576
-9.92504432
-6.86685343
-55.63503929
-72.58453282
-70.50941052
-47.02077440
-21.45101296
-12.11290691
-6.92866161
22.20883810
16.43028290
-14.83793047
5.73413419
3.24523101
-55.13084191
-13.95955901
-26.64839016
-36.28709769
-18.35447060
-8.12703873
-28.26224033
-19.00309454
-5.20816059
-4.81268977
-4.13836782
1.79760859
-16.93583160
-18.14410551
7.28153593
-31.61098504
-52.67136902
-7.83062846
0.00000000
31.31536653
-12.29412393
0.84807069
-1.02597930
-3.92763676
-2.33885880
-22.78059150
-16.12681455
-15.82879914
3.50076736
-32.90978732
-34.00032892
-23.84918139
-4.18114848
-23.96686535
28.21502755
5.76942651
-13.74221006
-1.58194605
0.53579928
-105.65790499
-12.34029589
-29.14380836
-7.13576682
2.91645256
-10.69420945
-32.29633689
-12.27158697
-19.37802600
2.32608524
-9.82546663
-9.66074082
-6.82266817
