-6.75365478
-106.42094961
-5.37407718
-15.40347325
-15.58776917
-2.30560728
-21.00698974
-9.15575063
26.66537329
9.62923346
-50.62029615
-62.75207400
21.58922861
-8.80506773
-50.39513616
-4.69412506
-38.05005298
-37.01733228
-128.96137413
-85.36371301
-16.16117270
-3.65636953
-2.26871601
-8.33637807
-25.41078235
-36.64835139
-40.50701972
-33.58388289
-47.10509048
-28.22579658
8.22105173
-6.22107103
-2.14032857
-40.61392250
-37.13456054
-38.64639716
-18.21474948
-30.68661717
23.50095010
-44.82561461
-24.83916692
0.00000000
-26.43914066
-44.33274171
-28.24477622
-23.15471589
-3.22009121
-5.10011384
-40.05866783
-25.28348545
-11.44786198
-64.14100617
-42.02752610
-33.03236661
-20.16119111
55.11011577
-39.29469593
-139.38784671
-69.69332700
6.34435975
-39.82518152
-16.26140880
-46.71960361
-0.94132455
-17.78231230
-44.53166920
8.08044045
-34.29958651
-16.64561479
-21.97726845
22.01474278
26.24940429
-21.70759916
5.23606617
-11.11797902
32.35507298
-54.45987928
-6.95846277
-11.44347892
39.92167007
-1.61895631
-8.68845728
-6.73959413
4.03387721
-7.49318682
-61.04064320
-54.25524760
-3.41608218
11.88043225
-41.71173800
-3.35244537
-5.75511928
-10.48460973
-35.97428666
-67.57173497
-29.93063833
-22.99022615
3.45389659
4.69125242
-26.06372895
-33.31406244
-39.23434782
-7.47079717
-25.31287759
-28.49127240
0.17251637
1.40070029
-51.11346477
-68.45901610
-8.08879415
-58.09581542
-34.21846952
-34.30645725
9.79938875
-7.32853098
-2.00837451
0.00000000
-79.69500586
3.06029347
-35.69508381
-16.29376319
-22.83318481
-13.98969486
-28.81230028
-6.77692750
-6.67066414
-4.68700896
-29.96820216
-30.62284945
-18.11487302
-48.09759675
-51.53685377
-85.19456226
-69.46405706
-23.55061057
-37.14164656
-8.02294576
-17.03368756
-13.72159919
-0.51595643
-43.40435732
3.55239563
-23.02413949
-33.00771866
-31.22859849
3.92257767
-4.02905925
-25.05305516
-13.96449889
-26.29426232
