-4.78882918
-82.09666321
-42.57201931
3.82362570
-7.52381300
-7.70202097
-0.91892979
-24.49110845
-26.30231919
-23.27712371
-80.69531000
-26.46294591
22.51556879
-6.03137360
-27.53570992
-4.20241947
-22.47576255
-41.67514999
-117.86457753
-138.49267134
-57.19494097
-47.29303791
-10.41200517
-3.19957135
-55.62678827
-23.55099987
-73.37594340
-51.66070550
-28.61271963
-45.67312417
21.48448564
6.08663549
-22.17435028
-18.49370604
-4.14928746
15.10730301
-36.91069422
-42.60983573
27.66351614
-45.47483210
-8.09540906
0.00000000
-28.76011105
-45.63896713
-41.20546910
-17.60956909
-15.89053955
-20.07302838
-8.21634029
-9.65246471
-10.81742974
-67.48167804
-11.94462503
-4.01350574
-9.32270141
-1.64612011
-22.58289038
-74.11030620
-97.81046489
-60.13804265
-51.30235376
-32.80640132
-54.53476165
9.09274331
-4.21857050
-30.29362440
-18.68010286
-13.05593728
4.54804851
-18.51340806
5.61514459
-10.54819599
-37.33503573
7.38092935
0.44026295
54.79842683
-77.52718833
-59.46459611
-20.02033749
14.05061020
-7.47797293
-13.76546964
-18.61854748
-40.88313464
-22.93449876
-86.27936843
-36.43860578
-34.19412358
0.68869898
-50.86187537
-23.34344748
-6.87174886
-16.38220366
-76.71923778
-120.04808580
-67.81461469
-45.69864591
-19.82520826
20.51518433
-135.09565673
-53.92066650
-60.59895149
-87.70448892
-55.95422805
-48.49041285
15.03048476
15.51337095
-9.41594369
-55.75336646
-30.57912632
-55.98634766
-45.99379964
-90.42730451
-15.06180782
-19.86818607
-9.73680044
0.00000000
-69.50082788
-26.56330658
-36.89695553
-32.31634503
-13.47453305
4.66307673
-29.79865298
-6.80157588
-13.89573620
-44.11083903
-17.18176255
-21.32324043
-20.92104079
-104.15921719
-54.65823827
-65.02225677
-92.37162243
-29.82454656
-52.28907490
-28.60633779
-20.52202356
1.37345355
1.28345152
-40.00012497
-15.94675556
-32.27094420
-30.96501053
-26.32786104
16.86320154
-43.85401123
-66.22111396
-74.30610095
-2.46421232
