13.96186324
-12.43334135
6.69334621
-2.99004182
35.11487735
23.30268007
3.14611055
8.89169441
15.28048010
16.50992197
-6.62148620
24.58449226
25.08689346
-11.93698977
-6.09014441
6.87588841
28.88699549
52.61050698
-32.36838627
-46.46361183
-22.84354253
-12.56375942
1.67052060
15.79471095
-2.01325703
10.46441142
-47.34357152
-31.89357055
-23.87623146
-6.28608200
8.42487986
30.15729625
16.34574815
4.84916229
-36.23531563
22.32987446
-2.14178489
-12.35349881
20.76379187
23.35786221
17.45860305
0.00000000
-34.76264564
-0.69699755
4.10888363
-5.45439319
16.89484826
24.74244253
-16.19431307
11.23938534
-3.68893295
4.29459674
-9.28639740
10.48824626
11.18914078
29.66299930
-16.52391683
-49.31344504
-70.30414568
-41.38564034
-1.62648598
10.06501108
-0.58084308
11.70778789
17.96587501
20.23017112
19.81049017
1.73297563
7.06378355
-21.76392590
17.94788375
9.86853604
-3.70088927
-0.81747708
11.31913884
32.80156375
-54.14349112
-14.50471886
48.08314867
-2.54130036
22.13842342
7.76237426
5.19523146
22.26394816
6.44236603
8.83817396
44.74670049
42.87565997
27.46561479
-1.71317347
5.94530807
-0.93351934
40.55289750
-43.45705850
6.05372500
-36.01930426
8.50271429
12.13729145
12.45984654
49.12422690
40.00069050
-31.62753644
-23.57854919
-10.42347035
-0.49389894
3.36335746
35.37223962
50.84708734
31.54331726
25.90521152
13.46487359
-2.78068202
5.69678369
6.66573474
-5.22724636
23.15667333
0.00000000
-10.61157543
11.70424543
15.04889965
-5.32141223
3.71185959
18.77068060
12.92904929
23.77213416
11.29085194
16.04681649
-2.58315754
7.56797548
6.52091098
77.07045088
-9.71488036
-57.33338447
-92.97772094
-35.48923475
-12.37646949
21.30482865
6.19149220
18.81619220
7.50930848
8.57933307
14.45367566
5.16135936
5.95281978
-12.00605149
25.77021361
22.61877798
-6.16691711
20.71342832
27.80430023
