21.68843276
47.00165182
-17.00415428
-6.25311824
27.58441212
7.51423764
-14.27445179
-5.64859809
-0.84839101
-8.19146462
-10.03664598
-21.98732453
10.10219074
3.60449891
-33.53098200
-3.24451457
-5.80387448
-0.00949582
70.20315017
5.27677761
-15.86934441
-12.83017423
-13.00054364
-0.78206268
-15.17079974
-24.42985574
-15.58435771
-10.16140289
-23.04220450
-15.53516827
-6.34854897
2.80222140
-25.06672061
-21.95423289
-18.04501735
-37.92719779
-27.08423611
-14.34906883
18.23603906
-4.36335354
-15.19665877
0.00000000
29.09460872
-4.52886066
-11.67366086
-12.12071305
4.33349199
-7.54056593
-14.11747950
-8.35826091
-15.13914235
44.85671266
-12.49936285
-13.52983000
-12.07193463
3.08633249
-26.97302574
32.68323004
6.82780709
16.92629469
-8.68215538
-5.49581715
-15.86438607
-4.17053874
-7.33729274
-4.89052844
1.66046361
-12.21443223
-14.50809765
-21.79915260
1.45699634
0.81460334
-21.45839843
-10.31299558
-26.71521476
-62.94329483
6.90924143
-16.42070456
-25.22900453
-26.88652516
-1.04197431
-12.54636702
-5.38196818
-11.34321518
-24.17358896
-11.96143873
-37.09973511
-30.93465682
-9.44495956
-71.94301889
-9.79674838
11.51589263
-12.81664173
11.91407382
16.14234636
1.74811345
-28.80599586
-5.71447968
-52.78641483
-51.85164991
-3.40801326
-20.25470367
-7.54187495
-14.18950155
-16.33517416
-7.22853818
-3.33205658
-17.42615079
-24.98676593
-21.79663555
-7.97395050
-4.66380044
7.36587992
-31.97444804
-29.62904149
-9.85666782
0.00000000
-0.49017157
0.95550945
-20.26194814
-6.78307537
3.30685095
-14.81035660
-12.69584572
-8.20227160
-10.70727152
-4.27171413
-37.59905351
-46.22676867
-12.97736972
-56.32228490
-27.78046593
17.46632066
4.01611099
38.16742808
1.01277422
-4.48666032
-78.30134294
-11.98530548
-26.34600149
-4.19385834
-8.80341809
-10.44730857
-30.44779372
-20.00214291
-16.26211541
-9.95610077
-1.57034263
-2.52629672
-36.07947588
