-16.85531430
-92.49447145
-5.06284463
-60.63540383
12.30749493
-23.88508095
-12.79578440
-23.12112656
-9.84825974
-20.08441342
-73.00017990
-119.63892931
-10.03386816
-78.62590637
-36.58419055
-3.07228979
-44.22092330
-49.35778354
-184.65320538
-173.39181475
-48.31066591
-33.56619510
-16.90063886
-14.97705664
-115.88336196
-117.15911260
-65.75493137
-81.99197070
-61.96768350
-25.74558239
5.72157274
-43.69852545
-38.54298806
-51.54944549
-41.11906329
-61.28993415
-29.65444202
-49.54613369
-29.58294231
-97.65833276
-53.99505093
0.00000000
-0.53669940
-7.60420951
-46.89737827
-57.61715877
-16.91323731
-34.16812796
-54.52927329
-39.57092944
0.34268178
-74.53802706
-44.79504525
-12.82828794
-2.88968465
-78.33517440
-75.77144687
-164.37456307
-206.38851755
-100.47856587
-81.49684934
-52.99678818
-83.38651150
-25.25869888
-23.06920929
-32.71408817
-1.66876044
-64.65028070
-60.08888182
-55.11662902
-12.07993892
-11.77085757
-32.56522019
-53.57793801
-76.55037280
69.22190970
-128.34164108
14.00817881
19.95661190
60.04030357
-4.07103039
-11.08748555
-18.06561480
-5.62620337
-10.09908632
-99.14823091
-37.03195792
6.77694876
-55.80260286
-25.22355007
-4.36172537
-20.41510333
-18.88280442
-113.05736042
-150.86428656
-60.91043401
-27.23420948
-3.98405633
-4.08528408
-106.30900726
-50.60177128
-13.98728776
-17.07943504
-29.09133663
-13.58048513
9.43369681
-35.01135209
-29.86522938
-87.20505230
-53.43447548
-68.38264148
-51.44332233
-61.64323162
-10.45150410
-48.19330169
-8.24659425
0.00000000
-110.01990511
-24.63795265
-41.06071272
-24.05552243
-15.01482296
-0.76691296
-47.36772565
-5.09371825
-7.60269608
-66.46208949
-25.20703516
10.48282611
-1.56005393
-76.52593913
-64.62484940
-144.56514635
-177.43039064
-29.54006431
-65.51073965
-21.17255192
-49.12493453
2.22503965
-10.98099037
-51.12854031
-4.87971511
-23.43180382
-36.05145812
-17.54379931
6.94234298
-14.97484800
-64.82180371
-57.62081828
-34.12249119
