-24.55568372
10.06026244
-3.95701209
-28.88571982
-29.93248705
-10.84661597
-11.10356745
-1.39789435
-22.52163649
-27.87304077
-96.71541687
1.55404109
-13.98270264
-14.22796949
-11.14510516
-23.20820589
-19.76244774
-3.20242432
-3.80655301
-101.84155876
-10.47455803
-50.34095586
6.08089426
-14.91191912
-33.19858253
-13.15770017
3.02211451
15.49764258
7.36810483
-28.64659254
-21.98557761
-1.67870684
-11.52424673
-17.88792772
27.23386203
-22.07511182
-5.42841082
-8.22587556
-9.60943741
3.93117105
-15.12976822
0.00000000
-10.62165904
7.46128226
-45.63629588
1.45584219
-8.14427480
-2.52450192
14.84896377
1.93126717
-2.70750481
16.17307605
-2.39337665
-0.04597394
-18.66897764
-28.30023628
3.34695309
46.90826012
-38.57101920
-6.78379840
16.35797740
-20.67508066
-29.28061392
-3.23833300
-11.05109512
-23.95172120
-12.10676648
11.09083429
0.63477557
-0.71400164
-18.02630660
-30.06011974
0.39806937
-26.57160192
-17.90679616
-28.39048119
-15.20984597
-4.25296848
-19.50990899
-47.18863208
-6.75554958
0.08897220
-6.93110038
-26.02217799
-31.34346627
-52.78151607
-7.34264690
-59.68745832
-41.60922277
-30.38246067
-20.58802322
-11.71505719
-9.41474476
-54.09668939
-66.65074982
21.02704129
-38.44089612
-6.20476932
-32.43592384
-66.16172074
-11.54589659
0.98624026
6.37623386
8.69825129
-27.96585424
-7.44097631
4.42745898
-16.15643063
-26.27148638
-17.83900150
-12.13299853
7.93515453
-29.90876688
-28.86421492
-17.25665482
-17.11270396
0.00000000
-37.11883494
2.32685010
-40.19901263
-1.68700897
-8.04461388
2.20559969
-6.21163799
1.45493867
8.74364463
-31.47541163
-9.84683265
-4.87951441
-23.57954273
-24.87345109
9.59934669
-29.94815600
-55.20148158
-6.58874513
14.81794357
-18.94079549
-69.13505579
5.10573057
-19.29072175
-27.20590028
-7.50632797
11.40696818
9.12088219
6.28262843
-9.37399378
-27.92178047
-4.27639560
-60.84069627
-24.82774417
