23.20867245
43.12071637
33.04891563
50.93966091
-0.28957286
27.56490933
27.46330361
29.08054126
8.48113000
5.15553582
53.18906563
66.99805303
33.62952318
25.36754674
30.77849303
21.88828311
22.63930423
20.16725298
53.34854749
71.82962844
40.22188352
38.49671480
7.97196441
25.40265738
32.38040096
69.39064919
54.80279319
69.03287588
64.59290147
39.14229360
-1.06256519
10.59289820
59.02306188
37.49419158
24.65919975
46.34626060
26.28533238
28.79422682
24.39140030
29.79421422
15.55371620
0.00000000
11.03373877
2.25423583
42.20659052
39.37788934
28.61214153
27.28888318
26.80791368
22.45540524
8.66883588
43.22256917
4.57011793
24.02062204
13.41926344
30.46546880
42.90017607
61.97816580
72.68805092
27.67887668
39.33663937
32.08492064
22.23557711
13.78173308
25.59193943
33.26641938
7.74591028
44.27443464
24.93771627
27.35903911
15.83944792
4.60430445
17.26908124
18.63964629
40.45974368
18.36624267
71.12840452
36.69303549
82.18349210
15.71058197
10.18344741
12.72740598
19.14951246
13.27487400
16.80139088
83.01661610
59.41052835
24.59587764
-2.30252918
33.64254176
18.95061851
28.57179300
28.56462084
41.68818407
62.39082123
50.84249829
42.63697442
-3.70988230
4.73334966
17.43620865
68.99476458
60.75712919
87.80734184
43.22962831
41.10460025
5.90651487
4.26522802
49.06334781
24.26400379
-3.11463101
84.13055246
7.64319443
4.11499557
25.60440827
37.80514250
35.22562093
0.00000000
53.15093669
-10.93204982
29.08374318
42.83606698
20.92489337
37.31121397
24.83429362
27.25400980
1.94811367
37.01639010
26.43414108
30.55008143
18.79808810
43.47588115
53.45565657
43.80049786
66.82012586
26.71660199
26.30035846
8.47564817
21.46434345
11.95564903
-3.65773904
41.89329193
9.76612207
44.94071159
39.63945238
33.96213753
26.76341104
17.25884453
-8.17154807
16.59477953
37.05970468
