17.49867967
14.10392283
2.62031263
-0.35665783
12.63699222
0.20250366
12.01743219
-0.73612902
-6.32526187
0.05337120
-10.95765800
6.81633062
21.39484437
18.03911268
19.28312484
11.80868767
7.93424374
-8.24278263
6.98610637
-30.82213343
-3.96009280
-20.10499499
-3.04930999
11.69999022
7.54068232
7.01269999
32.63962578
25.31535395
28.75616532
19.92261970
8.37791324
-0.67558598
14.06127613
34.09366568
9.93187510
8.42514343
5.93955394
11.60178439
1.72300741
-2.32789583
5.95867919
0.00000000
-11.52938239
1.28526905
-12.09063986
8.40968496
-0.67256797
-15.75014793
11.25412793
-1.49638931
-9.20057288
19.05842536
13.44799936
9.45771616
12.00587858
-20.81829094
13.58987869
-12.06010062
-37.25178564
-16.36219782
16.50712953
-6.88769118
18.86292036
-4.59035856
4.55342560
-8.55736393
-4.93088360
16.24865933
16.69528207
20.19150109
1.46774095
-2.26365484
16.21449570
12.41716029
7.78612311
53.90909576
5.68557013
35.06449676
7.78455248
27.10836486
8.10865174
10.64319831
1.57907126
-11.72537218
-1.33652838
-0.74785635
9.13272405
8.26965775
-0.92591315
25.77518399
12.73196016
2.72963273
8.72430145
9.62395929
-34.31965898
1.28461920
-11.27588994
3.41306666
15.19258837
27.02794306
8.36052456
41.62966258
59.60359023
38.09652550
8.86914316
-0.71544519
-14.78848684
5.52368207
13.37585750
-6.65379198
31.03378167
7.72880647
8.57532301
18.96012557
23.21098479
13.01515195
0.00000000
-35.01550990
-17.55889975
11.38581889
15.86495542
-3.21423427
11.40755948
-4.30270554
13.33476107
-9.66213372
-7.47219082
-2.32997908
12.88478934
16.07057400
-17.14495241
20.81958142
-11.49635676
-45.41945723
1.49720637
5.26412034
3.34392069
56.78364318
-1.13058996
25.10408415
-1.18566941
-1.88597144
21.73777018
7.93305893
9.56724260
-5.04545134
-5.76543668
5.25686392
10.91462118
1.82350984
