-46.68786595
-81.61548459
-29.39958857
-0.65088911
-32.96284860
-24.02362739
-8.01101358
-12.64076408
-26.31398344
-54.20598016
-48.44264006
-4.20491694
-26.45793807
-25.57410801
-20.08586649
-16.05639687
-15.94949820
-26.83884032
-100.89245948
-87.65319786
-56.42566699
-50.03498690
-17.09235102
-21.88362700
-25.28546479
15.74010515
-65.81128162
-39.65003096
-28.46273344
-40.52628992
-20.50722839
-10.69902029
-31.38201019
-6.39793178
-57.88804826
19.71321090
-14.66537537
18.13275235
-6.46760834
-3.15469300
-14.08955043
0.00000000
-20.83764010
-3.31030352
-52.34806133
-30.71162057
-27.65224141
-17.60866973
-21.73551433
-14.42369559
-9.05001146
-78.26600850
-18.37393324
-23.88519274
-21.37409323
13.97761949
-44.71833030
-119.40578827
-81.06065224
-38.13187790
-51.30130589
-36.31179103
-42.05472331
-2.81656619
-14.87114891
-27.44346053
-37.68480085
-25.86879022
-15.27337139
-23.51145153
-36.00519009
-16.67533664
-13.37893800
-8.46522456
-41.78985966
-84.38835529
-28.04194138
-25.28344750
-3.24372753
-35.57327123
-10.10935494
-8.20699240
-12.15365504
-15.34798503
-61.34442508
-52.22338857
9.64756374
2.17072050
12.58266569
15.23559050
-2.58709526
-10.85639012
-28.51814985
-86.74630005
-21.37696900
-48.76744422
-47.42829499
-12.23364661
-34.85836728
51.07393908
14.13492189
-55.08028310
-12.22053599
-26.09926838
-27.84500430
0.65351655
-35.07228605
-22.68020485
28.87849289
-8.84843905
44.01442971
-33.79695904
40.93240108
6.37083907
51.62574957
-16.99166574
0.00000000
-70.21108975
-7.38556348
-34.84633382
-24.66202145
-14.59820663
-23.48895979
-22.88314394
-16.94618113
-20.04031848
-36.20711285
-15.69027092
-7.46916887
-7.29095038
36.67506282
-42.22334185
-123.79977272
-79.34469288
-51.33568423
-54.10837301
-32.38614779
5.12468759
7.77462843
-22.67601747
-32.57157314
-10.36902524
-28.33608244
2.00327487
-14.51940106
-15.98596378
-13.93183625
-20.63248813
52.29329350
-32.03696629
