88.94805404
36.22475685
-34.26551189
-45.89311031
73.75298927
-8.55631303
-27.59910332
-18.25744529
0.72077242
-5.55158544
-24.30273352
-21.32838371
79.22598407
17.30781867
-9.66705754
2.70423817
-12.00775948
-21.55739591
64.13477741
-17.33324505
-42.16700341
-36.85926885
-14.57267995
38.22622964
-46.54105899
-43.22695455
-58.13163017
-51.74238467
-58.60153163
-22.55411044
39.73164527
-23.29203162
-35.98352473
-5.41797738
-25.97944792
-49.97636047
-24.79610859
7.05147303
13.84553849
-44.60061677
-19.57220646
0.00000000
-30.93714239
3.13298030
-30.18233989
-39.32532434
-33.34515020
-23.22781054
-9.64292721
-30.29167884
-16.77271548
43.06315805
-0.40763726
-5.78787624
-9.30680047
25.83021307
-44.36256618
14.34807177
-84.89058601
-34.17922778
-48.53132787
-35.86228133
11.07718060
-9.78425249
3.01111802
-16.02647695
2.21874564
-49.08936610
-17.01759896
-42.95281232
17.24806686
-15.80555377
-4.36751851
-16.37788846
-29.44476717
129.74101688
-40.28855612
-48.46556390
-11.67436399
57.75548868
-3.54469949
-25.12961526
-23.78146082
-1.79448000
-25.43258335
-24.05055612
-32.43002458
99.03736611
43.54473004
-7.11138924
1.18407124
7.95658313
-18.78047705
-81.92617081
-16.23166303
-62.68125852
-16.24516459
-7.02450619
59.70121203
-25.36464957
-34.98420501
-67.89992689
-81.58160459
-50.47438862
-37.13788239
39.10117062
1.31624367
29.53486488
-5.59452835
-27.53752146
-35.45723712
-55.13416692
-13.12659535
5.97433994
-81.81800793
-42.12619162
0.00000000
-14.31123342
32.11398317
-23.87864385
-46.68601526
-27.71551265
2.90249727
-4.54998023
-39.92611645
-21.30031071
-39.32861714
-27.42529642
9.40139366
-7.95384344
17.35821198
-52.93547403
-54.70179702
-88.29537610
-73.99010819
-66.94419822
-16.55938390
1.21257345
-9.59486778
16.67507873
-18.67105827
-14.92884596
-54.55977501
-42.17843572
-49.01149218
51.85352233
-2.87004898
-33.78684446
-3.00902584
-14.53873766
