17.84058445
28.72377993
12.46713366
21.37580211
4.16521430
2.58661400
18.62630318
8.42187885
10.96592578
9.01596849
10.08592333
54.33170300
17.42112049
27.76749938
41.80145471
16.85919457
2.07921229
7.57168055
33.38257917
10.68205674
10.29744572
28.05902608
4.19357432
5.03611563
11.72878948
27.10743196
43.58956880
28.68410373
38.70876428
28.03947339
-6.52953917
-28.14186738
-31.65967100
-3.12613687
-1.20162090
-10.55716294
8.52996413
7.08146415
-1.24287514
53.87358272
14.59204138
0.00000000
20.67963370
2.86262927
9.24562907
24.52102974
8.71367527
12.48764978
-1.01458448
16.83680342
-1.98590441
32.30291693
24.12370905
29.11641346
9.51287717
5.69573770
26.24643173
13.29106247
-11.20790386
-0.25693674
3.04694712
14.88743975
48.77541043
0.72854664
0.90374006
-3.61605002
10.43763998
21.93986369
11.64220477
16.92352957
-10.36836553
3.37592850
8.44161412
-5.30419410
-23.45091108
8.15960652
21.38833303
29.06392681
-12.31526433
21.23635046
3.55805092
13.15057640
7.55873844
19.31530958
23.45248339
20.11717215
1.77486288
4.89807532
0.60535159
44.31826201
13.98492983
-51.97186445
-6.65449042
26.24089949
12.90182752
14.13779347
14.00098403
3.55142562
2.71295222
36.02527066
20.86933685
37.17006882
14.42196953
17.09715819
21.94207296
-9.62896221
-0.36506450
-16.20979226
-6.73766267
3.65338665
5.43712716
19.87726567
11.85588429
24.35848260
16.19881279
-2.53088926
0.00000000
52.58668186
-10.61737622
19.11918904
11.36286035
8.36916673
3.30732094
-0.94743459
17.55198617
-7.06200637
38.18536330
22.45464736
29.48409302
24.45982703
47.75807519
31.61211033
46.37852928
9.19133842
-10.52966691
9.10584728
12.14433997
29.15772379
-6.54484786
-13.40270123
2.76657613
8.10889264
18.70132831
25.84761478
16.74782123
-5.53341863
7.76267396
19.79520540
-4.40088494
12.81129595
