28.33352296
-2.38728624
-11.08468443
35.48182863
30.63117582
1.91280405
10.01515842
-1.73537595
-7.66362608
-3.91973734
52.55320013
17.49069979
-5.07830616
-4.27648510
-4.17624975
-3.08804014
23.05300678
23.42436373
10.67651233
48.89495610
-0.53571849
8.81574581
3.95609395
0.26585077
-2.56302042
-3.44099012
-10.52864554
-7.90285263
8.78132854
7.96327468
1.28597563
6.82172061
41.17405546
16.45167938
0.36061519
35.31457020
-8.06407059
-0.67760667
-2.63030882
19.66687973
4.73084380
0.00000000
-5.63790513
-6.84367920
18.59209039
6.17200717
7.20335613
9.68061318
9.40208392
14.95102173
0.75237665
-17.51847666
10.50164282
14.97799877
0.16428282
-45.78234944
2.24974740
17.00076319
42.97983975
22.75678971
2.40534385
4.62740129
21.98187594
-0.73571568
5.49094697
26.05270063
-4.80842224
-0.26844226
2.36061109
5.24522658
-0.62320261
-5.20052454
-0.24097607
-10.46223428
29.18709636
35.18493335
23.52685205
-21.48837085
1.71712643
16.27739247
4.86969085
4.01943625
-0.76927421
-1.52014395
11.14566631
63.68559725
2.16820022
36.14067962
22.80078721
-13.68536426
2.45018633
10.72074335
23.15300151
25.35705711
63.17192083
7.66407502
42.30737474
13.89305465
26.92316170
-16.67588031
-7.14570009
-13.24148306
-16.18749788
-0.25912583
12.30400657
4.60468557
9.38937353
11.24918191
21.32470640
19.41558743
10.31672789
-3.51370126
13.88699029
13.15712597
5.90500641
-1.87426324
0.00000000
31.40468272
13.88219578
32.17871333
-0.99447955
6.32729806
39.77572993
15.50005553
-2.96024030
-3.14199237
-11.16905363
1.85026980
7.41486061
9.46237861
4.18866427
-1.45554375
25.59746261
65.91412684
17.52420602
4.02931728
11.14049832
10.06046214
13.47472059
14.37215628
26.33687049
-4.15516544
-10.57229080
-6.40964010
4.25249867
9.00750950
2.15582950
1.11727049
15.45904278
16.23254399
