14.81381974
-10.91374247
-2.20887292
-6.50913406
21.84223126
-8.15709745
5.19200125
1.37190736
-1.95687212
0.73055526
5.89941668
45.05898843
3.91378744
36.51122546
43.87542187
17.56876457
-1.87655971
13.30950095
-25.75369467
22.22638338
5.24057518
16.93180713
-4.53208189
23.85402867
40.09951639
27.49563217
23.03593354
7.13713276
16.72325592
26.27685406
5.84992526
-6.67502641
-9.44215450
8.20072412
-4.07816662
-19.73554058
18.99366974
-0.15175132
23.73304361
49.62452310
-8.54593135
0.00000000
11.61791967
6.84433290
4.61195777
-3.45669289
-1.48498536
13.85436771
-11.05691425
4.96907280
-4.26692966
-3.06055146
34.46466292
7.23162200
8.69313445
38.97243843
26.56434196
-28.44838047
20.74639891
-28.01385449
-10.60635173
4.89679314
83.08128412
16.05754729
5.13994807
3.38490249
-5.40895299
2.05660736
9.29103309
0.88727074
-8.69440863
0.64051679
-1.22860188
-6.66522002
3.49672618
44.32206109
-2.79357593
0.08058627
-37.45652688
26.74491562
0.31996765
-0.07116190
-3.56415597
16.50707222
10.71843686
24.23516319
44.42580611
98.45454898
45.47398224
84.61500163
17.28332955
-17.90003250
4.13370019
14.02662018
16.28416969
24.66448383
32.17524672
7.81719159
59.66799099
88.74452224
18.37356214
26.75758496
-23.96222563
-6.06346905
26.41991104
7.06002397
5.46596191
10.67604494
10.07388086
-10.26228097
3.85386019
6.14550445
11.93031325
60.35356398
91.32523483
-15.20714158
0.00000000
-32.75244905
-16.02364291
7.36846958
-20.55640302
-11.27719876
19.05839509
-17.85255046
2.35892002
-4.72240848
2.43526012
52.27452741
42.37641848
15.52527126
74.63662492
43.79115841
7.25390786
48.87444561
-18.76705787
1.00062175
-2.38154890
135.35028676
19.52719464
20.26698261
16.32593648
3.37088361
-5.77352018
39.43710825
-4.36322258
-7.64032048
20.97286614
2.30098097
26.51762212
8.69763864
