-33.22351475
16.02612780
9.90954829
-21.21481783
-42.29969370
-2.27072544
-10.66364943
6.43547649
-4.26454054
8.85164890
15.49103549
-31.48097899
33.48444308
1.14791504
-16.47302208
1.01789739
-10.74108960
-24.78073781
52.91342848
42.36883703
38.70837124
4.73717981
5.19486926
13.27602734
7.07593643
12.47334478
38.02282334
1.67315216
4.85136338
-11.31468740
9.39213908
-19.72971593
-24.48911545
-15.97640883
-12.51348786
52.98931225
21.88309018
41.49738534
-14.57706725
-17.96325859
11.19855069
0.00000000
-15.69779580
25.06215987
23.97287533
14.30731971
10.45673315
-19.73418849
-5.41435437
-10.52646735
20.72912602
6.96218235
-15.92930687
-13.90920079
-3.85723870
63.13957974
27.83684860
103.59328333
85.18472886
78.85481146
34.35706846
23.73143659
-11.37087555
7.73158350
7.13462089
10.17732336
0.73083188
29.25769176
-2.16402146
8.87257644
0.11044054
7.80323694
45.22237287
26.21827812
-27.92507965
-76.46331773
51.94924457
20.97566434
19.05356488
-81.31375463
-7.55702591
-11.18368990
4.39225730
-9.41162707
-4.18750140
31.48127092
-23.28054729
13.95177767
-51.07075380
-34.91543445
-19.94453714
-15.09865833
-36.06507626
52.73735050
57.75886985
34.78861757
6.53402596
6.35324546
-1.62115737
-59.92867684
-31.44641806
39.85379519
-0.95878123
13.37524303
-0.47479037
14.02116237
-9.43776450
-27.17899263
18.18383936
35.25907516
4.24931348
13.02116066
6.90028378
-10.44304486
-46.52594978
7.86514024
0.00000000
21.61608151
37.90213247
16.77450835
15.09621315
9.65854391
-49.29393359
11.74378669
-3.16772239
14.24069482
17.25625805
-24.35011274
-31.19269747
-17.19773397
-44.18497448
18.53517973
100.36982052
88.36579420
52.27614453
42.79488138
24.69719880
-33.44793047
-3.76826033
-4.92931848
12.41518894
1.26530068
14.65348779
-4.79334441
6.59713299
31.48834480
-15.08134131
22.38238964
-19.41070251
2.53878538
