-37.15625049
42.84151431
1.66956122
-28.40171295
-25.34978315
-3.78386325
-18.73642089
-8.27318091
13.25742773
31.43449875
-4.24940312
-4.58915221
-13.65917122
-12.70871467
-17.81640199
-7.36917716
-19.72863751
-11.60149906
64.11285052
-9.02634810
-9.86878166
-30.81500521
-4.73124081
-10.55086977
-26.44761539
-14.40972117
12.56755150
4.37479925
-6.05909676
-13.83520501
-8.61623052
-11.18379865
-75.93562163
-38.43645646
-7.12334047
-44.92080725
-2.40370324
-18.36214662
2.26335857
-11.30259343
1.85363363
0.00000000
-17.73580604
19.18853429
-5.46716866
1.13510130
-5.19861680
-3.52568338
-37.64400914
-0.15799223
4.31168833
35.81095862
-10.30637303
-11.44272382
-2.25961314
-9.09561064
4.69405190
51.92633947
-0.69305677
32.13758202
36.97257585
1.67267162
-26.95844668
-17.36428231
7.34994028
-12.85894593
13.18127519
20.41690416
9.98704422
-2.50652370
4.28360828
2.92577365
7.73425032
-2.94863384
-24.07028200
-11.35890674
-41.64398511
-19.33607529
-71.27662594
-28.62466749
4.49705984
0.64959676
-0.45217139
-0.40436219
15.04517911
-0.77866792
-25.46976055
-69.38226292
3.14720322
-11.31829175
-10.46229292
-31.40348308
-9.98738961
-17.19786715
4.37534395
-28.18024096
-30.91356836
7.08780500
9.41544554
-7.13032667
-14.98454756
-0.10132827
-43.33743294
-0.05024140
-19.88544710
-21.98219818
5.93900353
-32.38228541
-38.01177365
1.66570138
-80.85302142
6.76836818
-18.40317041
-60.24005920
-53.96449797
-33.33927265
0.00000000
-50.94444287
-16.22828431
-12.83501376
-7.39174767
15.81001031
-29.63081600
-33.27548606
-4.30800099
-4.67433097
-14.39460509
-13.29600320
-22.63323394
-14.10346706
-7.50337622
13.39020679
10.48594237
-37.95625364
28.92731569
31.77328399
12.65961016
-19.18747018
-1.68759971
-30.80753470
-21.71547301
-0.15037127
5.49041872
1.34481388
-12.26950909
-6.59631733
-10.01819803
15.66027693
-46.37975235
-27.17263945
