-74.87441569
-67.17152203
-21.01330382
-57.21139327
-32.29119558
-40.33792364
-22.59538774
-8.09462575
-30.27579126
-26.23039063
-30.67661465
-32.97638732
-86.32229355
-57.99944533
-70.67540412
-36.30838090
-50.24566901
-22.10524896
-3.35914182
5.00644685
-43.64436477
-32.76803010
-28.93644149
-123.36335367
-24.54086447
-42.30378736
-19.01621152
-46.26864309
-43.71741407
-40.11487253
-72.77499211
-21.68178614
-28.15289672
-37.67051393
-33.97222442
-43.17629194
-47.60980482
-52.26763703
-13.11432520
-54.36206588
-27.68092229
0.00000000
4.34281078
-70.45643630
-14.17101079
-9.16244856
-3.36080322
-26.95763883
-32.87681510
-6.18681581
-56.96393964
-60.97808535
-46.06693049
-40.90705308
-44.87761420
-25.65241528
-5.60320946
-44.75945392
-21.39552554
-51.51238250
-32.83893956
-38.56008370
-30.42912006
-40.91764807
-73.89521255
-3.20178142
-20.90208659
-37.33576696
-27.95647381
-10.18411438
-79.53446114
-13.67806095
-41.85154640
-31.90287963
-30.07307764
-6.85938629
-35.51600741
-11.48095465
-4.11709294
-35.65634332
-19.29627342
-10.91407326
4.74055192
-10.91195664
-0.56668669
-13.75410446
7.86058578
11.20330897
3.49555750
7.77896069
-19.01629175
-6.78843355
-0.04708433
31.65481030
41.36427983
-10.94590062
-17.34897542
-29.29410265
-42.51168844
31.37928616
9.30232302
3.36564194
-17.40100147
-3.66482882
-2.41061925
-43.03381235
-7.77421473
22.48386160
15.31242177
-12.87683909
7.96738678
-18.40217093
-0.95620482
24.69102387
0.87130441
6.06565689
0.00000000
11.64952153
-51.14745026
3.70492320
13.28765763
4.57837188
5.15274343
16.13090534
11.61043746
-29.13173686
-11.46737305
15.55369743
-6.62269397
-12.03833501
71.49629826
31.81206696
-25.68358795
0.72841047
1.80332543
13.91070189
-1.75142694
23.61144099
-42.00148578
-20.97179775
20.54889902
-3.51764277
-0.87630425
8.10013971
3.22680213
-51.42044763
2.46746627
17.98304460
15.00223156
-6.54150296
