-124.00385940
-263.13984985
-88.89969735
-130.81556144
-104.57358069
-63.25519397
-51.73740766
-40.59095823
-60.98859308
-116.31834784
-165.96200495
-123.37165787
-193.88608155
-214.48431212
-120.73028061
-54.14117715
-102.32735759
-68.31599337
-171.49032578
-137.39867940
-153.93418574
-150.55105214
-66.35917438
-146.25801989
-125.26262651
-131.94426904
-117.99017200
-84.12426511
-125.50849549
-100.25805771
-88.71692998
-50.83085320
-111.52272318
-140.74083012
-99.77112784
-153.16828925
-141.28148173
-154.34283355
-144.51527525
-141.50564080
-92.51617408
0.00000000
-141.40032584
-114.56282006
-130.14254543
-85.68286473
-32.79542813
-59.57239373
-111.98865500
-50.92289483
-105.97658649
-153.81282723
-115.25854335
-71.60102202
-43.28225754
-53.05475464
-96.60789376
-200.11226191
-183.09155491
-120.30041823
-89.02984741
-107.78853955
-161.06769000
-74.88414203
-83.92481576
-96.04926697
-48.04595140
-62.35951185
-68.58415242
-45.74804356
-138.42885653
-52.42578721
-123.34429129
-107.20449939
-125.87001979
-86.06840316
-176.36342427
-49.16149891
-78.81541357
-102.43758458
-35.70449848
-22.15469014
-27.15209471
-35.62548786
-92.15829377
-136.25637125
-77.30640478
-95.12172598
-78.89845231
-45.28817946
-32.79803014
-78.19008300
-114.12041026
-73.30214184
-3.87489466
-125.87431916
-122.92134117
-83.74276033
-123.72229175
19.23873105
0.98041073
-48.76563009
-32.90600068
-18.28995485
-65.15654803
-59.55772527
-55.92747960
-34.96878939
-29.80044757
-51.11448944
0.53728421
-53.23544246
-65.91390311
-45.75709530
-54.43379814
-30.78416129
0.00000000
-125.58259017
-88.94202631
-65.57382058
-61.15717133
-24.58123784
-83.95515976
-20.75826125
-24.85457552
-29.46361403
-105.06380148
-44.61962194
-47.98553351
-22.30987800
-34.09228617
-56.38164004
-93.69329418
-127.69077518
-77.93485836
-46.74136792
-53.17826681
-72.17051096
-54.28086114
-91.95395505
-60.69422745
-28.57651292
-41.26237540
-18.20347305
-10.24709269
-136.52095485
-38.92674202
-39.06062586
-42.43992869
-103.13086376
