-74.31453663
-147.94185347
-75.32825110
-149.43981715
-14.86975549
-31.79151003
-41.45560911
-30.48964397
-13.26543545
-21.27427226
-134.29616412
-112.85995891
-166.67445064
-192.63877027
-58.50226569
-23.84780428
-80.85799403
-41.75429603
-135.10734969
-158.47863391
-107.83482801
-85.21089672
-19.07612546
-118.85805777
-90.89610902
-184.02028512
-79.94739304
-128.27836978
-156.94264734
-30.73564298
-46.97625057
-11.41971381
-169.48050429
-172.74292658
-102.33243838
-230.24743313
-97.16178974
-155.34048251
-129.90453571
-136.03302544
-106.06278179
0.00000000
-68.61971312
-61.79112579
-68.74333064
-83.59901695
-35.13356259
-24.21528288
-116.43843645
-35.46241023
-51.58694691
-96.84019884
-74.54795457
-33.14448369
8.14565698
-107.52757874
-73.84158593
-196.03111410
-158.98248824
-116.07710419
-73.43700648
-83.49528383
-160.28920256
-52.94836592
-72.19386052
-64.35829348
-9.09932167
-63.88238350
-68.32515213
-48.46968793
-46.31736122
-13.57156781
-95.54511363
-119.96966918
-162.06390800
-26.59113136
-140.30666301
-56.69032649
-10.87016219
-35.30514355
-0.87770919
-2.13924814
-13.00828906
6.96724534
-17.20547709
-121.95362582
4.31924598
-30.56427167
-0.60758194
-2.58673086
-13.34423111
-19.87012669
-23.75984693
-39.14969372
-42.98712746
-71.34668355
-68.20430459
-8.60143351
-30.60206706
41.56458883
4.77485981
-67.40207082
-28.55027580
3.29963669
-33.98944716
-26.15017278
4.03242237
-41.06971422
-2.09658212
-2.60693255
-25.15901801
-19.74650458
-43.05443871
-14.40371422
-27.82268286
-17.71848391
0.00000000
-41.63476162
-8.04347949
-28.58314504
-17.75323066
-28.34025934
-6.59414945
-9.58528558
13.98378851
19.18996006
-51.76026253
-23.24699502
-31.47944414
24.50420521
-48.73610451
-22.32457256
-48.40711367
-108.34874163
-72.38748562
-19.56769191
-26.65069566
-27.48859712
-15.02585897
-32.34454364
-40.34137281
3.80135503
-36.95690494
-7.08878395
-6.34573407
-38.81291018
-5.90419395
6.59883202
-13.03642474
-82.21778221
