-53.49753549
-35.78822487
-72.24241483
-166.86557759
-49.55314068
-34.55518660
-34.08450732
-30.21496570
-31.87786185
-29.65505843
-75.91902547
-136.05665784
-125.74977779
-157.87076441
-51.45453066
-38.22682893
-53.56483631
-53.76692162
-121.79518459
-79.88069076
-34.59881652
-14.59777925
16.09740591
-63.55732076
-93.37413020
-131.08682204
-90.81180938
-128.56109476
-142.06415502
-56.19683070
-49.36325828
-9.28720395
-136.36979637
-149.82465880
-20.62190610
-195.34675563
-65.07849352
-141.95078103
-104.79828675
-119.06799018
-109.00386906
0.00000000
20.46197235
14.86418424
-27.17516495
-98.28471901
-43.81983764
-22.95994336
-76.00198318
-48.39265377
-10.88160533
-40.62923020
-63.40769563
-26.38448935
-24.06700257
-28.59315872
-80.22090560
-69.27638494
-130.98681862
-100.28796812
-48.85743848
-46.41783370
-121.92101529
-49.85577438
-56.26853517
-79.88094998
-20.49614695
-96.74762960
-74.37793073
-54.60443426
-70.00751767
-39.78127707
-83.90414498
-95.76600077
-133.55166245
23.51092567
-60.67241400
-36.19745543
-21.00373614
-16.99377141
-17.72895165
-14.51554202
-32.49398098
-23.19947945
-23.11847556
-29.36112291
-2.20296989
16.89410249
20.66157395
17.96828438
-19.48747605
-15.73190716
5.56404912
-44.81126985
-55.36353927
-23.29201743
-1.65229934
15.49430175
-2.95430006
-5.96277963
16.92348759
-78.59411343
-53.92593914
-15.12408310
-59.93913396
-27.17126982
-12.98808046
-67.56546493
-4.83896333
12.29593432
9.00612899
-13.29496377
-15.24866201
-10.69531022
8.89467309
-35.10668432
0.00000000
122.74608866
19.77530156
-1.78179168
-47.08213900
-38.96312044
-27.87573664
-3.04386176
2.21441050
15.35245713
26.09566542
-19.10227686
-3.21796526
-3.03163012
8.01956057
-57.43233075
7.47686495
-79.33900593
-84.93096368
-16.65035577
-2.37128694
-19.63094881
-19.38563354
-23.20089630
-66.99965428
-15.56207205
-52.52960057
-9.80900236
-14.84886527
-47.80679580
-23.17448584
-10.46503415
-15.07037591
-90.24831535
