28.87285111
19.82962521
8.88131900
76.54679563
27.12342565
17.81052772
6.05933307
18.38852499
25.81006375
-16.60179894
17.30750670
42.39862846
38.08938647
86.33873333
36.53281100
14.75502526
-15.56709318
-2.31999789
17.37443924
25.17278021
25.51610519
0.61015462
-3.64060870
52.58183084
88.14615297
80.09458344
-3.40601533
71.20033472
63.28666600
3.75730194
26.57597071
-19.09547705
68.54876317
88.72667261
38.90864434
77.77334912
34.19433088
92.28908258
22.03898607
55.64969465
21.20700973
0.00000000
-13.07499598
7.03111439
10.16408745
39.61533824
11.89557150
-8.31472798
27.19221170
9.46040612
4.28956376
26.99722763
21.69003615
23.01396534
-0.83922915
65.82978821
7.87230131
24.13358199
33.84565375
46.08427314
27.69338567
5.25069785
44.36144364
16.15623280
37.95598451
-10.93674691
-3.24763824
30.35824537
19.07999294
19.96722789
42.64921849
27.98103080
41.55144391
74.53422018
24.22259006
-18.14251485
-35.39839441
10.69601634
-46.76764436
6.13484481
-1.28131539
-15.27079889
7.33662968
12.23040699
5.44292975
-27.46472775
-36.76017386
-6.05012591
-28.05051433
-18.84263567
0.82561529
2.90769682
-19.50747304
-61.72171418
-34.38153622
-29.50650617
-6.46742970
-27.92293469
3.52595347
22.80385657
-50.32797907
-11.39312463
-9.98438528
-31.66329053
-12.00507869
23.62566536
-13.91035071
-22.46489741
-27.02315471
-14.23478079
-114.51398288
-21.30017340
-12.25573517
-29.59001244
-19.69638265
-18.28048932
0.00000000
-52.83288486
-11.64430506
-15.79819792
-4.98530532
-2.63283931
-9.15136614
-12.27569911
-21.50704078
-21.68758573
-24.81223761
-13.77984131
-15.92192988
-8.24498911
15.16073789
-24.33721395
-79.79403874
-70.02804723
-56.93089556
-36.20532777
-17.03835273
-8.11886818
9.63096265
11.73243130
-38.31744634
-6.93674796
-8.76647829
-33.02463523
-25.21739946
7.63189962
3.11155742
-16.10180538
-5.50855953
-48.66601684
