-43.63411723
-55.53574087
-95.80747896
-98.36032745
-2.64731534
-34.98456642
-43.16398164
-29.36809107
2.01323183
-19.36581083
4.02525513
-43.78938078
-57.03873119
-64.89587251
-73.65982412
-36.01625897
-56.12633972
-54.44471137
-27.21125601
-23.42662026
-59.69095731
16.25751838
-20.24752451
-91.87577759
-74.73321386
-103.82756578
-134.33795443
-133.89608664
-136.07469803
-62.74400588
-49.15623012
-31.14413448
-76.47356507
-113.19886783
-63.09260637
-118.76917881
-89.62604521
-74.47433820
-20.70163086
-4.79466455
-45.58237300
0.00000000
68.41258890
-58.21501092
33.37959396
-74.13636828
-39.12412646
-22.84568103
-61.51338147
-25.50367380
-54.01497432
-5.26861734
-59.49556228
-47.38396531
-38.94964033
-78.67270889
-75.03139881
-17.40700748
-42.01225161
-101.34545396
-49.93185260
-35.12885078
-72.93583284
-46.53880475
-105.80323474
-65.02185000
-13.38873745
-91.78089728
-46.61146478
-51.01137835
-56.40916190
-31.55063027
-82.53725848
-66.71656539
-82.52046324
-7.18893703
-63.65683656
-84.74619007
-20.92151165
-14.23730440
-23.69179618
-12.26628964
-17.03799308
3.42952254
-17.97199502
19.82269659
39.73564213
41.67576079
43.29302031
8.84734798
-18.66824566
-20.87648449
-19.81749489
-15.82019367
-27.77061383
-25.45518491
18.92966805
-2.55234723
-22.44203931
43.38830020
-5.74680018
-111.37624836
-93.91676580
-34.47732430
-54.19107057
-39.41952590
-24.58358254
22.84037617
-20.13030347
-18.75032409
-19.13403840
-26.11547801
7.10070899
61.25632282
51.68353714
-2.21706347
0.00000000
68.13572603
-27.34048926
17.25812083
-35.61985877
-30.96477630
17.12984929
9.72060159
6.28170346
-8.66000671
26.58558144
22.17293892
-25.88965968
-2.11942690
49.22050486
-19.19188056
12.13354144
2.91895379
-39.74625954
-11.09807806
-5.11758737
5.51336436
-38.90000168
-34.80266508
-20.58708581
3.07161593
-51.63201953
-0.92724647
-25.70656780
-77.75471520
-15.38103759
6.75125935
11.78420409
-3.24592813
