-25.17075366
95.99885030
-69.50383350
-100.50869851
42.10523958
5.36530749
-12.80356676
-28.28431823
47.82849258
93.41328012
38.11018825
-59.64769346
-31.52762471
-50.54989714
-6.07369234
-5.68951145
-29.67290488
-33.18931551
50.36395826
48.62319348
14.00352881
66.36958330
22.09102274
-31.44323659
82.62963101
-97.82900323
-1.50652797
-135.29286604
-121.80006596
51.18354904
28.93343660
21.88076309
-25.98610181
-49.36070019
-16.61793641
-58.79471321
-10.86799665
5.12727400
-45.86141115
-47.09568356
-47.75554168
0.00000000
85.86621323
8.42579898
75.40133612
-90.20848856
-15.75536912
0.70074453
-45.90319509
-32.95055285
0.34623365
33.86781907
-35.18630563
-14.91354360
23.32806448
-93.96736755
-20.96644682
81.07352871
25.21565424
-26.49054060
-16.51111063
17.01119116
-55.86163217
0.12686146
-21.21504166
13.64318980
27.97864391
-74.29782060
-32.68304792
-30.48653136
39.79002681
33.51019395
-8.45396052
-22.71015725
-36.76413418
-9.33434831
37.59171913
-68.65135916
-45.99152419
39.81631234
12.78653816
0.80957556
-29.55396801
34.33979572
104.78802181
36.97150366
-28.74019976
13.33151123
31.33004742
20.71928897
18.92063693
-26.68029892
14.49656639
66.57509576
-23.84078510
71.33734105
56.66318738
37.54829211
15.04294059
102.71120863
-47.06057737
-39.23806957
-112.12379128
-52.01726850
8.83118691
16.47126487
36.27851132
-4.57701096
38.42253610
41.91543117
-32.52260173
21.20692129
59.23782443
14.11462466
-5.48769561
-17.63033243
0.00000000
117.22440989
32.58817584
54.12987645
-67.28062468
-40.13664193
9.00771514
12.45765369
-9.27467478
-2.81114508
65.71722580
9.76465935
4.25870600
32.59673487
-8.90875683
13.80151542
61.41790130
58.87314724
-28.33687904
22.47649739
35.50744397
20.78576646
3.20296534
1.83800424
17.51906798
22.00455955
-57.79260985
-16.20420191
-8.97776697
10.46806663
30.10931129
37.66776941
42.15218115
-12.20713488
