42.87122669
124.43946230
21.27774576
65.63418894
29.50332869
26.96305740
7.54333768
12.39298707
35.62713109
31.86971651
-11.60498346
22.39000157
49.45901439
78.24442607
28.53224804
23.29060064
39.66527604
20.79356939
59.98737894
-38.65897426
35.67912807
-12.40735058
14.84704148
74.20347443
48.23455051
13.11042470
-28.88591826
42.32698185
58.97760519
45.50033600
39.06438542
23.67031422
49.19353610
87.82014838
46.42958544
100.50475997
36.89738771
84.92363982
29.79611421
43.25123422
42.89945786
0.00000000
-11.98125625
48.05848088
-24.63631316
37.54319513
-1.48690050
10.96198740
39.61460074
13.78876747
30.50080583
30.43112091
13.55691292
18.46630426
14.67470236
-38.70778084
20.66256602
115.01060152
19.14910383
99.12578905
16.25379205
23.12315300
59.86874146
20.58244513
40.80325756
22.94416684
-0.84477903
20.93708135
17.42686227
17.94294612
75.69038526
56.12371286
47.79515193
66.21104094
53.20562601
46.66601307
125.47631520
10.94738466
4.43458135
64.41317882
17.74283934
-5.69221242
-2.45600656
18.09302189
4.25366367
-34.18080861
-12.07213507
-1.13299929
-0.55937295
6.23165177
12.55501374
-2.02255734
8.40537321
15.81870809
-40.26553563
47.65415621
-31.67573992
12.11212111
45.65818008
26.92319559
-41.71833462
11.91563063
6.18768175
5.66254095
26.09394057
21.25491489
8.86875016
2.99971324
0.83004133
6.17467995
-37.43915494
16.51806554
26.22104028
-6.90155480
8.71605626
-4.42059803
0.00000000
31.57218350
19.54951355
-30.03625874
16.41093451
0.03345191
20.40447452
-5.84269548
-9.50002381
12.35022766
25.52464409
3.98807670
17.67340365
6.68403472
-23.13702800
16.47554522
81.27600213
17.42988421
34.89971498
10.93325865
7.40175802
22.57809712
22.06705110
35.23147108
-3.39048877
-2.89344408
-1.85577923
-6.43538854
5.56810923
59.43957123
14.21701668
0.84179662
18.88825515
26.87791234
