81.50499207
105.58014860
103.18751312
105.25267812
56.26558104
28.74045803
23.50093156
36.78504550
31.97268518
27.73866799
-23.13165182
80.76370387
84.48013347
132.99227328
80.68116198
42.25024888
50.03832627
36.86872731
31.45615548
-35.78910573
44.85697039
-18.47749212
4.06074754
80.86031068
100.14904613
94.60080930
58.33989044
147.08248408
136.36646630
34.19949604
28.29822413
-11.56890095
82.86260427
138.10068948
67.71778991
124.81637764
81.56659523
127.11370502
48.96952271
76.56661069
52.26479666
0.00000000
-71.41087985
39.68744500
-29.53363695
92.27284237
34.24913049
23.57488132
71.10665192
27.61103345
24.47072351
37.81817280
60.51687429
69.93386363
34.65817971
58.34350052
38.28511087
11.82424894
33.55497617
112.60247583
39.06342536
34.43328982
74.44371663
25.91984921
65.24175423
21.79138838
2.21356720
82.82535095
50.16875131
52.20328483
60.07346208
32.82351708
76.47603107
104.91197393
58.02494272
2.18411604
45.13730169
82.02948107
-27.49327091
19.13900051
-0.54191152
-1.57831512
16.87456564
-12.92037795
5.03022597
-64.00337556
-36.34021810
-23.85262148
-53.88377708
-25.31636128
8.08862753
-12.45819006
-10.41034443
-18.20069701
-64.25560863
10.85818230
-45.06506700
2.04711669
8.81412812
-60.02218564
-64.41248225
48.17783082
55.57886340
29.96130928
7.15949020
28.93798336
-0.56911348
-36.62736082
-17.61983718
-6.28922934
-69.71144883
8.23114874
-7.70041023
-54.66952562
-42.37243811
-12.18419113
0.00000000
-79.46043101
-0.56861516
-35.20471377
30.81739684
15.85861446
-21.68987488
-15.35365079
-36.81559896
3.43943736
-18.85123151
-28.40561920
1.09279554
-16.13808392
-54.07453349
-13.40820932
-22.82343001
-41.97186144
26.28065466
-12.69329290
-13.23822752
-40.21726907
6.61966553
8.91375108
-16.50025528
-9.01221757
11.12970695
-18.90609102
0.79896768
14.18893584
2.40602199
-23.40580799
-18.32783947
-23.41950284
