53.87694656
-91.51304182
54.15945135
144.03240861
-12.05676993
23.29771656
14.77760721
16.77895379
7.49625275
-29.84744388
-93.34744152
71.53940342
75.19871870
115.88617946
46.40250381
24.61108048
34.57337603
25.31089024
79.33433601
-34.00975615
2.08238876
-70.19160345
-34.61297052
79.27531374
71.91263802
91.05177913
-5.24826714
129.81676829
95.64286554
-18.43330365
57.86039999
3.96501665
75.05690798
116.05454906
12.00845166
134.46442415
41.28661525
145.84205046
37.22092721
64.40967178
56.53438903
0.00000000
-85.70428893
-11.99887184
-49.58157888
83.58154080
19.16217587
-14.65029897
31.74869705
30.02881373
15.30217929
-42.83756488
30.14557442
13.09920738
17.51505681
67.48698578
4.48092071
-66.86056061
-10.12007222
87.27233342
36.05843078
21.19211357
60.46057766
73.84999482
52.63726709
3.31799197
-12.09124061
61.21451577
43.25528703
35.02453206
42.02929216
-0.88047995
64.51550378
88.56246583
80.16603092
-47.21556031
-90.31559878
37.74744573
-24.31740471
-34.17427281
-16.25997413
-9.31537002
7.28525890
-7.44451113
-36.90796911
-110.40709654
-54.82638522
-104.60215413
-96.52344192
-44.02271733
1.08156108
-46.52504946
-28.92969609
-42.81113615
-33.06167560
-44.03187683
-102.40103927
-11.87635809
-22.59951884
-45.10661864
-71.58917917
-15.51472830
33.48708108
11.86112172
-12.89992784
37.15370691
-0.90995765
-33.75076175
-78.11527516
-60.54524185
-83.84178111
-9.92764276
-40.68479735
-56.56853938
-66.57785201
-22.22766553
0.00000000
-210.65955355
-33.60298680
-60.89447440
32.78457601
14.45566431
-15.41403578
-49.52675470
-31.49759827
-17.31924606
-137.13311604
-31.02480643
-29.57040940
-4.82429007
-30.92532711
-41.15233731
-101.97521332
-65.79691480
-42.28092412
-30.31131924
-37.95735524
-27.79112388
7.30286335
-41.82212755
-17.86814532
-14.51039871
0.38496043
-36.93256806
-19.39592806
32.12092993
-0.37226290
-20.58605220
-24.16389465
-40.13723875
