55.73265897
124.84211897
-50.41965635
-19.94340381
30.76197173
41.41753345
22.52514300
-0.48650134
33.76317448
47.00217702
132.96230442
59.50524952
54.98649547
74.64043733
30.09425438
10.14302653
15.37726896
15.36269655
36.17311071
97.79936250
35.03737642
70.17648779
19.99504729
22.94319835
8.52583870
82.05772980
12.19230734
-120.58611308
-94.49808948
69.39096178
19.65300719
19.37926174
19.83939574
11.41902802
14.19645853
31.92022146
-5.60202792
-20.61722302
74.82114362
75.05508462
28.16234242
0.00000000
140.57479834
20.65979468
93.16554826
-72.02706597
13.83650857
43.63126884
22.94131095
17.52425664
-1.56435362
33.08530551
32.44744609
20.83682547
8.49032701
60.97132416
-10.38263543
137.05848731
-11.41517328
-33.32158599
5.11109008
13.50620802
-0.07950927
27.49592944
16.25076250
29.06599116
40.05341052
-24.16262290
8.63347673
-16.93315374
27.51563724
12.63819026
-14.50881101
23.97450272
25.08425887
66.19695101
44.15459250
-57.62974548
36.03544220
76.55171096
30.53184425
4.49518107
-0.62921263
34.20292142
11.10652151
131.73479721
81.40356685
40.09410420
62.65513456
65.64516901
13.36230821
44.88093746
30.39949771
58.54090201
54.31527024
38.34962401
93.71432575
29.87312255
36.87301343
56.90034335
107.15680285
-31.19053943
-80.71744605
-44.43208156
50.70894352
25.36118863
7.09647796
78.59259861
54.06813044
43.62222222
149.09403860
29.41980532
46.57950123
33.86676472
57.52311862
28.13337797
0.00000000
183.28305250
43.27269081
71.68088779
-34.24745676
0.96480874
30.00214644
36.47189340
35.61371136
23.53185280
74.42792784
51.03846308
57.70509232
18.34491840
116.72505974
9.55092131
108.17262404
29.21546318
13.31755800
20.84169645
24.55606434
64.35280220
32.98650274
36.84207657
52.52269995
32.83342819
-11.34986618
20.78508112
-15.90138839
78.03872271
18.59342722
10.38201673
52.64248117
113.48026092
