-110.96474026
-246.02180238
-130.51765789
-152.49575129
-90.64448677
-72.04514274
-47.14346380
-54.58152244
-95.33196630
-134.44844823
-246.02577445
-140.37210470
-192.92225212
-223.91616854
-122.68180719
-72.38064931
-81.16631746
-52.25923980
-236.89703388
-265.34105007
-125.21977848
-118.66818227
-7.62624231
-139.39344790
-243.92058418
-165.90749497
-183.17219284
-151.32940216
-175.31135988
-168.60525028
-88.65218823
-34.84936354
-110.00854124
-201.08717867
-93.60055087
-227.61412122
-138.02875441
-223.02742424
-168.27983783
-187.16991448
-117.01750746
0.00000000
-167.83889438
-49.00515389
-136.07000288
-101.92453930
-54.37616348
-53.00187677
-103.19624865
-55.65919003
-42.56431876
-90.92462527
-88.18297960
-76.72028386
-53.98454414
-131.00413818
-117.17156062
-325.58475205
-191.18815595
-130.58472589
-79.62795070
-69.82154743
-164.15931726
-80.99448454
-108.28823596
-146.32122626
-65.62687117
-83.63922980
-72.87928282
-74.92173190
-137.09179042
-86.40548098
-139.04883179
-179.35608120
-97.32946898
-78.18501927
-199.99253643
-97.87509880
-76.25529570
-83.41165731
-42.11239495
-30.23205132
-33.57938546
-66.33735190
-63.30171540
-242.19453776
-41.87724808
-26.53940734
-36.85579495
-51.28666935
-50.44496470
-50.97261035
-32.87535161
-123.85614645
-172.81497309
-121.50585534
-129.48194931
-27.57890047
-80.67851293
-67.24923190
-28.51769758
-143.75143815
-113.51775177
-65.31678499
-125.43964633
-69.36121988
-44.43306549
-51.74918517
-60.86306756
-36.22554093
-93.34072799
-85.49657796
-122.07275362
-34.18057776
-39.09827105
-49.49517022
0.00000000
-161.08343645
-56.12894945
-85.34332682
-71.26302453
-47.50095917
-41.06875389
-32.00535664
-25.73628461
-29.08302781
-89.73283944
-66.34501118
-44.60979398
-16.40664833
-89.51892112
-95.61147396
-161.20858830
-207.61304761
-143.90891181
-53.65788699
-44.16304754
-83.64451397
-56.64692785
-69.28390442
-124.34560542
-42.40149822
-76.72068418
-47.64914648
-37.69328464
-100.13172928
-54.82921611
-44.35094605
-84.87135977
-131.32021603
