90.42511908
-1.04995415
140.85785121
145.96469037
-14.42378873
25.61204300
31.26128648
40.09046381
13.31551893
22.24812557
4.98026216
98.99555626
85.82537325
108.66443050
88.54028330
41.24295738
54.32731072
38.46209003
82.87504731
74.11762289
47.39727283
18.85075677
-5.16229165
116.48591799
103.05135393
128.74429120
71.06450555
200.50531673
182.00456519
10.62739348
31.22413362
18.84451009
118.27606863
168.61858713
74.77912892
102.07748561
74.14634999
137.31146166
30.58795787
60.75134304
72.39007300
0.00000000
1.38416386
32.09667757
21.38070037
129.12665314
28.27292063
8.03039283
74.07045004
36.70257975
43.05665026
64.56030777
57.41664174
37.00152890
39.22463761
126.75295868
42.42928993
32.54925494
103.31609294
108.82723973
70.72466627
10.63585203
98.50518971
14.85688185
68.84379720
39.11097585
11.24771258
101.95110495
53.25719648
53.85474630
52.76667077
-15.14347352
82.48448675
88.89231301
95.98742288
45.90840518
7.91292275
104.99291757
51.35520377
18.61333869
3.81248183
23.55654951
30.37263482
10.00975436
16.35038281
40.80302126
33.08644376
26.84061511
-12.32864181
17.92795688
34.48149624
23.22576305
15.77013918
57.59994092
72.21917860
4.51144897
7.49267196
12.40810451
40.69075431
18.44388546
32.31370492
70.48682343
157.22613220
78.17480947
32.73441505
36.47768082
18.45786985
29.29317004
1.53547436
-2.02694374
42.29796351
25.25597337
36.20621138
-21.70965845
18.25511676
30.50949097
0.00000000
-55.29476916
21.77688665
-2.66859497
94.19117779
50.16356119
-6.57180613
-6.30455886
-1.66974883
-1.70680918
-53.06226470
4.99134427
27.32584523
15.05088180
21.41157446
2.75611613
-12.40972448
30.30894062
79.44537668
-0.80902957
-6.94447744
5.05448302
16.70968178
28.76478391
16.90230338
5.92216372
87.32276921
12.20292814
22.84207121
52.35317184
9.47567186
5.57713296
12.04003204
50.65145557
