-69.92145821
-35.03053684
-77.99550292
-108.94621422
-5.66281543
-50.76109295
-48.35839066
-42.95417746
-7.51393765
-20.70849361
-22.60484625
-64.94767170
-87.45095217
-84.64201202
-64.47437256
-35.99613965
-55.05763516
-44.95125967
-12.43140580
15.30506382
-47.88270754
-2.00654831
-15.73897895
-118.61634397
-21.44449226
-100.97805453
-100.73333485
-131.52931111
-139.02814230
-60.43465781
-74.96622523
-31.30499750
-68.27275200
-99.51962471
-42.98829151
-121.01019847
-90.63619235
-70.86303706
-28.77245906
-6.74705555
-53.57117180
0.00000000
54.45128677
-69.22704391
18.09076857
-81.60781833
-37.61012719
-33.75912665
-53.71280641
-30.11666912
-56.34822551
-20.23013886
-51.00772296
-35.79171848
-31.97562857
-48.36147232
-69.12146312
-0.44445076
-52.24427738
-106.64727912
-45.02963249
-39.15940135
-64.04050242
-65.83021147
-114.80637677
-75.42495921
-20.93902717
-92.45381747
-53.46212476
-53.55478553
-87.18213345
-34.61473696
-79.89838095
-69.95955509
-83.78312617
1.87847650
-37.54929652
-67.76685410
-17.05900431
-0.56687708
-32.55262430
-9.10169179
-25.51409758
-5.30474401
-19.50991461
10.04321697
26.62751431
25.19137993
27.99774490
28.36147328
-22.34325138
-31.16589569
-8.53301928
14.98939943
-4.52889997
-0.39340888
12.35573172
-13.51033196
-28.77080240
63.91629079
17.89494480
-73.04989129
-75.33048930
-29.60462113
-56.12156045
-58.54607192
-27.83669167
42.64160206
-2.47719094
-23.02120787
31.49850975
-14.72074488
26.75861979
45.34629147
45.83216716
-5.05062755
0.00000000
87.02300279
-28.03633240
13.07341413
-36.57434065
-35.85530161
-0.59157403
19.84862743
4.38243217
-14.90895132
36.67624527
16.76235106
-7.42268175
1.51537636
49.48511870
-16.72514112
25.94844469
0.77451426
-20.76239522
-1.55665415
-2.61686567
-4.97384080
-53.67323495
-25.97583191
-33.66995786
-3.84053707
-47.29242644
0.29086163
-22.04237990
-91.55049449
-24.89313957
25.50536129
9.80345292
3.94821801
