-61.80833864
-7.13001520
20.89324167
10.02003423
-79.67457327
-3.48158514
1.45661650
7.66645141
-38.11984220
-10.02929149
-8.69328497
-69.92434326
-119.02330164
-102.91018558
-23.40011849
-18.60546928
-1.55667782
-8.11524409
78.48311986
40.52478076
22.86086248
29.60124271
7.86724865
-24.73308558
-59.20362915
-19.19277608
62.21413998
60.19946242
63.65081754
-20.71693570
0.02721344
2.68891978
-6.31027310
-38.10409322
-21.71609486
-28.69169321
-1.40022642
-63.05006777
-63.74018255
-105.82702666
-1.53573382
0.00000000
-7.94735808
10.20061665
25.53213288
35.65404743
19.67012600
-23.44194486
-3.76380643
-7.15327259
6.76804382
45.30178995
-11.37850898
-4.64691898
-11.44858487
-51.03148308
36.38255992
79.29935822
136.84816738
46.90079593
11.31138847
26.82327131
-60.11172873
0.99987452
-3.89805615
11.18005393
-13.39499077
40.50046245
-14.02340200
10.48916713
2.26969424
-27.84640159
-11.01587775
-18.55779859
-1.80127571
-11.83086424
58.24443895
18.95355098
51.24062134
-38.57000534
4.03667368
-1.40666694
8.53382836
-22.13985426
-6.40707428
41.57286325
-6.75941483
-38.35698812
-31.45091166
-21.97270164
-8.65349005
20.78610784
-7.39494579
81.41743936
94.27325545
49.96539116
45.88935414
27.44030420
-11.47798058
-59.03745175
-10.23159956
69.27941052
66.13851933
30.51100346
4.50828817
12.22596857
-0.04469731
11.55662242
-10.31216293
7.16951838
-5.85641500
19.24855522
-1.35722593
-14.39368510
-18.52387159
8.43482631
0.00000000
-56.44295959
15.74442274
33.13605818
36.79352617
17.81225510
-12.46796146
11.42476279
4.82457713
21.95496463
36.21044890
-11.19711106
-8.53043902
2.87811825
-67.44330753
43.65572815
33.75359280
164.47895399
72.92611732
36.91098518
39.85020425
-32.94153420
12.60982374
3.91760006
35.75020855
-6.50630944
45.25690618
30.12646734
25.23447289
23.97604826
-3.25437391
3.36630549
-9.83056492
23.53616300
