-35.74430054
-131.81657951
-10.01327307
21.77460552
-30.94917050
-11.04829240
-3.11048447
-14.41572479
-9.60063195
-35.18770040
-102.23412473
-18.11832999
-47.82527019
-21.21245521
-14.07731817
-4.49729413
-3.57101559
-11.71800419
-113.20726721
-146.14715071
-43.35863503
-67.37195144
-15.20873646
-17.90566051
-10.09153107
-5.03071962
-66.31911849
3.02933536
-10.26670425
-28.19252272
-24.28823867
15.09732519
21.17140408
21.11936759
13.51727683
14.44470377
-3.57138111
3.44276629
-40.66467284
-43.10410874
-8.63436345
0.00000000
-142.60054619
5.17168399
-73.42962450
19.28383454
-1.09351436
-16.70008057
4.89802921
-8.63155341
-2.57062687
-57.16270743
-11.34407008
-5.00675290
20.38499862
-52.87022591
-6.23343581
-202.53573332
-99.37614147
-4.41265859
3.08727840
-16.61088616
-28.07738559
-30.58199537
-2.96670119
-12.14064012
-19.04157972
8.53600599
-6.42321022
0.89459617
-40.81520763
15.32288275
-4.29331228
0.78499970
9.29476628
-50.37666425
-60.90105975
2.05248614
-54.88829798
-38.94627738
-21.89802906
-2.34695451
-12.41484677
-20.99576201
-28.79050508
-151.01353263
-49.51441148
-42.04547797
-54.40268135
-42.38525048
-17.48887161
-48.08447707
0.49413612
-77.43342229
-94.51076170
-19.06775561
-86.61578300
-25.61390471
-38.68116819
-67.69139047
-54.72051261
-40.36841157
-33.93718869
-20.56256965
-30.06964874
-16.29517537
9.42154669
-13.48362115
0.08093004
-10.62924519
-32.38668418
-16.20220246
-45.06922361
-29.10913478
-46.23873570
-16.54390125
0.00000000
-163.31975536
-30.86218153
-73.18908271
-9.64092715
-6.84976615
-31.45789219
-20.95395746
-16.80021319
-7.74350700
-57.81109519
-27.83491110
-25.02490026
-0.88776249
-87.06282192
-34.93390233
-113.19207741
-137.67098306
-45.88509611
-12.10583026
-21.61301690
-64.62286417
-12.72438602
-24.99938600
-40.97351632
-14.34433761
-8.84538094
-21.95225335
-4.18698289
-30.24703258
-18.45120212
-13.92276526
-17.81095159
-17.43230637
