-16.14172125
-53.93040218
30.60799086
26.52183095
24.86104375
8.19439949
2.41559462
6.96719150
-7.78266689
-48.32933857
-29.01391603
-7.66637305
12.08312115
-22.64859201
-36.40849957
5.69147540
18.55146937
17.63184190
-16.85821463
-23.50680731
-15.64576246
-11.96218711
-14.30250945
-19.37732232
-79.64202508
-7.08218619
-57.34970622
24.86519718
15.89463676
-31.78307595
-7.15289951
-3.18993147
28.82760423
-3.28704649
-1.03621526
3.53461197
-7.98979564
9.26860304
-14.29407972
-1.48204994
17.00783869
0.00000000
-68.29900189
-9.48653682
-22.33695514
34.93956381
5.36471115
-3.56113172
20.30041031
8.08316875
-13.85133213
2.94863384
-21.15851934
-10.58637968
-10.24725640
-60.81976242
-25.76894617
-60.90455844
34.14726446
18.30687384
-0.93373793
-1.56355237
-19.65304592
-5.52788294
-4.51346344
-16.87025089
-18.19960148
4.89706689
-9.25058272
2.53825387
-3.55717070
-16.45654317
4.45573652
-7.40159330
22.67961517
4.06614962
27.62476230
34.54123740
23.37454942
5.89151480
-1.97053236
-1.52966092
5.49957035
-6.68741851
-32.17218749
-40.45253128
2.74833477
-7.53645421
0.74148299
-17.23379896
4.19557063
6.46532685
-7.37433294
-30.52582133
-18.22858623
26.27200472
-10.20673473
-34.63690464
-1.92568669
-10.93995687
12.55731811
28.05851602
42.86613982
21.07310436
-8.87218286
-7.34578185
-11.53040562
39.12477922
18.06214765
-20.95218984
38.67223774
7.34727262
9.96953452
0.55399477
-16.47556733
26.11563424
0.00000000
-91.02195930
-31.35814167
-9.55332896
31.10786335
17.45094362
-14.30637592
21.44841330
12.65820696
1.00276256
-8.13280458
1.88135740
-4.87404184
3.25515956
-20.96849514
-4.83920850
-77.89772165
24.03695728
71.50964550
27.20917068
0.66034441
41.54373350
-4.57110584
8.03455791
-9.77996946
-11.70547704
34.28691386
23.74497234
20.11421725
-15.80015979
-29.47092908
-3.29716352
28.16290049
29.62584144
