-65.83230913
-86.03234252
-72.79259494
-163.45908003
-22.91264385
-33.08974098
-37.92249377
-26.98165371
-19.24617355
-8.84943564
-103.21391339
-134.55515112
-145.46471964
-181.67477889
-46.57153488
-29.57142210
-64.37790744
-49.80824045
-139.77537334
-142.39485217
-60.89987336
-43.96186016
4.99575202
-80.53497165
-93.63111517
-174.32757096
-98.58524810
-135.69558168
-158.88282979
-38.59254626
-38.41005206
-4.95547527
-164.34354241
-164.25462102
-55.52751226
-223.65082609
-70.24351722
-142.44494715
-125.90918460
-130.61413795
-111.11580895
0.00000000
-33.82184443
-5.94318029
-38.27198035
-94.01819365
-41.85764163
-25.29979948
-97.63797422
-45.37013495
-16.85283580
-64.82012261
-68.07484276
-24.06320638
3.45700184
-77.49003601
-78.54372476
-130.85640582
-159.03841263
-104.92584736
-56.25786045
-56.60367330
-140.61628498
-45.03779151
-49.97517663
-66.52104924
-12.36218210
-86.47682684
-77.73720480
-53.93613959
-51.27857083
-22.16727213
-80.89843885
-109.86221107
-150.40404409
0.60153392
-95.30285228
-38.63929867
-14.67514049
-22.56860386
-4.32164887
-7.95629366
-23.06166524
-4.67349849
-14.04715677
-86.37360510
-6.70780968
-9.31545566
7.96948020
6.41275723
-14.97032115
-20.48359875
-4.37101842
-59.95948261
-78.85034097
-40.99384023
-25.06822040
12.05676397
-6.68120460
1.03436622
4.38998647
-79.93789845
-34.60600710
2.59403681
-47.37706087
-26.83181973
2.52901757
-73.09467602
-3.38015967
6.18148024
-4.36004687
-7.49173656
-31.71089492
-19.10591881
-14.24857866
-23.35705486
0.00000000
33.14285462
14.19411993
-10.42717418
-26.20955938
-35.57786577
-21.41122892
-12.37076415
7.49666593
25.67237687
-0.79096619
-24.39329204
-20.45207785
11.25555125
-36.55775526
-45.31834629
-26.90402456
-104.98546778
-81.97292483
-11.81833664
-9.09324535
-15.19868270
-7.24150163
-22.69353013
-52.29562612
-5.53878614
-46.44636621
-8.58610985
-4.63516647
-40.52350206
-12.42221761
3.19789054
-15.51731039
-94.76891164
