38.66363026
109.79317980
-51.29743382
-63.64567226
51.39892192
30.75922331
9.45387530
-4.89004547
60.00303158
95.60611592
103.67164765
6.53723367
8.76320363
21.49445058
35.34704561
15.18264166
-4.43034411
-0.67986982
29.70935950
92.11425712
22.12415040
72.33231832
21.88667818
-8.37172312
79.79211651
21.91078995
38.48164274
-123.32033342
-105.54124649
96.77520740
23.01628892
24.95816430
19.13325169
-10.07696914
11.72655874
-10.92551954
-5.25723331
-23.84418847
14.61056124
29.81979976
0.16630664
0.00000000
139.90833908
16.72098156
79.35523100
-88.20186567
8.19021195
24.81675911
4.46764314
-2.61471144
-7.76553921
32.90602707
20.56620218
24.34663547
34.40005135
27.77518654
-21.62801780
77.06067734
-19.80700843
-49.16345448
-2.95124018
-0.12101519
-34.65463243
19.19710789
6.33420090
28.71084472
46.64151514
-55.08093338
-8.84923807
-29.61135506
43.23430825
21.98293112
-16.45696368
13.72855986
11.99330129
68.05562972
16.73850903
-60.13930556
2.03157606
97.71927716
36.08141782
6.40454489
-14.68744122
41.16501826
59.63120778
103.64134425
45.45688527
30.40019482
59.27617250
73.42869338
25.01013755
7.29345360
22.04059817
74.98766880
36.01162690
28.51386751
88.02181114
31.06100853
33.49642955
111.77553815
80.65141436
-14.16025752
-73.96631529
-25.56051331
49.94116797
35.28558459
25.03532934
63.81179013
58.29693572
43.36593018
112.52133469
17.90787117
50.12954228
22.03908004
24.27998620
10.68645780
0.00000000
172.13272965
41.12254171
60.73292621
-43.18773682
-21.45193661
12.73339646
26.38374350
10.94678342
14.48580858
76.97439512
43.00517168
52.00156382
29.35325175
80.13630403
6.64518348
79.05174772
14.54904007
-12.71716089
8.82600978
28.36912869
54.49049071
26.55030697
24.70730702
43.17921282
32.04252447
-34.45414351
12.09037249
-5.06740611
62.97181514
31.93931616
5.15940911
49.85807340
78.89222207
