-72.45686885
-77.98813136
-58.39376241
-56.04057862
-8.38739571
-39.48177504
-28.62941730
-25.26984428
-21.34866405
-16.49721473
-5.17417939
-42.70427266
-61.94028356
-94.18752842
-34.73029261
-20.89130040
-60.26224907
-30.36833841
-13.35227706
0.27183041
-22.06259876
19.37715374
-3.38085823
-62.85629958
-38.64008752
-80.96740247
-43.15868669
-46.56126271
-84.66295896
-44.68325179
-36.73451927
12.90563883
-56.75287236
-87.48679249
-37.32238658
-97.79360634
-43.92978269
-41.82380511
-44.15634161
-32.61984254
-53.63944740
0.00000000
16.09335381
-36.48520942
19.17268529
-53.35412645
-20.82211944
-14.03372642
-56.32341298
-22.52946914
-27.69937740
-1.16940654
-26.48531351
-19.64322100
-0.20381286
-63.36893692
-8.91824327
-21.62865297
1.47589411
-31.20973510
-15.69541296
-12.75369774
-39.95835298
-32.43408686
-45.64635054
-13.10470332
-13.82000283
-32.37769141
-17.13292115
-26.44308188
-40.15216360
-6.37693205
-27.30782657
-55.28784534
-44.40016702
-10.00375160
-25.70463729
-33.30421662
-59.65899796
-37.74006858
-6.43225482
1.09001583
-17.07102712
-14.85689861
-3.42422240
16.74223482
-31.54962412
-13.44872597
-20.21664794
-17.14311807
-9.80792972
-46.07717782
-0.69698068
4.05395540
11.32274392
-1.74127024
14.18863920
-9.30228014
-21.52978849
-26.20750348
-29.29453626
-47.42782142
-52.74993040
-23.22481754
-42.96319218
-24.75321198
2.90320966
-43.77797362
-15.21379153
-22.93950197
-70.61810750
-34.88843155
-44.99230135
19.57820043
-8.16831455
-23.97685771
0.00000000
3.10542479
-31.09600641
2.69768988
-41.78752458
-26.48192338
4.15190384
-22.49364702
-12.51349971
-12.81695750
13.11696620
-21.85355990
-23.33380768
-2.03616388
-39.50516244
-15.62256846
7.11900380
23.67348848
-36.40049765
-9.94260115
5.34193491
-9.27272611
-23.99662653
-17.15910010
-12.72252411
-3.04656991
-34.43378187
-16.85460040
-6.17583392
-45.46320792
-9.20441825
-5.12801079
-20.86254252
-66.35205740
