100.56934717
251.54629009
2.66205728
-9.72756268
56.17406879
22.81113072
11.14729799
-1.67443287
56.72373679
61.22311399
211.95353512
47.80788663
99.31596803
47.05737063
66.39016323
11.56920588
54.06336292
22.86159398
77.53234447
202.96650304
102.12213153
151.73789791
52.24456436
86.09770594
66.57315297
106.03303990
75.73090507
-96.29998646
-37.66278499
108.63388017
35.01957453
41.04896519
-7.52547745
39.22352803
19.50942688
71.31818937
83.59891889
38.04039688
87.63845922
54.17703707
34.05543234
0.00000000
239.45913936
75.24468797
163.41320886
-58.28521647
-0.19877835
47.44208386
39.58284731
12.74038354
50.46184848
90.03451076
48.35069823
38.22486207
7.46362964
158.53462830
45.90267145
282.68332871
60.34065697
-36.67600777
32.94280131
48.62016678
42.34516088
43.87184567
42.54189104
35.51931576
65.54196798
-9.66991458
6.93168554
-6.18667480
74.40795705
24.43762677
34.93909406
54.17022867
5.63496409
125.72243831
83.76682056
-16.47855810
87.77350871
82.14332764
34.45666957
17.12125629
-6.18235356
41.53562814
22.97797244
225.02866843
121.31100342
111.63079654
131.42865127
108.42308956
27.76356430
34.50269263
55.91120531
14.80618052
10.64327590
106.36004889
180.83413785
79.63563880
132.66079047
93.23191624
106.01287856
-13.99443138
-42.72807620
-17.22723002
62.64094941
51.79363788
47.05872254
47.79657056
63.88642274
71.45468982
130.80033560
118.13986239
141.09512410
54.51819042
115.13853351
15.41281770
0.00000000
328.24725075
85.25504997
97.30593912
-15.87878279
-13.00329227
65.01921533
28.85345716
30.67895742
49.44435979
170.48230676
61.14799988
90.38713419
15.71210067
161.75634322
58.54130478
150.01694109
97.55656521
-15.53878011
41.00270390
47.08052634
72.16189620
64.82862822
62.81621638
42.35421783
45.30412851
-0.00739185
46.66627843
0.24590859
73.09026533
20.67389909
76.18942691
66.54688287
103.03924402
