91.90037364
190.61022159
49.50310544
96.47956003
22.09211323
77.50429731
74.13105727
34.27976924
15.19029087
75.89819925
196.07652576
35.86565421
88.97871325
74.24270531
78.92371387
37.38414108
92.43275117
62.99543821
73.97187643
122.38543418
91.03848371
115.43918067
50.99068232
122.59029109
40.69534551
154.37586829
160.48336924
18.39179784
104.49818013
118.45708845
86.62739586
41.28832045
57.82111904
59.39878390
37.80499256
146.99811544
71.71156281
-12.97233942
76.54053853
-0.55930006
72.60160421
0.00000000
129.30965236
83.51172881
98.89307614
36.29373782
45.21743230
55.45500108
56.30703018
44.15181250
64.95024035
82.07410677
52.44656449
52.30750106
26.11430879
97.30570679
67.00613418
163.49972619
48.48731730
41.87657218
34.83461484
56.85890753
35.99341530
75.54711647
95.14126321
92.37829372
61.54577703
43.77836170
45.40233446
43.56410264
99.19589972
27.34539924
18.14686687
47.66827668
48.88647671
97.89252293
74.33275230
23.13267319
148.51073515
63.63112032
66.41642934
28.91358400
20.96556595
33.66716825
35.83898679
189.17702867
88.00161110
-5.02703883
23.02959772
46.42597085
35.47298928
81.81214582
69.14035606
8.55348626
54.20627227
57.60579514
114.81530880
52.24913199
64.10925680
-31.11241030
109.68388252
65.90332033
43.60800543
23.66546625
101.56804521
61.86217972
33.49813163
51.63393704
3.13551082
22.66610657
152.26498478
54.06224539
19.86880038
-0.87729004
13.43709734
45.56753210
0.00000000
135.51036427
64.41776142
72.23130819
39.34592033
47.28317713
42.06475891
6.51913903
51.65246147
46.06219860
84.83586586
13.22737466
72.10645291
8.39138364
59.10358962
24.48655957
110.13697893
66.31667112
7.18878791
22.11538664
41.77945166
24.97754189
96.79966485
57.71243887
83.66884810
37.13790921
45.62718291
43.59325005
27.35352871
154.57982437
35.23814196
-2.33146492
6.95037020
127.07791284
