-34.79722587
-111.08566029
-54.16160134
-55.40050092
-15.87476271
-53.88689952
-35.47150099
-20.63283715
-49.43727745
-96.77941751
-79.15802711
7.17370830
-34.27125106
-37.02321100
-3.70293340
-25.39576551
-28.62868580
-18.11326583
-66.62526176
-60.20966973
-46.58719072
-67.79113371
-25.21384623
-70.10845542
-31.64315353
-30.95880087
-16.91340849
-28.57688080
-45.25277464
-85.85755336
-69.42455152
-41.47766465
-68.12684521
-92.25221520
-52.88073089
-69.55523381
-23.92564146
-56.48084658
-6.74662951
-6.20053567
-36.75749773
0.00000000
-38.79424962
-51.73482089
-40.81948847
-31.00961210
-24.66657042
-25.14703010
-47.16448583
-14.55543294
-27.60427976
-80.69279651
21.12634254
-13.92348745
-19.15527603
80.92419815
24.79560640
-64.27257708
-33.01359047
-55.87863624
-19.45955520
-36.61575376
19.23022536
-38.87434341
-73.85874650
-50.80483012
-43.72652716
-15.94289064
-2.08420892
-14.58516716
-102.27385753
-46.22927705
-22.31983622
-64.86844230
-44.23224347
-58.14955135
-72.68950975
-32.13317360
-38.63121295
-77.24167640
-41.91882880
-17.34398684
-8.32364107
-38.74711770
-67.67140271
-90.24634370
-15.11450960
-11.48250461
-14.93673048
-27.59301800
-41.88541655
-26.61505063
-48.53599104
-56.03219621
-32.71389104
-52.96237063
-40.51771189
-32.69876805
-65.38775319
-46.53511209
-40.70619470
-39.83090390
-31.26786090
-9.14329788
-81.40279958
-51.85811562
-34.47761206
-30.08896461
-45.91949568
-41.37284650
-52.14122604
-40.03196569
-65.12702875
-9.71521486
19.07021382
-23.47311661
0.00000000
-45.22497017
-48.53564970
-36.34708822
-21.31000161
-24.95285945
-19.57375966
-19.94395607
-9.71475448
-15.26548245
-27.93037912
-18.38609206
-39.57778157
-23.15139283
-41.90921486
-0.02771612
-41.48869061
-42.22252521
-44.72398821
-30.73413011
-24.16571753
-43.20293948
-43.22531619
-61.52943581
-48.84787642
-30.57663467
-34.88088033
-11.46042945
3.71270591
-96.36984260
-39.61129917
-6.16209585
-64.52907165
-62.58017342
