33.91751051
12.88597531
2.28122617
89.92090710
32.09140035
23.20145811
20.61010234
23.43435861
34.36209965
13.22208320
36.83073395
60.07055279
39.18128382
104.85748924
46.28720294
18.53078450
16.45005118
11.05541821
-27.85225193
-33.13840917
12.15596408
28.00407610
-12.41564211
48.92089126
101.15414205
91.70436838
-2.80286173
65.23738812
69.35187999
27.83945625
19.24624715
-2.50560445
48.19127858
57.31864374
16.51942458
96.69282220
42.09852405
55.66387764
39.76412602
60.04330736
41.23448647
0.00000000
-4.37240828
23.17175548
1.52228125
57.02697128
20.31965220
9.78784609
45.31621760
14.69026664
6.04030229
29.44680062
45.08717918
33.95487381
12.52515443
52.46890221
43.95519281
-2.00391612
28.54988934
32.78959489
23.65671283
16.68388437
54.49465054
-4.35225616
40.33815287
17.55593603
7.57784692
46.10312600
30.79386699
29.27924005
39.71033299
51.73025738
31.09450857
57.45425362
28.12197368
-14.23355038
-13.61108247
3.42690363
-35.45568127
22.25066329
-0.54336909
-8.94232011
10.51840754
22.96474651
27.74560980
-17.29205855
-25.77036050
6.82325320
-6.94629485
-15.51248353
-2.02104055
2.27643602
-26.65953155
-59.87857942
-32.63049757
-30.08573357
9.64338836
-24.11957659
-7.97317066
-3.98511020
-57.76852485
-11.81024906
-14.56314445
-33.70284738
8.76925215
1.02669659
-17.06907969
-20.97665215
-9.41262263
-15.46992254
-101.86452003
-21.09985979
-11.77824207
-2.27310578
-7.18518850
-7.28719173
0.00000000
-47.70207230
-6.16274255
-7.12301542
8.69124746
6.44549299
-13.07925346
-13.40461269
-6.65264497
-0.99273394
-15.80743852
13.06095228
-7.02520460
-4.80873460
-7.89599707
-9.21708826
-74.01913014
-46.51316667
-41.81554308
-29.99066865
-4.91177139
-8.51727315
-7.61183554
26.75534950
-19.48054111
4.58958234
0.50092815
-14.96597811
-17.09688151
0.83728050
9.20249469
-23.98195941
-6.55784542
-5.31832900
