10.93127221
50.07595695
29.06330738
29.42230116
13.24745014
19.75095340
10.07196720
8.86018519
16.89594085
11.94382620
-43.07027306
-13.94753356
-6.80087318
19.66483928
-32.33173666
9.62961002
24.38200811
2.81927584
-47.31226449
-111.04599578
-0.27933488
-35.87408127
-2.90483061
32.95941173
-38.03691919
-42.56268147
-64.54055199
34.97933074
49.99748970
13.07715052
28.93439285
16.27511406
30.77338322
44.09075264
20.38150273
51.02328832
8.28595143
23.93515168
-11.90469124
-2.61070355
19.49496975
0.00000000
-49.60211463
29.98977878
-57.49506019
26.67857554
-4.83752137
-8.31855116
38.06849333
-1.64808000
24.01292403
-14.27374835
-21.88057976
-12.00661229
-6.16462680
-99.20991211
-36.40789941
-15.61098034
-60.26232601
5.44667977
2.59108029
7.75596301
-16.69077131
16.09667710
16.92764098
-11.06084780
1.22966417
-6.54236990
-7.47758642
0.23032576
45.63767681
29.48465965
7.62401981
13.58430617
32.86711308
-19.87951652
51.36133321
27.98282937
-1.28484776
14.90187659
8.30816695
1.23727252
12.14888152
14.78823425
9.81151880
-87.15768725
-22.79882457
-3.29852977
-5.80642372
-6.43160868
12.52230679
7.26540063
4.21658585
-75.12432485
-129.44191706
-13.20349627
-58.58437015
-8.26607776
18.74115006
-7.56614059
-34.15782918
-8.65441306
42.21004292
15.29578300
19.60397182
13.20410136
3.63079277
9.13030271
11.28304517
17.30523673
-38.79842856
-3.09497904
23.71257275
16.77358994
0.15286718
3.19896972
0.00000000
-19.05633798
13.73794372
-42.35945006
16.69684922
-1.64818516
14.43731984
4.15841592
-2.90890667
3.75647025
0.70486713
13.27850814
-9.41500400
5.81482615
2.88409010
-1.10175253
-28.59185263
-70.29471072
-18.13145687
-7.89320432
-12.48032430
1.57871589
18.12309622
12.28593717
-14.36184652
-2.94478710
2.39462480
-4.74422388
-4.19558055
19.92607141
8.97500544
-4.84495622
18.65171788
37.83383754
