72.11135682
200.99468571
109.63749594
97.66226098
17.87006160
56.86538739
83.68180329
46.00372562
21.84193976
95.63978749
269.32783249
110.57064973
191.38865874
163.48554330
87.42883332
46.98836300
91.31450342
70.71671286
209.66931112
304.95027408
123.23780950
145.90022411
60.88492258
125.53701787
81.42967212
147.01922202
195.89983906
89.19224760
145.01101784
122.68917869
48.73904533
35.71879846
137.33596236
131.69043589
101.83941940
147.38598984
94.81153915
74.74411183
179.84241381
147.36757028
104.84653611
0.00000000
145.79011925
99.48117439
133.75035460
68.69038906
48.01352191
78.99778960
91.80048040
53.94835673
71.08874185
158.86201972
101.78470471
60.66486949
26.79847601
21.97521591
103.46434128
239.64045765
255.75583530
89.32124896
57.90472290
72.31218909
160.04645442
45.62783328
62.35865442
127.44789518
51.57390855
87.21316090
82.84989088
60.18872829
75.46877909
17.14058459
77.96932343
71.49768617
139.95266787
100.68096879
213.98580407
69.29502315
133.26193690
89.58758047
32.27497284
41.26028853
34.43118490
36.31132174
68.51378466
307.28848468
120.00374646
77.94577495
95.22066763
67.56707795
41.38860177
93.59926247
83.41493674
151.28158329
207.21049782
128.96814928
161.46416759
81.34963916
88.39445474
22.64791909
93.93042577
170.28441569
110.01487159
59.13743159
125.81141348
24.98685576
33.27339324
127.90947668
53.93885918
65.04494344
143.57173357
49.46084909
71.46134657
63.51184386
88.10339865
62.52133060
0.00000000
111.10744916
96.38558202
104.80346779
69.44860325
63.68172516
84.37244954
53.25592608
43.35413956
24.51740823
107.12662861
62.75155594
68.82065497
20.35881239
65.72986785
107.23439825
143.97356345
275.34676082
190.90318417
61.66634097
57.52727701
43.30827400
34.76430096
77.27380649
145.11406823
33.21220039
112.78769034
72.44457812
40.44118268
85.10673064
48.48202852
30.47303332
58.94427202
196.80794763
