-35.46249813
-9.43516842
-10.03726105
19.09515811
-0.71512706
3.92950328
8.94736171
14.29353285
-12.87116838
-18.37008305
-93.60221038
7.83856943
-25.35683817
-51.07400293
-54.03231473
-12.61873132
25.98533467
29.64982478
-108.78888677
-172.19893021
-58.21803247
-58.18866786
-4.55778362
-36.95178446
-114.07390040
-15.76463207
-61.61064685
17.19636705
12.75771368
-40.25584013
-31.07301796
-12.41630966
-45.52972529
-54.92273584
-32.59683544
-38.84982425
-25.35156744
-55.45904338
-22.64889517
-51.91215566
-2.78308713
0.00000000
-65.00157210
-2.25623951
-58.10166062
8.71878547
6.87925756
15.65837627
-7.91818660
17.73271562
-11.55366280
-41.04946816
-15.28156506
-25.61085193
-16.32103075
-78.62728806
-20.65338972
-28.73460203
-84.55964328
-10.21641053
-19.54460177
-33.06221052
-26.87873924
-37.08351114
-8.98546896
-19.22379211
-6.01122965
25.74523305
10.96220858
8.17283246
-37.32971496
2.20485681
-30.59769601
-44.46099690
-25.29430730
-8.43553271
-3.20082273
3.03690246
21.64731511
-33.03669647
9.96617772
-1.76544515
10.78093084
-14.96847293
-9.26558943
-101.51976421
-4.89827240
-20.68450946
-35.13486928
-37.82408456
-14.82620452
28.04479032
-38.11018675
-61.53323750
-65.98040279
-61.27366595
-61.11095836
-8.31277768
-52.18539328
-60.36407387
44.53445651
-8.50419403
13.03816158
4.53939958
-17.72034816
-38.25015362
-14.16521062
-24.51731581
-8.92201674
-19.81106385
15.53860698
-29.36372770
-64.74286532
0.38164035
-41.04063568
30.97909248
0.00000000
-12.14035300
-18.52053700
-37.71758674
-0.51383991
6.73789790
-8.47997416
2.31595015
15.37843337
7.74338716
-21.04267445
-14.32694125
-19.11222963
-14.53690966
-58.99302759
-9.37990420
-31.62183873
-73.86189838
-5.02331900
-15.23920829
-22.94005254
-18.72347996
-21.39071345
-10.70105876
-21.73645758
-2.65618352
7.07637742
11.53386119
5.24946129
-31.52290780
-3.57864642
-45.05489616
-36.48781814
-10.76466107
