40.75088366
81.71053465
-25.91174759
5.59442153
-1.11016309
36.05951605
23.38009537
6.42823798
5.28948517
-4.09503321
102.90712953
65.97004246
82.59416406
65.35332686
15.91976772
6.43539716
22.73805212
12.90172379
-2.75314467
5.99404429
30.21540936
40.61553919
22.46494755
57.81698392
-38.23697605
71.77590594
-19.79130333
-73.56810996
-45.26994867
9.52651877
22.83141402
17.51708786
23.65321096
26.11131733
26.90875835
46.46606322
-1.03225316
7.29687434
86.08747733
73.12340597
29.39956109
0.00000000
65.04619686
37.73956962
73.29874224
-41.81150257
11.53484661
34.11685467
28.03696758
13.25072624
21.12273109
28.36956583
21.92008989
12.08404584
-11.65938933
51.28704338
-4.60662826
108.04658473
-21.59777713
-23.46752597
11.51215594
23.49907853
19.45577782
29.06599314
24.24533290
13.13645317
21.06893695
-8.63160004
15.15697408
-2.08290819
25.32356515
-1.53384234
-1.36372023
16.46528426
31.30866971
34.08351196
26.22888386
-26.25042044
50.34885756
28.51082846
18.62742691
7.13979385
10.98630726
19.58956013
-18.40111160
87.86473019
80.04281453
34.39712045
54.43305089
47.94558658
8.35517904
56.41241116
26.97078835
-12.41107639
-4.35123754
45.34056507
60.40840940
32.55807722
43.88493406
27.08811685
84.01626279
-24.93491752
-35.28018077
-33.36654430
30.38246675
17.19702610
3.09718189
63.24399306
42.95851082
48.33810182
105.91266930
40.26266973
49.70217164
29.41755552
75.75782220
28.30263851
0.00000000
84.30570936
50.99602935
56.58313433
-21.89190476
18.40403702
34.92336337
40.41255165
34.07846478
26.86984561
49.22125336
36.59725312
42.18047145
9.86303036
122.18563403
14.97282238
55.15603300
8.79780401
4.71026308
27.39869048
20.04835512
40.74404330
46.20014086
48.08612255
43.41313929
18.41862733
8.69532874
18.39647463
-14.89708672
79.74424721
6.90232837
32.70208636
49.23137454
92.74246424
