60.33582089
133.28033629
65.00519717
79.28992316
50.64744330
27.00760359
12.87087074
23.37399990
43.65662955
48.78834182
-11.99222426
48.68873810
68.02139254
102.12023336
64.22898844
35.62532747
39.57381141
25.68106277
61.48889905
-20.34732972
42.81033180
-11.90485215
15.18355368
72.26177343
117.35554940
52.84202269
31.35575511
95.16603926
98.24760793
59.20670539
31.07109865
11.08678496
69.83060384
124.89660027
65.20564268
113.54002217
61.29515421
117.94945376
48.78793683
60.94172729
44.67724814
0.00000000
-36.61973289
44.88229855
-22.57564742
65.79519368
16.75679430
15.33159116
51.15174203
19.24918675
23.87570609
38.55213434
40.40330421
48.18930021
26.76091128
20.90346279
41.63635704
71.70070590
33.66933199
109.98954049
25.70723244
26.32391811
81.88729277
20.29254126
53.34463589
33.49026409
3.06242533
52.75841428
33.81401035
35.17221865
72.32547045
57.66233500
66.44407221
95.06178855
60.55278721
41.96234099
95.60020206
45.99378923
-7.68613993
59.30958683
9.82588293
-6.15217144
5.64972641
3.06253657
12.14472774
-34.76712304
-26.73949586
-9.47251548
-23.28018689
-2.83619507
11.03774735
-8.51035913
5.19584650
27.57919285
-21.59737620
36.72561168
-33.20392733
11.71639856
26.70088157
7.81651675
-50.90563845
45.74217938
27.97458158
20.58212889
22.31372176
29.18133713
10.89316251
-8.15188840
6.49798412
11.83420987
-41.53008374
13.69368157
14.50324938
-36.45595893
-24.26575255
-3.81725292
0.00000000
1.83862442
10.88703494
-25.61918519
24.22236078
7.70731561
-0.25612558
-4.78630974
-26.84273696
4.73670213
14.80504977
-11.40242521
15.34669886
-3.93779640
-44.48116130
11.34746326
57.43211212
6.24882632
43.85869408
5.49234434
2.41363211
-7.50192179
8.62706339
24.05930591
-6.02023769
-3.64230065
7.52237557
-10.67850127
5.65208544
36.78800978
12.13158469
-8.46976450
7.03791915
4.19273696
