-45.58846754
-31.26893130
-56.74159246
-50.95880603
4.60478167
-37.66578460
-28.48874621
-26.95951655
-8.42324577
11.78857518
23.74558463
-10.58693705
-32.59081501
-53.81035069
5.76434494
-18.07395005
-58.12292908
-26.58279208
27.18938290
51.34120145
-5.98685531
48.36871061
-7.21489703
-61.98964594
62.66389504
-47.95737273
-12.59347723
-58.79505798
-80.24154203
-4.97102276
-46.18005779
3.79283695
-47.81040277
-58.57542143
-40.48753956
-55.59222429
-40.34212910
-27.85688524
0.36396523
7.48786471
-39.40164168
0.00000000
43.08515321
-53.62734795
41.93925626
-45.61589775
-13.36990279
-6.35827125
-52.63225537
-20.40834465
-39.65844877
13.67127378
-10.63633872
-10.79096582
8.44892125
13.90231047
27.32133598
40.61239648
43.85072973
-32.68541348
-18.02988300
-3.10751763
1.94161925
-31.51725494
-46.52964157
12.60665353
-9.32096535
-22.97396531
-16.73223543
-15.22097684
-45.93190515
12.29522451
-20.88642661
-31.65330780
-35.45099924
-23.05843302
-12.51855086
-40.78592370
-45.91455878
-47.23192235
-21.23348118
1.44886088
-16.07891040
-21.96545757
7.16257982
60.56827037
-25.79194719
5.18069212
-0.83726672
-22.51159078
-19.77167420
-34.71870116
3.88250651
37.50277909
68.07209630
11.02664020
33.80973491
-16.10485120
-29.23857646
-27.67299099
-46.73501983
-49.69441636
-78.65333428
-41.49598480
-34.36948064
-44.32281101
-7.64351642
-22.38237566
-8.91156514
-24.98973225
-47.45086262
-37.61988979
-48.52002223
26.35476540
26.64512420
-10.30083623
0.00000000
55.94086381
-48.35323342
19.52369278
-42.33293083
-22.65704588
4.31030578
-15.85294960
-5.49745964
-29.78063908
24.08473061
-24.08106510
-22.76788484
-5.58451966
-35.63446741
-7.20929279
55.85354110
72.68478261
-30.93262223
-6.81289683
7.25277027
-3.05246533
-44.37674502
-23.57136951
-9.15463957
-2.36862396
-38.90766432
-21.66052564
-12.79287708
-65.18631882
-7.31405964
-8.12438025
-30.52248810
-44.95286528
