-137.73774302
-262.35694429
-118.22447701
-61.29329222
-82.93020858
-40.64980179
-44.96009427
-24.56962488
-45.63829036
-111.41033502
-183.46678765
-65.81408412
-114.00649445
-87.07236205
-98.72153426
-38.14592191
-103.39038925
-65.06343540
-129.68166638
-209.74206667
-136.34687054
-147.16917686
-68.26858934
-131.54637088
-100.75395097
-87.75414193
-148.84130481
-64.01095776
-129.56098973
-92.53889364
-63.55067997
-60.64262667
-65.12462892
-93.58018453
-62.03737507
-78.18435804
-137.05876940
-84.39665600
-69.66476953
-37.60567338
-54.58566203
0.00000000
-132.24388061
-106.27398607
-115.50824573
-64.21330269
-29.54436312
-42.80372531
-91.84495500
-29.94881937
-87.31577110
-116.80422288
-100.71800554
-57.20336324
-30.14467801
-133.68586884
-84.21598137
-208.91275041
-154.81304903
-76.01096115
-64.76879637
-76.88715511
-110.90907468
-49.03918820
-61.40225929
-65.41967506
-69.36765830
-46.35723373
-50.60848613
-28.18545695
-98.30287256
-18.55803864
-89.22582642
-53.20790509
-55.40763769
-161.08784741
-176.22258176
-87.06562214
-141.69161103
-122.24308989
-42.81531446
-30.58893032
-10.79606619
-31.26821215
-79.22406205
-198.59992090
-158.12906690
-146.17648092
-116.79593366
-119.36638526
-59.40462237
-57.48558430
-87.45430596
-76.86356305
-51.42587929
-142.26344229
-157.45648608
-73.68420849
-140.57253728
-110.75524599
-117.93822747
-135.53476118
-120.00835743
-64.55869472
-97.97660141
-58.01219623
-54.51176646
-78.90966625
-76.40924706
-62.01859819
-124.62612432
-117.10718343
-156.27438491
-72.75549920
-121.08380247
-49.92382350
0.00000000
-165.70415573
-63.72464425
-99.55930220
-76.99913428
-33.10884271
-55.34691152
-27.52325887
-49.09673094
-48.51679587
-125.25835496
-77.68253315
-104.47160155
-47.31547474
-126.67046648
-108.08261990
-86.15522789
-177.98247634
-101.73502277
-73.50160942
-61.53545215
-49.95809611
-73.82361748
-77.68951539
-75.31351024
-40.28093467
-81.66600614
-67.49588813
-33.65096184
-115.42520197
-41.47311718
-84.20558960
-80.28032604
-140.93496308
