86.60017718
24.96150081
118.04253660
136.96315395
-20.19815325
20.05690688
35.71377912
31.13327398
5.42786626
33.48034978
36.06674397
77.71273211
103.79968074
74.80948896
78.29240686
30.90065692
62.41978227
31.74562698
33.38602287
49.95783130
50.03305997
42.17025552
24.03356251
123.86305439
105.50651895
95.83272295
99.73106561
176.08203405
168.88670971
41.84989711
32.02207224
20.59809282
112.50380369
136.42088009
80.71853003
73.41009827
97.50570153
117.03144524
57.27665811
39.33809790
55.84089041
0.00000000
-2.63919494
75.14828681
37.46778901
99.54939236
25.75887562
14.95755987
75.49012132
27.53128640
75.55830060
70.05190234
62.82091307
36.35774563
35.58826031
117.70008240
56.25370481
-11.74150144
98.36894978
71.02908434
76.71499484
28.23114503
89.42776845
27.25948746
71.96444618
65.34450005
16.65432402
86.47418431
56.02258681
40.41476072
36.60621705
-0.43830953
81.37666254
63.73842271
102.01947206
34.24858921
8.05537674
97.24840219
73.25362194
34.21541613
-1.01896099
28.27497471
19.09169834
10.14991341
28.82598096
53.24766964
47.24725288
39.29620663
7.97565537
34.36168880
34.63567745
28.99100122
24.36413816
22.17220672
10.13910990
23.42932960
42.58404738
54.31916581
47.36506984
32.89772944
62.94812691
100.18140468
156.05004235
74.98846356
66.57237373
31.20102613
27.01037027
41.79684076
19.20179298
36.68174026
48.64474629
50.60435698
47.88852703
10.81395074
14.54566959
28.87835570
0.00000000
-47.60218725
63.23371592
19.63312010
79.54820355
35.52547203
13.22119533
10.62303495
0.51348761
20.00328300
-15.64655055
15.25893755
40.01378143
25.42614224
31.73045034
40.41160000
-63.80283276
45.15161956
48.78284805
12.75820461
2.44144448
-0.41400393
32.14180418
33.90778778
52.48415007
12.40073224
93.74613014
25.08748202
17.97412463
43.03913768
28.19302869
17.98697403
22.09780685
66.15553081
