116.44653212
169.70345677
56.98627252
132.41469414
24.17709388
68.64079473
72.81627867
32.00190456
4.47351815
56.89583211
178.93762032
59.81064478
145.89541974
101.04566423
81.63640040
31.02873914
112.80190210
67.28551795
29.02351176
85.23609327
99.81802818
114.05377764
62.62513868
158.95341674
42.77228747
137.87041145
148.08918188
52.20650416
112.19714034
106.45406637
78.66289514
30.99353628
96.50421578
76.58910275
64.59816188
149.24939563
119.80986652
32.31468560
106.67562595
29.65490440
78.20924635
0.00000000
62.52519641
119.91760446
93.96897007
37.54146666
45.82680734
70.68837280
87.35344936
43.05090504
107.14786778
99.94554614
72.16556930
63.47141625
34.27153896
98.49609985
76.37131041
77.43921033
85.77571655
52.25188487
62.50352879
83.64254297
69.27499420
81.04760261
109.14278479
97.40399959
46.88046961
60.60938540
60.82458586
42.30362586
79.82083246
34.55061799
51.92260771
54.82899852
86.87625411
46.92346005
77.79886943
47.63392665
120.87633236
52.78446938
38.81583118
31.66884579
10.06755563
24.44709627
32.11884008
137.08911736
80.95938686
22.55318898
19.38787925
37.06770276
30.20140101
66.34878457
50.92774274
-43.86101031
-54.30279663
83.61639606
118.54763719
83.08707664
72.08017193
-50.05298150
89.57366624
81.63814720
62.14156121
24.33153261
104.77433108
41.93397658
30.84361750
36.21338413
-3.18703959
28.51193006
90.35147913
83.05011651
35.04973016
27.11810739
18.87820268
28.82978787
0.00000000
36.62576300
98.41076000
62.69987400
34.20529975
36.77526500
43.90269315
8.28515740
35.82822886
70.53705105
78.06286612
9.23932968
64.33738959
10.47644880
46.22384013
45.41057095
-11.87934489
71.03631110
0.03279016
26.94296724
35.38333282
16.75373809
96.43056346
62.23792252
93.81073070
29.33037370
54.63034761
35.99610358
17.24985801
110.01550992
43.26520501
10.88628587
7.16206264
109.07617103
