-83.41254334
-123.07453631
-111.89604705
-112.21866510
-66.29215070
-25.66905152
-54.21496717
-45.26608767
-10.83786754
-22.19852396
-3.99908565
-89.05285378
-59.10352824
-78.69233947
-66.31260503
-47.36496053
-69.95599825
-61.90636150
9.83452897
45.19506797
-14.48619012
-6.51879262
-8.55376570
-31.70307774
-39.14118849
-82.15983611
-34.65449333
-136.95807608
-158.80583393
-42.81287068
13.28256110
26.33493487
-50.36561883
-62.78058886
-33.10100910
-65.82421627
-44.42960026
-28.35819566
-72.06702376
-80.47492558
-55.54826759
0.00000000
-24.28083736
-19.47437142
-7.32922683
-109.03291988
-42.60140223
-32.78310770
-67.79812681
-45.58229645
-7.88801677
-10.36569550
-53.00336947
-62.46425797
-31.28505672
-101.72138367
-17.66659899
-41.87223102
28.51758842
-33.00659661
-5.43762575
6.08591555
-51.42657037
10.68642951
-25.45831447
-30.32338115
-17.68159301
-62.18679326
-40.68776239
-40.95587442
-33.60404149
-3.95130268
-23.41589912
-28.68600987
-42.54746442
-53.22239525
-51.28257728
-96.31059735
-102.35928152
-41.84788720
-21.02475567
-36.04479866
-37.36780282
-11.91863399
-9.34073953
9.76595897
-65.03194862
-29.02581891
-13.01333161
-23.42259645
-35.04692465
-55.00736364
-10.65865685
45.71814727
48.48289756
-9.80528419
-11.85791243
-1.90942956
-16.28043997
-5.02139247
-67.90894418
-50.17790211
-137.62708755
-81.51394894
-46.80804281
16.51207473
11.67704221
-72.89354240
-39.39536021
-8.87898137
-84.44625095
-16.39194740
-33.57383042
-5.85076033
-17.42485711
-55.91585116
0.00000000
-76.34986097
-8.25281128
-2.05563102
-108.45994843
-34.60114075
-7.33143537
-30.55763309
-31.07205265
-1.02549945
-39.41083133
-23.53985802
-49.85815601
-14.07358618
-54.28445024
-4.38957266
18.04047063
63.37253902
-25.93321353
7.04412974
11.10260512
-72.01582331
-5.41541060
-7.03212738
-16.70631918
-10.80566144
-64.18515906
-40.02071204
-34.36395399
-11.46377113
-0.69138980
10.08737291
-16.18426256
-108.29956809
