96.60527326
-41.58258634
95.60080893
197.00462217
17.70341336
51.25623399
39.25712664
36.57567483
33.34546347
51.26470747
-13.08635058
111.67688449
119.06543998
192.50058550
90.65883011
47.52162619
84.85038321
62.57581073
156.02117628
25.10090893
35.73091719
-10.19728634
-35.43560584
108.21914026
191.62199556
157.02237519
107.41265864
199.90111261
177.11065824
45.90666030
99.74023193
19.39239581
126.18720549
154.89888881
31.24254407
224.85163750
81.09439672
186.85480179
87.07462287
99.68509614
114.73577489
0.00000000
-49.08239031
-10.84053183
-18.31937466
127.44058694
48.13432161
7.86895923
88.87548859
51.14362645
28.28054271
-6.43925375
71.78921608
38.71779638
37.48575168
92.78080902
75.08498274
-11.26346791
87.55288876
134.08139007
63.57196517
63.67137926
119.29514072
97.48449515
90.58224841
79.37689321
7.78645639
97.07740417
83.46244316
63.58545328
100.35333257
34.16100940
101.16855608
131.72703226
140.43555094
-21.23672785
-14.30040691
60.77584075
-9.63324637
8.18164406
1.43758320
-0.46659063
18.04278863
12.55531831
16.74141901
-26.78009888
-49.62435228
-105.78268569
-100.71568557
-29.22208878
15.29461294
-12.18001727
-17.68686801
49.54990355
62.26210889
-6.74469693
-61.39045508
-7.64371956
-18.34032740
-18.38615122
-62.83443286
66.44702542
79.40874810
30.79495141
44.97553325
57.14422808
9.10119566
-2.16919219
-59.94110750
-57.64992713
-52.40587731
12.39640844
-0.29384303
-25.67696009
-58.22390379
-1.54450359
0.00000000
-210.11031345
-23.49860904
-16.52135175
53.50703161
36.87582463
0.96290627
-30.92894025
-16.50997788
-8.06906875
-131.72175623
4.45139166
-4.27338184
4.29382257
-20.12244326
12.30998947
-58.14231594
56.31701245
34.50963002
2.31279583
-8.69568737
-15.53785001
19.01386794
-13.31907827
46.25231658
-1.08174096
25.51176402
-14.15817178
-2.35949316
77.46823884
27.08115379
-10.40653861
-2.69881253
26.50038421
