-43.89857234
48.86464176
-87.45057350
-93.82608158
19.68146795
-8.13442866
-13.83537807
-36.84496767
16.51498020
43.33794184
4.46576619
-50.71481853
-49.56574991
-45.96274843
-37.83679719
-18.85645613
-37.20084783
-35.50585836
31.56116899
50.37033250
-6.62839152
25.03420725
6.72454466
-52.13131834
-3.40973175
-87.27002487
-28.56042077
-134.52022284
-132.09272839
10.37568509
7.27815158
-2.16187119
-66.45453731
-73.42361984
-41.12805817
-79.93592091
-27.51206660
-26.13760519
-37.17015446
-42.72530596
-52.42229422
0.00000000
69.49768254
-20.19030705
39.31700927
-83.68878889
-22.65466008
-0.40839512
-61.74890626
-23.33755590
-14.22676252
-6.97085751
-38.41424268
-36.76890765
-4.89978199
-100.81947479
-31.41180083
55.96534750
-10.16558484
-34.08730941
-29.36333985
0.66477819
-39.02943752
-14.53875118
-37.29407838
-16.86439603
16.98160786
-53.64769133
-26.34601260
-34.20920211
-8.48858345
17.03115495
-26.23028257
-45.39365374
-67.83200836
-35.06916651
24.99066865
-80.35839459
-50.96179697
4.90695088
-0.00367210
-8.37677769
-26.66659300
17.69889443
58.00197849
14.76276630
-36.08039111
3.87838532
0.68885710
-13.77513707
-0.78336471
-14.85724078
8.25189471
57.39149987
3.48902600
27.64857161
21.32811354
14.59804897
-19.89639876
36.90957001
-44.32327408
-63.93323980
-134.36346681
-68.38713439
-18.20404970
-4.55764510
16.06239335
-33.49539805
13.36357644
19.71734859
-39.49531100
5.87770436
17.76224101
7.07555747
-25.40728866
-17.96368352
0.00000000
106.46993690
12.59500084
33.98751046
-67.88017067
-36.86832699
4.48773784
0.27723008
0.11993463
-8.11403767
19.16307524
2.66970959
-17.81310814
13.60061386
-39.72394106
-4.89816429
69.22099097
26.40034941
-20.80516673
10.09800911
10.71071379
-0.82371882
-22.20910140
-23.79278934
-8.55044048
18.53451697
-50.19368231
-18.93147943
-19.94571653
-28.80382963
12.01020769
21.67472577
12.00121908
-35.22428739
