-78.39111595
-41.12930835
-38.00666918
-119.56461412
6.83388986
-54.25252742
-39.82893806
-34.10625649
-10.03729869
-7.35417956
-63.61243778
-77.02977448
-89.91513778
-103.36286932
-32.20996415
-17.31652567
-53.51010294
-40.98753606
-60.60184893
-28.87772494
-34.14652765
-33.85770156
-8.69672136
-119.54623670
30.66652969
-100.61288226
-54.12624644
-85.84259397
-102.24260477
-45.42293793
-80.53990478
-21.93014415
-58.82830642
-78.53677758
-29.56243043
-122.19757357
-66.68597924
-68.24393759
-52.79442797
-16.34988584
-57.63161041
0.00000000
-3.34902424
-58.55568462
-15.93118351
-59.83604377
-23.38623308
-41.42649236
-48.12144052
-37.86725640
-46.45256777
-44.11140560
-35.59559424
-12.04432590
-10.31895973
9.20944023
-49.19867518
-62.76440177
-87.89747757
-105.67017607
-39.47130578
-42.34873097
-51.04857877
-73.33542257
-98.65027136
-69.29900925
-18.08021711
-75.15359118
-50.61998337
-44.57664953
-94.44736422
-29.12197677
-55.77874885
-73.44996510
-58.64139036
-11.74401502
-52.90288910
-27.15543674
-17.62273613
-1.12811471
-29.21756488
-4.80292938
-16.34885210
-13.20178810
-15.22625079
-40.39860355
-21.02278305
11.77449800
6.75011685
31.02647640
-14.38361700
-35.48269873
-18.93842146
-17.57731451
-38.07799774
-7.24102603
-5.48336562
-27.88347424
-26.23337297
60.50110164
11.97048493
-32.79639874
-21.57360282
-1.35557032
-55.12306607
-54.69440727
-19.51559640
33.39306054
28.50762054
-5.84392572
33.51914533
-8.80215524
19.71957970
-13.07151538
21.72774380
-11.04034977
0.00000000
58.17896941
-22.99850609
-0.05836162
-20.75008211
-25.85848259
-39.24622735
17.89001198
-14.18048747
-16.97046480
20.89482456
-1.88744675
-4.04709053
2.78702500
27.09762960
-22.35539352
-15.23356512
-52.20385771
-37.02127608
-10.13139411
-4.81113877
-5.63327097
-57.55117126
-22.87893756
-52.86050892
-15.25344596
-31.68996144
-8.01516858
-9.22917177
-85.98835613
-26.94882128
29.61271033
-4.08297359
-0.81785100
