-48.77817743
-21.73495135
21.43486636
-23.34420768
-14.15152025
-21.99726672
1.22174820
12.29420335
-36.97600386
-50.08630984
-162.39018430
-19.14775830
-37.77369374
-80.40199235
-45.22824591
2.82313223
-1.45984202
9.74659329
-145.36309268
-243.52783816
-77.04737548
-81.37539325
-29.24590652
-48.23346374
-139.38174633
-68.22969863
-65.60577558
24.37099701
29.65665662
-58.92178901
-48.69006458
-6.97945283
-92.44135465
-77.18895970
-57.12735061
-77.93723368
-39.02244412
-84.15752826
-44.55677426
-65.64177760
-37.23864938
0.00000000
-79.28915377
-12.19662909
-116.73641086
18.28378010
-8.57060145
1.26053542
-36.99467334
-4.97810270
-16.43137810
-65.77167536
-25.76114993
-20.68677781
-7.77726273
-36.86613083
-32.08824499
-17.20087201
-124.84772997
-24.02623539
-31.61724232
-54.71512542
-59.96622868
-41.69448229
-22.40790528
-53.18353732
-22.44525538
9.31014385
-5.72477471
9.98727941
-82.52401436
-21.52126436
-43.71738151
-74.65708257
-51.33056227
-28.44269416
-17.39408003
42.16249296
17.07848919
-58.98892513
-1.65154201
3.50149100
18.56307144
-25.51666361
-34.50795443
-159.26734563
-20.36101473
-18.35194429
-25.62521255
-25.80034530
-1.67544585
-8.73056591
-38.72918195
-89.59986239
-126.02891066
-96.39490883
-100.21499591
-30.70275632
-49.82996349
-76.20710952
19.58833547
-7.39866431
65.09051829
53.73612807
-32.78055818
-41.53421405
-22.82365106
-57.70347810
-6.48575470
-24.63350493
0.32177210
-42.80249715
-71.64208200
-32.33414760
-58.24346635
11.71605631
0.00000000
-4.63509614
-25.48208469
-67.72290284
28.28172710
5.39753784
-30.11116624
-21.88154836
-3.16018180
0.29396504
-34.74792733
-17.07634079
-19.30836352
-9.86543050
-51.24941129
-28.31007045
-4.99334073
-95.51311809
-22.89471681
-39.40936790
-35.63029882
2.84589336
-35.17705447
-31.67904329
-54.03891075
-18.39825558
2.17788166
13.97563292
25.21951066
-56.07523217
-16.63743063
-54.25317102
-46.16191479
-43.83471356
