101.22577771
202.13467117
107.66637464
156.65716768
21.72096949
52.89905682
55.42809269
36.39932358
6.90207315
90.80600811
248.13084360
131.73078197
196.01766214
209.54474433
66.95527934
32.10779122
84.12803721
55.34997127
277.40471295
339.79410003
140.41576946
121.76935205
21.93345427
155.62675498
34.46251332
106.05599350
188.13635834
133.88686159
173.47139048
109.14117603
79.87322047
12.83458398
132.98864451
168.01208077
88.38098271
176.04030088
131.20295396
156.38002703
143.83038894
134.09553438
104.52039510
0.00000000
120.77939306
74.61614203
102.80647672
106.47573198
44.45545555
44.40213887
92.58523381
53.51757523
81.44946163
170.59898814
96.10462014
44.04795372
24.02051645
-68.11688461
112.21250020
250.09864335
330.39669643
181.12187557
83.52090987
104.26951462
187.01603257
89.43485881
79.71206483
151.07443721
37.09458629
108.07368578
85.88599709
71.29188347
107.33227353
22.28827219
129.14881682
101.91899493
134.42002284
43.14067756
238.80792299
62.84183229
80.77593992
57.31376246
16.75091430
26.20909107
30.70938840
11.77918302
48.59754265
273.44685270
44.89902725
-8.18668648
4.82440288
3.59768846
25.00857534
53.61625413
34.61233003
156.29172583
191.81859834
128.40034095
135.62437378
51.94557327
54.65992133
-80.61507437
3.48522337
171.71034673
87.85723375
33.72149487
112.59857140
37.02029368
14.46265892
39.51603487
-24.12192464
1.79789256
48.75271930
31.03323872
12.40118136
25.40474801
13.17577259
30.68395753
0.00000000
6.25003210
51.94135913
70.75015013
64.14832802
62.00579610
41.70745588
4.89374541
12.72190204
16.24007829
66.93778977
31.62763437
22.97431853
2.82427456
-36.86849146
103.89412120
126.80234120
313.82667827
235.64806191
60.41965043
49.79651151
18.78079058
44.16745239
59.08266398
154.29163398
24.92228425
108.98718225
33.00443373
35.46526323
106.70639396
35.87458699
-5.48190751
13.21387921
108.19842868
