104.04017781
96.18604327
81.14407731
139.17940046
0.24640694
38.04453310
53.56024769
27.87156734
-1.63021181
38.43493212
105.71090481
68.52559612
140.51131092
84.22974981
75.15538033
24.93526794
93.25033438
47.94631572
1.90507066
43.75463623
74.72939844
79.95343720
52.71211792
148.02826065
67.43047820
101.13979543
125.02274255
115.78851990
136.65026752
74.94261866
51.73322613
19.70348151
106.93691237
95.89156013
77.75318755
98.72611682
125.50343031
78.37537091
93.84972651
36.07614826
61.01826131
0.00000000
7.56308805
116.69303567
64.99721480
59.23422827
34.63899334
47.26591586
88.20605746
31.46721011
108.22344791
86.18112407
73.68265529
52.29253297
34.87120931
101.88114777
70.19992764
-3.85408456
96.25140432
53.24758976
76.86236956
67.33199723
79.92009930
58.10786088
92.49486187
86.56886475
27.59274035
73.32758532
62.66590265
36.81280524
45.42838644
20.34688127
73.73679335
51.80562869
100.62684275
18.76693023
41.12481063
75.63719193
90.25138172
40.82394098
8.69218199
30.95475774
8.16944748
12.99489488
30.81014019
77.01260705
63.00492814
37.29198643
15.82516388
34.74348909
29.28045605
42.17723409
31.32867107
-38.86770282
-72.71426271
62.40153688
86.61840004
86.52885496
59.82826427
-14.60231570
75.53064972
100.19204007
110.12121101
46.27878052
92.49143615
27.77245265
27.50748834
33.63202479
8.34637569
43.10449912
47.88363951
78.79030649
45.29811647
34.45906239
14.81592647
20.94540133
0.00000000
-34.79305941
97.83102424
42.08050225
48.78998854
26.96831852
32.05249118
13.57101733
12.83963340
55.96033769
37.53309098
12.93944516
51.01422589
20.46105994
35.46907778
56.45653357
-88.94065027
57.34964438
11.02547359
23.24612606
17.83662993
1.60815001
66.09590582
47.25418041
82.93593762
19.18941598
75.02318913
30.65409693
11.73202527
57.54617149
40.96224601
19.30466317
15.34668071
80.41545227
