-40.47172288
-103.27132543
-98.54023572
-128.54319069
1.97198242
-24.72924416
-20.79997940
-24.01862482
-5.56278120
3.70930636
-8.79139825
-40.60172141
-57.92316265
-58.01403108
-27.83266437
-17.93009586
-66.67040094
-31.86894894
-22.30730208
61.24637176
-37.14699308
7.55634038
-12.84344901
-68.48629040
-30.23134524
-114.35518777
-50.56193077
-125.01183424
-146.40349110
-16.85447256
-34.13023753
-25.02270850
-118.42210646
-115.12580750
-61.80032979
-133.20826305
-70.60699812
-96.72574855
2.72190963
12.55808382
-72.09927386
0.00000000
31.44554122
-55.43792044
22.92983361
-89.08136873
-23.43306181
8.10253911
-64.76306828
-24.62700893
-31.28359291
-5.31491612
-31.11435647
-9.88966910
-6.15176803
-33.13484859
-49.41444461
-57.71952116
-49.13142990
-95.16468989
-60.21807282
-27.73679814
-32.77687811
-25.59569460
-34.20654923
-42.22248898
-2.44668334
-77.29216750
-43.42811466
-48.49563987
-31.35432943
-6.18711408
-59.70580986
-68.44563651
-82.22114086
-31.08016170
-71.76425540
-78.39902335
-69.69382653
-8.31980912
-9.49507683
-1.82561264
-22.71408822
-1.76060553
2.24418547
28.99561671
-24.64433270
-6.35556263
20.53712841
3.93895712
-14.26193675
-15.15777509
-20.81167667
25.40658625
53.85471116
-36.42486950
36.48340859
-13.41916857
-19.76341967
33.65482888
-32.23536299
-73.42034586
-88.51524146
-38.39921162
-51.35579315
-28.90899792
-20.44365914
-42.19985853
2.43018692
-4.74718766
-53.41046917
-41.91954050
2.02715122
-7.59716576
-7.26794471
-28.33824174
0.00000000
41.71342433
-7.57876162
24.82419181
-50.91764585
-34.48194944
5.57659210
5.22614675
-3.42201430
-13.58575871
26.36342583
20.55008334
-18.55068229
1.05207600
14.07264653
-21.04603891
-4.92598732
-6.44020530
-44.15629524
-21.19235590
3.05583497
29.34339126
-27.66216265
-20.67963865
-34.53408355
-1.58691917
-58.44384290
-15.98547974
-10.40839234
-31.90888304
-6.02009808
1.05969080
-7.27591615
-72.31608148
