98.17121890
283.26323930
58.70868772
5.73591954
70.74364839
36.48337305
49.24949854
24.38630706
62.89116908
99.81020695
274.23286826
54.37127014
152.20279761
77.23550490
115.17109406
40.43406470
79.28567389
46.81004301
83.27573658
212.32212194
144.12540728
198.07083599
90.04062315
121.21973744
119.96239482
159.27362843
136.30624934
-49.24622058
28.72030746
135.79781248
58.51147157
63.04830642
72.15726937
90.47452381
78.15243020
116.88079908
110.91235976
56.11060869
129.06618322
88.63314880
68.13731172
0.00000000
212.26927728
124.82640077
208.09567317
-36.46128310
17.20205868
67.40576844
80.52266717
19.14139726
83.38823092
139.65175706
81.78709810
68.46891547
33.37382971
189.42716827
77.82101293
307.71330472
105.63967610
-12.37123116
59.94831995
73.38391967
81.51062592
51.50759362
77.86314660
69.99391008
74.06082546
10.63954107
36.36614356
14.68427639
83.32189784
27.76800747
61.10588247
69.85116223
87.17911304
146.21733979
139.44863978
36.04379662
113.55412246
107.84316179
52.11335474
30.99020407
6.74631785
53.97652118
58.61324623
259.59325138
139.92202211
144.93902974
154.71206754
134.18333126
53.09140672
66.13907728
100.89572474
17.34569298
2.87443730
142.05645291
221.27138351
98.63717799
162.91802405
113.05463551
138.80804701
50.19329342
23.28289780
22.45644934
94.55388837
56.80613511
69.12414801
108.07225962
105.54158475
110.46147514
176.42461134
131.53913924
166.32529011
60.21003686
142.18162223
44.09214182
0.00000000
294.89954037
113.42946511
132.08293070
9.15767206
7.04916844
85.06986991
55.29069119
33.39735304
43.24605192
211.22661697
73.44159411
112.24617638
28.84494433
180.94549138
79.51274411
136.14637046
125.73092698
17.36201258
62.29453896
67.35214338
86.13758145
82.67400987
88.25876430
69.40873943
40.45248245
33.79643119
73.04671729
23.14446633
84.40313413
40.13726043
93.87198832
92.10103942
177.37824537
