-3.81640053
57.33990221
19.87080420
-27.38776938
26.13648420
-9.99505000
-8.80101772
-2.80150394
-17.91641695
-57.94711825
-53.88873687
6.39093785
-39.52752357
-56.19546385
-28.25151653
-6.39696517
-0.63211131
4.18846939
-33.97268833
-70.48618510
-26.71309085
-41.02205699
8.87384337
-61.15577057
-79.74667080
-44.15387992
-63.07275054
-18.94730862
-28.41954411
-23.71614866
-51.49268956
-4.54762316
6.61753830
-35.89467440
-8.99887811
-27.79472383
-32.97534203
-52.94555209
-20.85750358
-10.08019428
-2.14621020
0.00000000
8.03439598
-13.44262064
-30.76161326
-5.24453155
-10.57008163
8.29176442
-6.55023683
4.13809337
-38.48323823
-54.14311472
-22.79243449
-15.12264668
-18.25157750
14.29985110
-27.99316116
-9.03126076
-54.84297623
-23.40597408
-40.07777865
-33.61642027
-28.19148928
-35.16556962
-43.80793510
-21.91960558
-13.47400241
-12.27956902
-25.15827862
-14.35134598
-14.28636703
-18.81914728
-28.98707402
-41.84040675
-16.12645305
27.14917713
56.46549402
24.86193894
54.74090973
13.24563335
4.85263913
7.34916235
6.95675639
2.12410670
-8.08000764
-49.54320563
59.73308247
86.34224793
75.40792164
3.43700260
8.77471603
18.31231103
33.22365109
29.71852810
-11.17796819
36.89663279
-32.49946694
-4.81478310
14.41692201
32.12609840
27.19987032
-9.68826413
33.25904458
34.48398640
10.44458219
-33.51709887
-0.96200138
56.07979802
63.92890916
30.63051488
67.65967086
13.18711967
35.65949410
61.61853394
67.74490699
36.61005948
0.00000000
113.21194673
-10.10436610
-7.41954082
38.58175244
-1.12660993
22.82610545
32.36758383
36.89515891
4.66102105
23.41848298
-3.71390441
17.96417983
-0.65945819
29.42349656
2.50942354
60.97557274
-31.18825708
26.85358808
22.84409880
-6.89483186
73.70335497
-17.67408047
9.82905913
5.39625628
7.13411059
17.99280745
22.24496195
19.02126348
-39.69229600
-17.46517334
22.15444293
28.59713482
46.04671416
