-76.42329351
-93.26022274
-110.78734022
-106.28625995
-52.21751808
-24.63753644
-48.28922001
-45.54232310
-13.88830071
-27.70218422
-20.85338077
-74.10546822
-81.43730395
-85.00483274
-70.86356637
-42.32061083
-57.19971805
-54.10200725
6.85229647
36.67307885
-23.64031266
11.62849882
-15.92225062
-39.93971075
-75.87166923
-106.17960674
-77.69883382
-150.31366053
-160.13332240
-50.68418754
-3.73790231
23.95129719
-86.40483858
-73.15810939
-50.26943062
-73.27822714
-66.76328413
-52.60715351
-44.91275215
-74.29965618
-61.59800369
0.00000000
17.98527771
-20.87312557
9.91178330
-104.63419359
-52.62879616
-24.31828414
-60.74704462
-34.52760563
-14.07771368
11.41739269
-55.54450811
-60.93530966
-33.40488251
-112.37569199
-48.26182775
-17.44370088
-13.99655971
-51.95134512
-20.97714728
-2.12671135
-68.12504281
2.16263351
-35.59911996
-45.69762980
-15.17664300
-83.16337916
-43.91313219
-46.20698910
-39.77599705
-10.61101570
-46.22578582
-52.67517675
-70.38746459
-25.50013240
-48.68743133
-102.10300555
-80.17946389
-17.27922068
-20.63027896
-27.87548763
-42.93892313
-14.81518799
-5.67910342
17.27051068
-42.48570445
-49.36294470
-5.42268024
-11.89289849
-28.91301739
-60.73811040
7.78390914
54.06118375
33.27626626
-19.61704895
2.10787435
-8.14192096
-22.98519858
-17.59469282
-64.11780800
-83.17590359
-139.58888152
-73.17441381
-54.39445515
0.04370539
-1.18777352
-66.40804790
-39.73986889
-17.79954088
-64.01884713
-40.92556284
-23.39952683
7.28545401
-17.58744275
-44.24516128
0.00000000
-7.86926616
-27.86234906
7.14601885
-94.60908219
-44.20474698
14.51243410
-21.98327092
-16.82053238
-5.82037617
3.41784083
-5.53147140
-40.47566854
-7.53186340
-42.75468558
-21.72736627
44.41853930
34.92474443
-36.78940925
0.73773278
9.39397389
-64.95517621
-11.15765562
0.68385487
-33.85374697
-3.86694956
-71.07784743
-26.69451022
-30.05276829
-0.20680118
-10.53794281
-0.56242228
-19.51092716
-90.33353993
