4.73861868
-1.72903675
64.04267544
34.87030856
43.23929456
22.39355810
8.23746251
8.74214307
17.73716920
1.35729721
-10.45764374
-2.65172642
9.66077459
-1.72803362
-17.92833921
14.29647626
26.28306175
18.28565986
0.56605383
1.24473764
1.79044621
-1.44426295
-8.24941650
0.75327036
-10.15083103
-4.20646793
-42.36810000
47.00568378
38.89333561
4.21959685
10.48694073
23.23327045
51.85683182
45.16088270
19.57884141
41.16278151
4.47403560
43.23239834
-4.09604655
5.50224752
25.76949956
0.00000000
-54.95090864
1.42761908
-11.86745591
46.60763867
6.97952935
-5.19446444
35.05212020
7.35640306
-3.60102096
9.50898390
-14.09696887
-3.62495436
-2.67415463
-48.59646835
-17.06468635
-42.09950613
31.28862853
19.93370116
4.29582778
5.80687797
6.34322485
2.33994515
14.30447225
-0.72932440
-4.43911756
16.36300271
-10.78582581
8.08308340
35.50839218
12.92115125
11.99050627
19.75286207
49.30386875
12.28695452
58.64581053
54.83550153
26.77720913
23.88245119
4.35942914
0.51590118
15.21479870
7.01128282
0.96297335
-22.68381473
-5.58646078
4.72000262
2.99639926
-7.68982993
12.75798222
9.47044804
7.46495539
-6.37437990
0.37081448
27.20776470
-7.54090259
-21.76537698
2.05816518
8.13465716
-0.72591994
32.42713329
58.82523240
28.86752984
3.29526884
10.46857018
8.25235945
52.15435240
46.73407132
7.02420950
51.45961896
5.93696497
40.97262318
3.22784630
-17.05030254
39.85367719
0.00000000
-30.73337008
-13.01933818
-2.62109240
38.51427908
23.96631868
-13.30073742
26.62453920
7.64164081
-0.99608643
21.82192307
9.55334338
-2.82984711
3.67609534
-19.66558595
0.53174154
-22.19316519
29.32075825
81.87583809
25.89506765
6.49440373
38.23429756
-4.94205971
15.04374789
-8.76936132
-1.34897406
41.94340639
19.72198904
17.11840939
-8.99572369
-17.93029162
2.03040422
43.45448211
53.47025411
