3.04219406
98.33283354
-53.04219907
-95.17153037
54.26900179
16.43453033
-5.74638883
-14.27445199
65.32693299
113.50643978
63.80625802
-45.73415484
-19.87248628
-37.02522187
22.00917719
9.68661073
-21.53030289
-21.95448915
32.11889288
52.07422285
16.70523176
73.77263099
26.65498914
-21.15209178
115.38053595
-61.39700750
30.35733871
-121.57454521
-107.41015183
83.43263555
31.55394567
30.87590870
7.20798600
-31.15946361
5.07273074
-45.39985252
-3.67808401
-2.03514888
-37.82643947
-25.23607025
-32.24439196
0.00000000
105.00133649
20.93070227
76.39446595
-92.61762127
-4.12348376
4.94684775
-21.78012341
-27.28326600
0.91732272
41.44859929
-10.32219211
11.26596203
42.11864248
-43.02530823
-22.87655331
54.94332675
3.13523368
-42.09410955
-7.67716156
7.35150228
-60.30738405
10.39181373
-6.07504327
24.82458992
39.23773192
-78.04256403
-26.40900633
-32.31412860
56.85731994
30.70673764
-7.51893832
-4.86486354
-7.67678020
34.44691975
14.39264442
-57.31201622
-30.61694538
78.72023514
28.73363335
7.08097615
-25.51127443
41.42198397
102.47641241
58.27683216
-1.20233115
18.86164209
49.47598457
57.00156556
30.21225296
-23.89614109
15.80207688
65.48076650
-17.39137948
54.48293830
73.59482584
39.67888648
32.56837789
136.59562687
8.41659832
-12.76974047
-75.08443933
-24.08169828
32.42051250
34.24833135
40.71978843
29.74723568
53.72381646
47.91727864
25.16013352
19.42959835
63.38585113
14.53156950
4.50222461
-9.75278383
0.00000000
126.51881554
41.80277898
54.77373445
-55.82550838
-37.10058823
6.61647713
19.00666929
-10.39215722
5.36141455
78.84927062
23.55591877
30.31488223
37.97880606
32.29882408
13.56167025
46.73610871
31.91374526
-33.88903677
13.90246706
37.80240798
35.17664213
21.87786682
16.69349288
31.95852387
25.06553819
-52.58477598
-3.78117443
0.39356656
42.44943146
37.55677066
24.76948295
50.72953130
24.59286375
