-56.03031901
-55.05959080
-72.05536532
-67.43519774
-65.09368304
-25.04220109
-21.67497876
-26.49875968
-13.81334332
-5.98193147
51.94147216
-56.15371000
-47.07549855
-49.50582476
-22.12371155
-38.86626535
-45.02472643
-18.87540483
46.21547848
100.99571844
-6.49691053
-3.34583283
12.59942112
-44.00853242
-10.28153390
7.75122727
75.73390297
-66.17170942
-80.34926923
10.24915886
19.00907194
-13.13371857
-63.87803688
-95.11605472
-30.55102648
-81.46709892
-17.19408193
-44.74597769
-51.60489061
-40.76571293
-41.06302171
0.00000000
24.80277722
-17.92671584
9.77263783
-73.67010754
-4.41171856
-23.55114949
-54.11473440
-26.54603084
-18.65295258
-57.61818184
-2.13422679
-23.02570859
-16.08589184
-13.33869963
34.33946768
52.53671232
47.75837472
-12.95378339
-5.19028858
9.09994114
-35.31942984
14.82274235
-2.89697273
22.34921791
0.74608788
-1.58743724
-14.38297498
-18.24179750
-14.21973876
-16.04906761
-11.70573490
-19.06044666
-45.65802031
-30.26761489
-9.28918619
-59.81585578
-36.18236913
-29.12508859
1.54916815
-13.61073352
-14.02543408
4.39140830
2.22203122
66.64442274
-15.20281062
-22.47972550
9.54456943
1.39300045
-22.43737074
-0.63512583
-26.31705168
61.96832732
146.61443110
7.47556803
21.67067261
22.36841579
-16.21657871
37.92639556
33.21968665
30.62037337
-71.39495253
-62.83289900
13.99631703
6.36082706
-0.92977826
-25.76462079
-6.59867897
18.93219879
3.33544078
15.36583897
-13.08704866
3.82870394
-6.41015846
-30.88831053
0.00000000
-8.56255835
21.41893774
25.71054463
-62.41356606
-17.31291268
-22.05071552
-2.95360535
-4.22920468
-9.26609447
-20.71955062
1.03089322
-0.73251100
1.85451632
-3.25534626
31.64136437
30.03373669
82.42713299
11.43192572
20.90706493
14.24900064
-11.87459006
-1.31539190
-21.26995437
40.99356164
1.16476301
-15.71685948
-6.10994863
-22.30252750
-9.37421233
9.32304383
13.69524732
7.52321249
-61.74598784
