30.13624066
-102.85576880
61.00470221
68.73661124
-35.25303453
8.32089683
11.04527791
20.12580223
4.75057597
-24.19920433
-40.09921069
25.97333007
30.60503947
44.09567563
-1.21898494
6.57190210
31.30715883
22.22392722
-90.38047461
-106.85865135
-49.38115128
-58.06200174
-13.50358578
44.15265016
-27.17639368
43.58645346
-46.42120550
86.39763933
81.23103927
-30.13379577
24.16624702
-8.31715998
23.46596189
63.47077717
29.31287878
64.08566267
-9.97055079
24.46387932
1.22195665
15.12923863
36.12203473
0.00000000
-90.56338531
10.48957598
-78.19205659
60.37386542
3.89389026
5.64676282
29.61160625
21.51995362
1.24669422
-37.93988359
-2.14346063
2.66513769
-8.63916695
58.28516312
-52.37410532
-189.69037689
-112.57245745
0.30234892
-23.27591170
-33.36932974
18.89884085
5.80881931
50.26723038
-21.96616272
-3.69899784
19.92073838
5.46297877
16.84506927
16.28043379
-8.66915868
-16.39208025
30.42341643
9.59068950
-5.93756391
-98.09511681
47.45923347
7.03305839
-12.70105075
-7.32378736
-3.41139226
5.45504636
3.28798786
-21.87681633
-59.10671085
2.90671840
0.20516173
-1.24336212
-10.01050297
-2.62772285
-9.78871012
-26.67543036
-68.11750542
15.42657757
-98.56800833
-65.06647776
-3.48540121
4.24074271
11.29121666
18.52913855
0.88503870
68.32378599
40.54327750
-8.26130460
-2.18721682
-9.64488074
-7.09470809
-24.89621882
-12.28279293
9.08214401
-10.80084796
6.72270068
-19.61613151
-24.35806801
-2.46902335
0.00000000
-141.77913673
13.29630710
-55.51646001
34.00272288
18.63806719
-21.65387206
-19.73104999
-13.82213406
2.98008672
-71.83545672
-9.11273735
-21.46747404
-23.98190670
5.98553942
-38.21230709
-77.83422535
-146.93621174
-33.38681818
-49.49218121
-38.03212328
-13.61725520
1.54226241
7.97594625
-20.00186543
-7.55707856
13.82878377
-13.70192144
-16.43478861
-0.66657477
-4.31103523
-16.69981431
-25.30635502
-34.82884193
