-100.32873274
-188.54161925
-40.25440634
-115.38446281
-67.61605834
-42.17169447
-38.22736900
-19.85585766
-27.05529548
-78.24960377
-87.93317096
-95.98450220
-165.31886639
-201.42462186
-103.34881387
-30.07834109
-86.74557382
-50.59749795
-106.31522411
-55.13012422
-135.47516637
-114.74361473
-53.86889564
-141.84642693
-90.05278490
-136.67717555
-67.12751680
-48.78151956
-69.50754615
-58.98322132
-85.10189059
-29.72298081
-128.28200947
-126.87358031
-96.96349869
-169.15276775
-144.25871696
-157.86997293
-106.63875831
-99.03456329
-81.16353270
0.00000000
-82.98607937
-114.29669537
-89.71421434
-36.41186961
-19.53950139
-37.64022550
-102.31513420
-33.33296392
-108.77816118
-131.56498909
-102.34502897
-53.68872860
-31.35195960
9.36106824
-69.60770584
-100.15952608
-133.04024463
-106.26721368
-94.39903505
-106.31977905
-153.63320770
-81.28308169
-81.66348668
-68.84905996
-18.65404323
-55.04123500
-64.93586368
-36.03515366
-112.97992563
-38.12905697
-120.74664909
-97.13907667
-143.48270251
-23.36820836
-89.15141275
-25.93273494
19.44793843
-49.73113709
-1.77529694
2.81368000
-4.26436039
0.13175147
-55.91890703
-40.49741132
13.69156445
-4.84397942
19.21330907
8.27423132
-5.36696242
-33.12208636
-70.37345789
23.64022594
107.51262008
-89.46160424
-81.27669013
-72.33720777
-67.73621579
107.41459683
63.43257201
11.07085844
50.87755468
40.22579248
-17.78596751
-40.35512041
-32.43472920
12.72379336
42.34757313
-2.58505619
63.34168517
-30.88995822
11.58919953
0.43651817
20.50000738
13.71163796
0.00000000
-15.77460723
-58.02253296
-25.18212899
7.03670513
2.69526251
-54.50891663
13.98714480
16.16207178
-9.43308811
-54.17502871
-5.34390046
-12.28262752
2.71235316
60.47818385
-4.80477969
16.29945826
-32.09165977
-11.27568458
-24.06289742
-30.92563085
-21.68970495
-40.51394527
-43.32006356
-17.22727990
-3.31174256
-1.19439810
15.30608689
11.50734395
-82.77826524
-10.01835813
5.16336997
17.08196971
-35.23925469
