35.57307966
140.36226164
30.90678353
39.65255056
-9.07988254
48.59169206
50.75558262
22.97033560
12.45665691
64.55401302
150.14186070
1.87878943
5.56964866
12.85605989
52.35315563
24.06982588
43.05710114
36.80611755
86.21033878
118.67085037
49.09184830
80.14587437
31.88045870
48.51246236
26.37998696
122.78274689
148.35661065
4.71259697
80.28257064
95.89568954
66.35295195
28.42246124
-8.10881106
8.98993178
1.64977186
66.90275230
15.46273572
-47.58762804
22.84969424
-35.13394435
33.57034464
0.00000000
149.35194153
36.29329514
74.50930678
24.34552053
30.46369769
15.69259250
8.77460833
27.02771192
12.01859286
27.36644713
29.07418541
24.53649101
9.60847596
76.30815887
49.43960698
185.83785421
9.95218479
17.07748970
7.77724805
17.76334727
-13.67138838
49.52851374
54.34211985
72.89066572
55.00722849
26.60933961
23.61500746
30.07681985
73.96918916
1.98607401
-10.83964274
18.30049407
-5.24086643
105.26295010
38.40328958
-0.33736105
132.30119377
51.86239813
64.58335150
20.48621811
22.90529653
29.82304519
32.92324766
182.68753847
73.25349746
-32.60639527
24.99633542
47.91914507
29.40682132
69.68151423
56.87762950
58.01079903
148.61958503
13.20112940
82.68940324
26.60050610
32.12954320
12.22499480
116.91041957
57.51881622
31.14915947
17.37805740
82.99890621
58.09207389
23.39811352
51.40438522
13.52865718
29.29462880
163.63880061
18.94710051
4.62955846
-14.84081999
0.59643400
42.97774140
0.00000000
172.75279859
27.28403736
65.73165243
33.30937898
35.76409353
24.79899601
9.81399855
46.90480049
6.80308477
61.63623586
20.75945694
63.32367833
13.20835554
57.57854860
15.93983310
160.00218608
50.87793168
12.33476693
16.42090225
33.07044454
18.01294210
64.90798851
28.46447654
67.11472311
34.06900059
37.35549642
44.26187871
23.18901945
136.09472045
22.06809435
-9.58802623
11.33410987
96.82064703
