-11.10656259
37.81417524
-63.85549387
-124.08866548
-45.28444287
-19.63702430
-27.38168122
-30.57471347
-15.74785758
-32.69096283
-5.80522144
-77.85758829
-74.74043402
-94.52710753
-43.71735632
-34.25442464
-31.63332081
-37.34977898
-41.95281137
45.68921493
-15.31695330
17.23199829
11.28135134
-41.97858556
-54.70519221
-56.30668577
-39.50333696
-113.91116229
-111.55972652
-24.78619510
-49.12596110
-9.78935143
-105.86833310
-107.30579818
-17.76830456
-122.18394999
-46.75821797
-107.73031503
-43.13179138
-67.90067182
-75.22259608
0.00000000
115.28725936
4.19587887
1.96616965
-84.93737923
-31.95867706
-2.99796825
-50.23340155
-27.92955756
-19.59648335
-17.82791775
-42.35329454
-21.90305407
-41.38670374
28.73457108
-53.31080249
33.52242491
-63.63467810
-90.49470759
-40.69854103
-37.69641615
-80.75499586
-39.11323602
-57.83182999
-62.29778441
-4.01683812
-73.51033160
-52.53023060
-42.42316069
-45.62729899
-30.93149766
-71.06557118
-53.49270766
-114.85305697
53.89096299
-24.96564137
-47.93407501
5.21925935
4.23164899
-16.66587719
-9.64718554
-28.23661048
-14.94614081
-24.43103166
70.57374214
38.14613436
43.58316871
52.18462342
39.77021796
-16.33528394
0.97237671
7.37726039
12.13175908
32.31682718
0.31766841
31.41869129
20.90056955
13.37397666
34.01790874
44.31390700
-58.97488600
-68.42400781
-31.80466221
-33.20051729
-9.02260657
-15.54730801
-29.39191961
4.71934515
19.69974541
35.63080282
3.10620527
26.33986765
18.11539340
41.25449128
-31.42422408
0.00000000
224.57394084
27.89738837
15.36530700
-50.00871204
-31.41582770
-2.80062388
11.62969240
13.86423665
16.81070143
43.59199928
6.61943488
23.30455063
-5.30736931
73.00924664
-26.67758665
77.35143763
-5.96767941
-57.94010744
-13.94952892
2.74704554
-7.48228398
-19.57706289
-10.14355631
-42.15202233
0.70983934
-40.91636337
0.96497315
-23.22572128
-22.45842060
-18.68055015
-2.67151210
4.67985307
-44.29055107
