-56.44561107
-83.11629014
-33.63280712
-52.69748040
-25.04203087
-47.00755358
-31.61655260
-15.38365898
-41.39484199
-64.46450062
-46.44885238
-13.30128410
-65.13524212
-46.36038851
-40.03674876
-35.18463010
-35.66021356
-17.06050905
-17.34159644
-15.21365662
-39.49133765
-45.49963232
-25.61270635
-96.29048034
-33.38797281
-37.97662781
-25.42535069
-39.18474676
-48.40086707
-72.08164265
-70.26311847
-20.30241633
-46.34802339
-62.79562150
-42.18770816
-48.03998428
-33.19102299
-44.61644645
-11.89613779
-37.70701892
-30.47599694
0.00000000
-9.60961051
-57.92951051
-12.81256396
-20.91029630
-17.06357499
-26.32561258
-39.41194582
-9.03130204
-39.56766874
-70.01162331
-13.75605072
-28.55456709
-35.00241975
25.58954372
16.43494176
-33.66390627
-10.66949944
-40.15903221
-23.27103335
-33.14768843
-1.32395698
-40.19114301
-74.89568325
-21.82493377
-36.29323284
-26.30938407
-16.28154832
-9.97315529
-83.53596650
-28.16139244
-30.32729847
-44.75282877
-30.03833851
-22.68275074
-32.55476048
-18.68879459
-20.85283953
-53.61984067
-28.57993877
-15.63059616
-1.52466669
-18.55229627
-28.84515311
-45.88960533
1.88014240
3.26617522
-2.71821514
-2.09026980
-29.44503210
-22.99666653
-23.68897070
0.57923413
10.82780230
-13.32815121
-19.81802789
-21.47559811
-49.74125589
1.50738200
-20.44401045
-20.97916890
-25.48534594
-6.36901063
-43.60898024
-45.28704636
-14.57885159
-1.43177063
-11.91538485
-25.42811946
-24.23335126
-24.81725929
-15.31529850
13.15920061
15.13683960
-8.44691424
0.00000000
-2.52622450
-44.88565827
-10.15252583
-0.86676857
-7.10393611
-4.52113439
-1.79807870
1.21796919
-17.23478424
1.53663093
2.93911282
-19.67999273
-17.30026303
24.88925394
25.16055376
-14.47198236
-0.07723579
-8.31928425
-1.01433656
-3.79677048
1.47274238
-39.44128282
-34.36336815
-7.02896614
-15.67583003
-16.48031441
-0.08036363
6.48386261
-67.30220016
-17.78863745
16.85549029
-13.53928746
-33.31119890
