-14.60938180
-22.98975393
17.48054903
33.42918599
31.45522467
21.31361519
-4.35855102
24.34900060
68.46136806
43.71673785
-3.47194300
58.20558718
66.71866202
139.12097709
40.82289996
37.16785549
4.28735291
0.30481538
2.60452213
-84.28509231
-18.16073269
-2.49049108
-19.78146213
14.66954480
104.33388862
15.17756366
-3.85947771
52.63991095
33.71270421
10.26891062
29.81453454
7.90339014
20.00253452
36.37080984
3.77406421
49.32893924
-9.06966200
63.32089544
63.54842226
99.41086069
26.15977821
0.00000000
9.18175399
-26.81766401
22.06693133
46.86483542
23.44029137
-5.81408621
26.46041113
3.54123417
-21.96492345
-6.28342437
43.08784939
7.88482185
13.31201986
29.42792625
51.39755464
-3.51967653
-14.72915622
20.85126427
7.55116850
4.48096617
82.02202622
9.73028159
23.86199267
35.26634583
14.61810243
24.10369814
27.09717859
24.44869871
27.17446734
47.76465705
16.15882410
47.08380188
30.79446174
-61.67636740
28.00439852
-0.91583159
-12.23665431
-4.69540063
2.52761223
4.94299562
19.66500075
30.26100567
29.13612726
-57.01355874
-12.06993224
38.27747186
40.49348450
-6.94873750
12.29590726
-3.63318534
-17.10124323
7.53597088
-35.25341782
-9.38442103
-20.92678158
-23.01724328
-4.23308077
22.12584219
-52.59177544
-18.08228531
-0.21128483
10.40824291
-11.95164519
1.94431258
-1.87311073
27.13365354
26.71470678
-9.56450383
-55.95228878
-39.27844803
2.90945446
11.03510075
20.09430614
26.71096522
0.00000000
1.12432726
-20.73096209
1.85477872
23.83849914
18.83465010
5.08742943
2.97356132
-3.05704273
-15.60991219
4.45723531
37.03093925
-38.66647592
-2.72260299
8.44945513
1.15146225
11.62890891
-30.54861927
14.77558610
-4.63906302
-8.88587763
79.84721809
-8.32176393
14.89301412
2.05709868
0.00242047
12.17089841
1.62698654
2.76865115
9.29262880
10.28154252
-19.33616602
27.54102534
50.81063124
