-75.76387503
-117.50105853
-104.72761716
-101.83000048
-69.87818200
-29.97739579
-45.39709785
-40.58355855
-13.03041646
-16.96545093
24.46854928
-80.31158730
-42.73769206
-60.64527233
-47.30797049
-49.75316922
-67.75912417
-45.66711118
25.87012962
82.45847642
-8.55512749
-15.89855625
3.60673669
-38.91350616
-11.60342086
-41.20305998
26.01605388
-109.34383449
-141.06536302
-20.05380067
17.00121365
3.94004812
-45.08951772
-82.08645085
-26.21866742
-79.05606663
-23.43557621
-26.74191239
-70.80585275
-55.29125383
-50.90633121
0.00000000
-28.55771696
-23.07766291
-7.77886476
-105.38546680
-22.36604430
-28.58082904
-66.07176573
-43.57543275
-10.07221523
-42.91138713
-28.48562757
-44.21565185
-23.14017293
-61.09851151
16.99379645
-20.67178608
60.18034391
-19.69360383
-1.52130743
12.47830399
-31.29872144
12.97466100
-12.78574070
-4.54653252
-14.48585923
-28.93539168
-30.22321910
-33.15444164
-28.07344773
-5.21481392
-8.81721262
-16.97655492
-34.43129311
-66.37094599
-31.89349412
-82.63953702
-96.56029225
-50.30136309
-16.32900793
-30.19957842
-28.86519940
-4.68615758
-7.71886681
26.03013980
-56.93617286
-13.22160913
-5.76719966
-20.03006748
-36.31005509
-31.71197240
-32.10856501
49.80621831
97.13265212
7.25569955
-1.17794564
12.34258505
-15.45242152
20.50062001
-30.98050176
-4.05977831
-117.69306853
-84.36915858
-22.37664740
10.01639482
7.61985161
-60.52732545
-25.47119131
3.75515635
-66.50473325
9.90004162
-25.44886549
-3.18979300
-10.49259308
-55.34065820
0.00000000
-86.01347956
16.04959637
5.75938726
-101.23632705
-27.48112352
-24.78308244
-21.11538640
-26.75165708
-1.10174781
-49.32639600
-19.89642513
-34.64241972
-10.88765982
-38.28213116
20.32557344
-1.42686158
88.65528811
-3.26012771
16.50313305
12.75773990
-42.98972881
-6.47271433
-18.16275561
14.11005398
-10.49323450
-45.28193905
-34.38255095
-33.67452181
-28.61947233
7.21683105
19.55787649
-4.42365447
-106.40888063
