34.03132826
69.32408600
52.95641501
41.84156206
26.00234331
25.38997989
13.36723543
14.29679218
35.71193028
51.05920298
40.87632584
7.68082751
30.61982534
91.05386944
43.92444134
27.31161424
38.85714169
20.47916897
11.55181613
3.80744999
13.45894250
28.86170686
4.13929846
42.37565697
56.93730165
68.07583575
65.28847195
24.95178706
36.51290611
71.11888462
28.25139170
36.54636852
-28.59126588
14.92149567
-37.62000679
57.82360701
40.43958102
-9.26420246
44.09323831
36.39632859
32.21813214
0.00000000
40.78283468
4.37404311
18.50538711
32.38437825
9.33419397
25.76398472
14.72194467
-3.28293264
-3.59475455
-17.96568011
19.83320366
22.22401569
6.04349310
82.00030136
36.66267089
18.97725199
-61.20913454
8.42242180
0.46805489
12.88493344
31.04630096
23.29270034
38.39008686
41.18470650
31.18539485
41.37811253
1.51312475
19.29297100
33.11626731
24.40433211
-4.62877869
27.53858765
5.02375564
26.67378408
1.10930429
28.31710241
102.23687502
45.53465528
27.55106191
14.32874448
17.15952341
40.04638675
36.57703260
53.40338870
56.34971708
41.17102110
69.12490596
44.09374035
26.48494297
28.74823279
28.96910526
-16.64875973
13.28111029
-4.98499135
23.37020624
12.60172944
48.89396687
-0.58079242
29.40336604
33.46339557
54.96978470
29.50731610
65.83235834
33.22203392
11.37866312
45.65401183
-5.61227967
-4.22022805
43.21229773
25.36765857
32.05912286
0.85781743
35.12790672
40.66036565
0.00000000
72.61848384
-6.74264745
20.05903331
53.23000868
25.98796725
19.95822322
1.81105405
22.71463027
33.29049695
-1.02873671
45.38702435
33.59552328
12.89699509
71.02219452
-5.82675635
49.44490045
-34.47450977
8.53334661
11.58638041
-0.67584176
90.33765884
32.65587537
38.66342234
11.12382311
27.11642341
50.29750052
36.92166084
19.81116913
46.67394551
19.84962782
-7.65211615
28.64299177
98.50754143
