9.05942232
-68.09085156
-1.72286378
71.49462469
1.21141378
7.43103973
15.79093594
8.51268161
14.74956211
-3.24662948
-33.76762324
35.05430142
6.86381155
61.32473321
27.67343098
11.98388675
23.17945925
3.86476799
-91.21881247
-129.99919615
-20.63512085
-9.59714176
-24.35586190
25.58076695
47.25752807
50.09838256
-41.68978360
39.53906089
40.14042168
6.82070942
-0.10955286
15.58953273
19.76884793
28.42752888
-2.58996188
71.50876408
28.89622895
22.02373143
9.43442201
17.20188011
26.95833643
0.00000000
-71.05255759
25.06846436
-46.29630762
54.48235406
12.04176580
1.47568582
32.21824595
4.69216965
6.57597619
-14.41307076
31.96224069
21.97288223
25.20453428
6.12787218
35.41564946
-113.04493453
-41.68987325
14.43817030
14.40829881
9.17666253
20.40270257
-17.70734870
24.02161635
12.35908097
-2.06513941
38.06810135
19.96132718
22.65382938
-2.42422934
40.80727038
14.15510668
23.61141110
23.34045505
-38.85995208
-39.14885728
3.77576316
-41.74289922
-6.86619402
-14.55337235
-3.92356998
1.78366768
4.67237506
2.91464777
-92.02909066
-39.48993556
-21.53733910
-25.85928400
-29.79769384
-9.77407562
-36.06071483
-24.19237114
-85.12744344
-83.66083740
-34.19777314
-37.24762700
-23.87224256
-28.51834162
-62.46508229
-73.88040336
-35.78215063
-22.84910092
-24.63975701
-5.09451672
-16.06226868
-8.17119836
-30.51972773
-7.79550550
-21.58737930
-78.16912346
-21.17518526
-35.27346828
-12.97503667
-26.99041343
-13.57812113
0.00000000
-117.96605371
-18.77906028
-42.46726534
11.83662364
4.59338341
-31.04841199
-29.34966923
-11.83319386
5.45921266
-41.92630160
2.89885153
-16.32736487
-1.77823162
-61.38190456
-23.21747217
-99.52348189
-88.77350348
-48.53120163
-25.83301959
-11.73582274
-35.74947880
-19.17586235
2.13171564
-27.65295830
-2.01082491
-1.78430641
-13.98149602
-8.42912405
-17.28414033
-3.75237764
-27.81954033
-18.92054264
-0.91348675
