27.20062857
-45.84096488
24.23294114
87.99767650
-2.11099439
9.43150124
-2.17985380
9.41804669
5.55550806
-52.45906827
-64.85019939
35.77956977
41.84012743
71.19480558
26.52201599
12.41566875
-15.28979341
-5.19719271
37.92912458
-4.63455695
11.56035173
-57.21642658
-15.88021149
59.27937491
41.92404509
59.46680786
-31.91672961
82.84301733
56.71902789
-31.55548592
34.07480732
-15.43502527
64.88356454
102.93165318
29.62379134
74.42458715
27.25339002
120.12067392
5.38592313
42.97269210
14.53384127
0.00000000
-66.33171382
-6.00917177
-25.60537558
43.91666315
4.14644983
-25.56318069
9.25540918
9.56933224
8.09054410
-16.23353367
6.21615632
7.77645454
0.79982022
59.50816574
-22.27330339
-30.52405626
-10.69464191
60.84231641
28.28653173
0.56334574
30.63446624
45.37566007
35.06601202
-30.92481407
-17.14300136
29.22210636
15.59189662
16.83402801
25.98519576
-3.22077987
48.73877297
74.56651264
35.58165982
-43.27271956
-85.01333420
22.58017706
-47.19522467
-31.98624953
-14.16394937
-16.43715133
2.39310705
-8.49798993
-37.10082375
-96.92769180
-55.14616365
-60.65082153
-70.78727765
-37.03364403
-1.35998045
-33.73217513
-23.40286689
-79.29459330
-67.35793589
-42.54802907
-68.95294676
-23.70306376
-6.59272458
-15.12023844
-64.12525303
-32.67532892
0.99795855
-13.77427880
-34.60454797
33.19919819
-7.39580670
-39.28139517
-61.46883992
-36.31338003
-111.77704066
-20.37650099
-37.40860616
-62.61573847
-51.86663795
-31.21566565
0.00000000
-137.35313728
-28.18235047
-53.50830270
2.40790553
-3.73209454
-18.61137364
-36.33281891
-37.85386022
-29.12158823
-80.97274522
-41.51148614
-32.77030402
-9.54395713
-8.66870183
-50.72038881
-105.15364393
-107.23078474
-72.62685520
-41.80546252
-37.40844895
-23.50522588
12.85156712
-27.55089918
-51.14299018
-19.42311168
-13.97931589
-47.11897026
-27.40462436
10.44709159
-8.70982695
-18.31687541
-20.60004991
-77.19266515
