-56.78727223
-31.00397035
-3.56170847
12.26575775
-87.23496582
-10.46545787
-12.35066196
-8.35127951
-47.67317630
-35.49418561
-5.92383665
-75.27988217
-111.38973625
-108.94619851
-49.97355580
-35.26576490
1.71574340
-6.87542499
106.67156043
140.98536612
39.09200194
27.86334420
1.48100748
-27.55194561
-74.85725347
-38.05637009
44.53318765
25.11745902
20.95940242
-32.18422707
-8.27026792
3.55761262
-33.57386269
-48.96787181
-31.79137378
-42.70591653
-7.41471623
-42.91567217
-72.52563410
-108.30017773
-12.78806007
0.00000000
-11.66253573
-1.94986602
26.74053470
17.57499899
4.38116446
-16.13421699
-11.07275043
-2.98599150
-5.17620197
36.99218929
-25.85630161
-19.24650023
-17.07126689
-84.05988846
31.34069843
106.26043990
182.94144822
69.77892736
23.58018113
35.54580485
-73.38870964
-4.57976863
-13.56772790
0.31691064
-23.47424871
34.77854674
-15.15086534
5.10398037
-13.42672715
-26.76924413
5.04959640
-18.84582489
-22.47490093
-38.31011278
72.90188921
0.54986301
14.57826022
-55.05003731
-14.75339874
-8.23633867
-8.16198952
-24.41700471
-5.61557137
64.11303577
-21.99185498
-56.70240060
-41.98576406
-38.88869615
-23.11358322
-12.30941061
-16.63855305
96.30648175
110.21086871
45.57826100
36.45674287
18.44224118
-21.10594010
-75.43354642
-37.72694498
60.82410626
15.49440784
-4.14526999
4.75170225
10.58993247
1.93497746
-15.27437545
-47.09021977
-11.48939621
-47.15687490
6.81172570
-17.16741343
-18.50762949
-17.71355862
-18.12125917
0.00000000
-67.99111443
4.82687508
19.91982208
10.06208769
3.05708575
-8.81987061
-10.30119223
-3.38498600
10.83961301
15.91611874
-23.54486375
-14.87096402
0.16137862
-86.30034470
54.10375826
20.23146595
208.41181350
66.21001313
34.42691237
30.35850343
-78.61918164
8.77720371
2.91476189
22.87644249
-8.14759349
20.54709770
6.37998745
6.53916841
9.38441253
-2.72708885
-2.13024570
-23.04898167
-28.27288870
