79.20694603
205.01069856
129.60192443
125.13098196
138.08839746
65.40691007
39.95517552
43.58175515
101.51535360
130.58624295
155.63308417
149.91063296
191.09938020
255.80136631
129.64945260
82.28211107
100.45884004
72.36406892
141.70145746
105.36555510
107.02981721
128.79065339
45.59863308
105.00351910
218.08307846
153.13811306
135.59188528
122.68518892
160.15639373
89.55926459
83.59880974
57.19398867
146.54065659
148.77708069
63.71467431
195.68511127
142.62949450
195.60708771
166.39241968
206.79294622
112.16128845
0.00000000
115.08128199
73.21373906
131.57057350
95.02772550
51.71702365
71.83279049
113.90095019
49.87039997
52.93841832
90.11875514
117.03486030
64.66684684
42.10395453
115.15515442
102.62120008
151.35484648
130.56903178
121.20230785
81.22669096
68.88918125
196.73167982
58.39823624
79.45920146
91.69802619
63.71575088
69.92071198
82.69463312
54.13905753
120.32119711
65.59992595
130.19489874
127.39525903
132.03242016
53.02609920
167.29692782
109.43431137
71.33407264
106.96601100
46.08384134
32.35375634
36.71428734
65.76211947
96.38794937
116.58884698
65.79791001
112.50480840
86.82947520
75.19085594
65.58838198
44.81805072
69.28482585
66.69796807
38.73200114
131.38949153
119.30663391
53.57342660
97.15201250
105.85848473
28.53488605
106.70814292
84.09516902
65.37211567
75.33313366
60.84100983
61.30001153
123.21327674
87.25533823
43.49405196
58.49303009
75.76563461
141.27040772
67.60160752
42.62551375
66.78614033
0.00000000
121.84683285
42.95430486
82.79196610
74.02535701
45.43180394
64.09442127
38.73472557
28.55998845
26.49994029
108.43351172
100.48309149
36.43461677
32.53249619
82.66781893
71.30200370
57.78261553
104.68325443
123.19046107
69.26774968
47.98205701
148.00080215
55.55381432
75.51634412
72.09162651
41.33656603
66.37375976
56.30087619
33.44471451
95.82955013
38.94097685
57.33980233
98.08569172
181.24143913
