144.33135909
189.64531315
133.27088883
195.01417924
75.41856289
57.23569494
28.38993230
41.20898105
38.89566268
137.79924225
201.70063154
109.41394369
167.67959213
246.90228213
113.37256563
50.32152758
77.30071638
48.23908794
279.93182788
262.60567338
168.02148517
126.70736849
-4.63000515
174.39028556
209.74989730
147.25447525
250.23233765
228.08929397
249.99245004
120.11183227
155.87327475
9.54654806
188.59100283
236.64267813
108.67637607
264.16407781
176.19725041
273.21114793
81.89905605
93.29825605
120.16087383
0.00000000
49.78663049
31.26644636
94.25310267
134.26037955
52.93316078
-2.06415347
138.63508162
37.09283118
84.35990861
154.38951550
92.44253021
57.44108844
45.69354483
24.11768818
144.73642915
224.10077692
337.86629996
249.49987422
133.02041039
143.87227986
180.77780513
141.71916499
139.26866943
170.25737618
24.99842292
101.21067422
96.27780191
82.42941210
174.45722344
60.46444070
191.47444169
184.64325617
172.38467585
-0.59131012
202.90690902
88.80898734
-34.91435691
50.40551181
23.95427687
1.05357412
19.63048865
8.82702651
71.98342399
160.28677949
-75.06443941
-81.19324786
-108.43492022
-21.24920571
34.43481874
25.38142691
7.30445477
129.16060510
100.11779917
115.13566219
97.20572082
-10.14896333
34.59699163
-46.06430653
-76.51576660
186.35875970
91.33742630
17.74366894
98.23000179
98.75588742
21.70800074
-20.20627646
-49.65478136
-30.25378907
-62.09522744
45.76830363
36.89502517
-25.73097597
-57.53959996
-7.73554357
0.00000000
-114.78100696
-6.13295055
60.59213052
30.28503186
40.40620284
-6.07596321
-14.98049884
-35.69404747
-14.41617175
20.40237289
12.77766860
8.23173527
2.36790286
-44.83186845
92.45696234
39.35473390
256.63541853
175.97231813
59.83800526
50.86349358
1.88588994
82.72310629
47.27122728
118.14638876
1.65135027
56.83867338
-9.80415037
26.17097773
143.41661897
42.03124894
-1.80841192
9.53047300
24.78461293
