130.80156185
81.87646343
128.49596265
207.86079785
60.49395711
64.69320865
42.54239587
47.45956387
50.62203812
123.85200857
113.89539781
117.46669034
148.93665394
240.56070565
121.75943441
60.16085205
93.37052252
68.22073807
232.35675747
149.47396977
108.14941221
76.46233747
-18.83571136
142.82982525
270.35689366
183.84631454
222.36775143
242.68803086
243.93882113
104.99800544
141.65892000
19.32446648
181.43259423
209.17502301
80.25367859
276.02506472
135.48253934
241.35179180
98.64039523
106.38811666
136.48234061
0.00000000
5.55028006
4.04463471
47.40318488
142.99471808
61.99710751
10.02436169
134.93404164
49.68506643
54.20613267
78.49770487
93.73525102
59.35194996
48.55983131
89.49928894
132.49650404
113.01232114
232.02328980
197.86570264
105.60401805
111.91498024
162.75831403
122.12252769
127.80901267
144.81713044
22.24609850
106.70362519
102.68507382
81.33029608
157.81968547
62.90952438
153.73621354
176.61088626
177.24808439
0.13930475
105.55540841
84.16644859
-24.72778611
46.81800807
21.01969904
1.89057542
22.31195608
21.20686483
67.75207606
84.01789871
-63.55590794
-88.49193045
-105.60646013
-15.27192030
31.69535194
23.37112903
1.23694049
118.71386016
113.10112815
59.49858522
25.44792186
-13.42913063
8.54628255
2.44303979
-62.60383940
154.93024937
103.88558669
31.13597733
89.11499873
88.44251754
19.86382610
7.45780899
-40.05770719
-37.69824065
-49.85269582
36.02000401
41.09286647
-15.16913747
-52.90813686
2.65048678
0.00000000
-161.89648406
-12.84347343
38.26507199
45.06414223
43.80809901
4.61512933
-10.00298675
-20.99437151
-12.44572641
-59.34549938
22.05869415
13.81905170
8.37458945
-12.80106712
67.67855967
-4.86938654
179.89744612
115.22336215
38.73204095
29.60498108
-2.56232245
54.35416418
27.08974318
95.27213415
3.10245325
43.47475799
-5.04391245
15.43645023
123.29223696
46.01422922
1.56029952
16.83596856
48.21984119
