15.62897250
-107.01064789
56.77155609
30.00518415
-37.51261202
5.64413108
9.62643253
22.35878315
1.87132270
-26.18115002
-34.26173848
13.72313662
35.65554677
12.05790829
1.96223808
12.56250999
19.27051908
5.67464348
-121.61830247
-151.61868547
-42.78720874
-61.13620747
0.06572607
51.00458688
-16.34298795
22.42996227
-32.59501779
67.13911086
72.43163197
-43.49876598
21.21966452
-1.29917733
26.67255306
50.67879397
40.92186060
39.82554931
-3.27469705
27.77691253
11.38398879
21.12635426
16.36967569
0.00000000
-95.69646418
25.59824358
-67.19162944
33.87403186
5.22738563
-11.31118337
25.07178231
0.58005111
15.07180584
-40.13056171
-0.05303437
5.36364950
-9.29023996
61.74097900
-42.47335203
-188.05657064
-137.72926891
-37.41020534
-16.01139011
-28.45959662
26.96025716
9.79509210
41.22486130
-33.02961687
-1.34791255
0.49540400
3.87294180
10.53882699
22.54137919
-17.49661052
-9.41513975
10.65605057
14.86020711
-11.29064993
-115.85240758
50.21789796
24.28219209
-17.32071429
-0.46177528
6.53054783
9.73282323
-1.27151419
-23.56885125
-55.56619100
21.52020333
4.75616490
15.50588682
14.94328816
5.74059142
4.08921890
-15.71878783
-104.50244063
-37.55240955
-75.12490465
-60.95668761
6.26371832
18.91195771
41.01505803
38.84457330
23.57348072
87.25552441
45.96639020
-7.48475911
5.09392391
3.18098821
9.08396429
-0.58827327
12.19000435
13.91961217
6.78457589
24.49130463
-15.84794755
12.33874342
5.61487082
0.00000000
-157.28827773
33.93185524
-42.04135647
22.51768340
24.09881598
-17.58184725
2.59327137
-13.84249576
8.74280910
-63.76409190
-2.82812163
-10.38345744
-15.08803384
51.60597439
-20.16339637
-106.03218989
-156.22292390
-50.21819465
-32.15235985
-27.21549895
-21.56074448
27.19806973
27.87629309
-17.42948158
-10.10642840
20.86031784
-2.36490266
-5.15384865
19.42851217
1.45205348
9.93739289
-5.12681553
-14.72697497
