-113.01855114
-216.99973840
-142.79566249
-123.85450012
-95.61697763
-73.13004505
-40.12394417
-46.83168857
-108.73726468
-134.44436573
-220.53321959
-128.86210372
-154.88873870
-203.36632623
-130.61007231
-86.20980846
-53.25245277
-47.93194131
-232.37605486
-266.54441413
-87.73864962
-92.70561340
14.44476879
-105.20301421
-287.61760570
-155.27543114
-234.83492467
-155.83531711
-173.13409601
-192.62745972
-86.61130558
-32.15426598
-98.51489894
-186.99044213
-60.83445166
-206.89555704
-122.68611718
-212.76472020
-145.20539825
-151.41170120
-100.49432352
0.00000000
-162.63561355
0.71827955
-113.29404914
-88.51971907
-56.27865003
-47.51374233
-81.25897059
-50.90201752
-5.59549868
-57.88986151
-80.80557168
-74.54562455
-65.99769724
-122.70699310
-122.27479030
-277.67848181
-186.08968156
-117.07417199
-69.27079578
-32.54298113
-125.65775460
-76.02530259
-82.78389780
-146.60168373
-70.99836303
-96.04157723
-83.08652317
-85.22135697
-140.63979530
-98.55969477
-126.94880308
-177.49879027
-63.24295575
-59.20012616
-159.98976076
-98.92343854
-55.60959209
-65.01558136
-36.72361229
-32.51130914
-30.26492575
-76.19473118
-58.88761567
-221.61827954
-43.96195075
9.61092724
-12.81764835
-60.78423707
-62.50272175
-42.31314005
-9.87743969
-133.16677335
-194.13790863
-108.14341100
-100.29147857
-4.37965288
-53.69327944
-132.69983189
-33.98787539
-172.11132008
-117.55914073
-65.57137157
-140.99437435
-76.55889175
-49.47481751
-81.77114070
-65.82427921
-31.35684448
-73.71097900
-81.79850262
-125.53536861
-28.95888098
-22.23201011
-35.21983175
0.00000000
-136.86142365
-35.04976235
-78.75673416
-54.75264348
-45.62651820
-43.20152555
-38.86423458
-23.59330760
-19.29466859
-54.94671446
-70.59953674
-35.99474825
-39.87967710
-88.40593814
-119.17022768
-138.65967289
-200.87419350
-138.66868652
-45.88701276
-25.12368441
-58.00647528
-50.01326024
-45.28701303
-123.95116011
-44.39706808
-82.19407634
-55.18033459
-33.83984640
-91.32592586
-62.70370306
-39.49212992
-97.95248060
-135.42248601
