-24.04597235
1.34157482
42.46674955
12.70140940
-40.57072186
3.56871448
10.93374027
15.28110029
-18.99241730
7.93273776
-52.04903036
-42.50125191
-91.01749556
-28.60481194
9.58225761
6.86180274
-1.41482290
-4.18018899
10.87040611
-75.10400671
-22.41781304
-6.95982359
-3.46717074
-22.54289731
-43.87771450
13.75875525
43.43490624
63.35314609
75.82796911
1.38197809
4.16829660
-7.26110583
-26.88159170
-26.83034715
-38.06091494
-5.78747298
1.25768061
-86.48697128
-32.47310079
-49.29133431
1.61606943
0.00000000
1.95234459
-2.82872439
-26.29468849
44.27283264
17.28068297
-21.69743197
-8.09546877
-12.56354372
-6.21393053
-10.89724140
-4.69285929
8.48581383
-5.31955188
23.06006236
10.61503600
-7.95234131
-27.33806836
-3.20542989
-25.05953720
-10.01813318
-36.17832534
-0.85694309
0.63963389
-2.11213092
-0.18953044
33.92770298
-17.54174750
15.56118420
2.27198582
-20.77708557
-44.09018384
-21.01220616
-14.27024404
6.26625010
-14.21788185
28.89097135
74.14576169
-1.85690797
17.63214830
3.46306960
12.81066548
-10.87630784
-12.15928300
-22.18299327
12.42437561
-4.11611272
-6.04742566
0.95443738
6.68366316
33.58415832
-1.71220682
25.67746383
52.71067197
-15.90123922
-1.65348966
14.30230744
-1.89616908
-52.41377708
9.80378167
32.18405791
74.82619280
45.23460914
4.23997351
5.63601781
-17.61831143
15.02052262
6.24828276
-0.37568063
26.43309531
4.54328669
-1.56183222
-13.48535636
-15.22251684
29.44358694
0.00000000
-3.46854414
4.24359815
1.70733621
56.87116528
25.42723931
-24.12422738
8.40465357
10.92530254
23.22111187
1.86929298
9.69985113
-0.16662755
0.04044403
-18.30432868
-22.59635595
39.91256385
-7.39970313
30.25826391
-1.01394457
7.23260137
47.43824850
5.61619222
3.19500712
-4.15332743
-2.20992105
50.76324032
39.92654618
28.28156190
16.58043040
-6.75792537
-27.27556083
-8.49922118
55.27343390
