12.76602060
-84.78506533
5.28575844
4.11699261
-42.49823846
-16.49035915
-14.67783299
-4.92553282
-40.67020992
-56.75474703
-131.47497145
-47.61440547
-33.77857980
-50.10729966
-19.11333114
-10.12320975
-9.93218882
-8.09462034
-16.46039115
-3.31999872
-20.55111976
-85.45716126
-14.11663076
1.35963869
-62.66862987
-26.60607244
-14.03178192
40.68236007
27.76202599
-38.97018507
-21.46654021
-26.49875125
-62.40302799
-32.38366181
-19.08484670
-55.65886956
-18.07387118
-40.44764759
-61.24376224
-34.67010506
-34.58206341
0.00000000
-64.22640715
-14.41656983
-96.41202273
17.51022673
-23.92702389
-25.45575769
-23.31042842
-8.25182879
1.35682734
-43.75649479
-29.77571525
-6.65610829
-4.55003073
-11.69498129
-19.36209967
-51.05648915
-45.54821387
11.30853462
-0.75443144
-21.15108457
-45.93793643
-20.63227307
-11.34364783
-59.83198724
-27.66507379
12.99008900
-10.44577512
6.75425520
-40.05086132
-29.42590454
-7.33154355
-26.54833863
-51.39817361
-26.54167625
-70.79609957
5.68097970
-26.70915818
-27.00372486
-16.05413795
-4.48707872
-12.92114247
-25.79551902
-47.09008309
-98.67378569
-39.62040610
-45.61802679
-56.19819815
-35.17601002
-15.78055098
-27.12466949
-23.27854397
-16.87828972
-17.36361468
-80.18774239
-101.50199432
-25.69028567
-27.29728008
-73.00924326
-25.43434348
-7.93000518
20.60412939
4.15457040
-27.80487962
-12.86224879
-22.58958451
-100.04685040
-57.58524092
-36.26706539
-51.16950492
-49.19956905
-70.80108502
-51.28596585
-41.85767257
-33.40976049
0.00000000
-30.10431421
-18.88286683
-80.30019411
5.38133624
-3.03300342
-39.52492021
-41.49526874
-21.76415885
-15.86801369
-80.03015685
-44.49115951
-9.44997404
-16.79078344
-57.32655394
-60.41264000
-32.50312656
-68.22869359
-37.70787317
-41.78593579
-40.51783209
-71.78473903
-18.51362835
-23.43639392
-83.80390110
-24.62826129
-4.19825644
-22.62527876
-2.50593885
-35.28834774
-18.97711296
-60.10394929
-57.54879447
-116.40586699
