-58.00642418
-17.48061230
38.95519334
-65.79621088
-22.20045570
-38.88901589
-12.53093905
-3.15148967
-51.51922161
-82.40298868
-178.01842752
-44.39367320
-65.80980665
-103.83157074
-43.19387871
6.39425913
-36.75985848
-7.08725572
-108.25968863
-188.02031316
-76.69993481
-95.73180560
-30.30589913
-72.87592017
-121.76313353
-98.15381571
-53.71751855
5.34195115
9.67082706
-61.10801979
-69.10703320
-6.74335855
-74.44080485
-64.09537665
-36.46893264
-93.95104021
-60.10668219
-88.91732734
-53.62428052
-63.17207524
-59.61839878
0.00000000
-71.63891521
-35.96408580
-131.86499840
3.44359947
-21.96463939
-7.61007459
-51.20419233
-19.08229969
-33.41002025
-83.27561044
-44.51593871
-20.05938865
-7.92409281
-5.45889136
-47.75117121
-6.87624582
-122.89612704
-34.33770352
-44.19502870
-74.43732344
-76.40172968
-48.36498255
-41.93717815
-72.99388452
-37.50902917
-17.46142299
-31.86794768
-2.32242754
-96.06717276
-37.43762461
-54.06468830
-74.50520036
-64.12571831
-17.93162033
4.72634119
62.14675587
14.61109047
-54.80062772
-8.52725862
9.90617180
14.41294303
-26.79156908
-47.69048429
-156.79009607
0.29498605
19.34569972
8.52271609
-6.08897246
8.37647134
-17.90674526
6.23342079
-33.13154036
-86.55890870
-64.70152685
-116.48790635
-42.66992735
-27.21294353
-26.17876921
17.82684732
7.41140337
85.29112899
77.99900783
-30.90617591
-36.74235499
-16.47485133
-26.39873679
22.77741252
-6.59972202
32.28531369
-31.99725189
-31.08752860
-20.24382175
-33.13057873
6.41215434
0.00000000
34.65127317
-24.89313684
-75.02532300
41.18763663
-2.37092698
-14.64859040
-10.92067410
1.60095740
-13.35969915
-29.06076960
-18.48111741
-1.85022616
-2.10087827
-11.77143331
-27.24222518
50.48954280
-83.38104441
-1.77880372
-28.33753909
-35.85843085
33.80845659
-33.77214825
-34.29426525
-56.70648570
-22.73425255
1.22432510
16.77188218
38.61748461
-68.95426482
-27.00754306
-25.50366737
-18.01190279
-43.43931266
