-19.51390234
-68.81919700
-9.06586101
6.17510011
-66.74739197
-16.91962246
-19.50504101
-14.89206314
-46.41144812
-53.02305693
-67.34735251
-65.92669002
-81.53808753
-76.12108422
-45.91703673
-29.06075614
-3.52331634
-7.18525864
59.59818061
119.22226882
11.92684485
-27.79877224
-12.75845185
-25.42983039
-76.27411138
-36.57053676
10.77799790
9.15619037
0.44524235
-34.94396161
-20.50735292
-12.70765027
-70.40991575
-50.76616944
-40.67079346
-54.62041357
-15.85959094
-44.29877085
-68.29233823
-68.71200201
-29.92289431
0.00000000
-27.73671436
-21.21738057
-36.97421674
7.17428897
-15.46958824
-19.11333933
-23.37591463
-5.51140528
-17.34802753
-18.62076230
-34.51030163
-20.13816206
-13.75861574
-52.46282654
1.91737636
34.98860608
77.01170358
43.51856333
9.23814396
6.38398799
-65.90150574
-16.10517277
-20.72768962
-35.45746121
-27.69875257
20.36619138
-17.43148863
2.82297181
-36.14659556
-26.84387201
-3.23303040
-25.57916231
-52.60371939
-45.80962792
5.56279875
-6.37382026
-15.50489311
-44.37224224
-22.55389145
-9.41023669
-19.96083546
-25.53284986
-23.25965044
0.33104868
-31.82117785
-55.87915653
-48.85901401
-40.57921377
-25.58241724
-34.95167016
-24.02213838
53.73343612
70.21146566
-26.29386824
-35.59154879
-8.24323689
-30.42135689
-82.77807313
-40.36523696
23.22509252
-11.19675916
-17.12038285
-7.90758150
-2.65785345
-12.14845618
-62.26193405
-67.98289235
-36.13831017
-60.96293058
-27.26023419
-48.66390776
-33.77457138
-26.65209551
-33.08746311
0.00000000
-44.36820507
-14.57207365
-35.46428156
-1.71581176
-5.34575863
-26.40828790
-35.64018820
-14.22467471
-6.23638607
-42.99052581
-33.00748200
-14.81289651
-9.13515405
-74.25094232
-1.86455285
-3.75564211
83.56201862
13.05519478
-7.10768798
-11.51844586
-82.07496378
-7.70009164
-8.82503319
-38.71271101
-14.70012038
-1.08480698
-14.17566010
-6.07219069
-21.82990166
-9.01033197
-38.76435483
-45.24553620
-83.55183852
