-49.56974918
-23.35891899
-2.25834650
-89.26513046
28.19406707
-36.67757002
-22.14046932
-11.02527940
-5.55696085
-3.66268283
-74.80491705
-49.89051660
-59.69211293
-93.28738919
-8.70118460
-1.43067281
-28.00883829
-30.61140388
-109.91785648
-111.73943661
-22.42738950
-45.15269372
0.97702789
-88.53608023
14.36040416
-81.89621966
-45.95849768
-32.20539878
-51.18343980
-30.72099194
-61.84104908
-7.70175259
-39.96749393
-60.29879149
-29.12491926
-91.54786796
-31.02208797
-60.26923991
-61.75707784
-21.91414728
-35.20362253
0.00000000
-35.92715356
-23.14952956
-30.52434276
-21.18556715
-8.73750867
-32.52373629
-30.66002385
-29.69331878
-31.84607722
-54.44167496
-18.55458032
0.30139401
1.10385378
40.88514824
-27.47456652
-112.55696551
-105.51491142
-80.59075448
-32.97571711
-31.55806803
-38.30240179
-58.98299283
-69.20673417
-42.81654553
-7.42917540
-42.27367324
-34.08443855
-27.62115587
-63.01685838
-20.06299723
-26.57800814
-69.25346909
-21.34376261
-18.17368359
-53.87855497
5.18196515
3.81830343
-0.54832037
-14.64402694
-2.27770511
0.19723193
-10.94564938
-6.04085191
-79.33283752
-35.15144166
21.61946744
12.02601130
15.41214860
-2.11987301
-25.16583690
-28.91838430
-64.52022327
-91.88287852
-12.02709250
-14.56499660
-23.55120541
-12.77379083
28.59355114
-3.93235711
-22.72265133
19.23718197
21.12825046
-36.81067260
-40.25184517
-7.92323797
20.91886801
50.09272298
17.41657978
13.87016885
-2.31086884
5.00274155
-31.90908958
21.11324356
-1.67517471
0.00000000
37.80343152
-17.69665765
-5.03112798
6.05867030
-9.05928117
-52.37527776
13.33884274
-17.33798352
-5.48584245
9.33025179
-14.54019942
-7.91425073
0.48345950
2.87756310
-23.39192939
-50.63842478
-94.01386065
-52.27797185
-12.61068986
-6.46169261
11.77924757
-45.34482756
-13.55778129
-46.19079955
-13.89981268
-8.15235200
-8.20754050
0.88964554
-61.67102666
-21.96646596
20.19845463
-10.40578718
12.38545751
