-20.10059982
44.19901203
-16.54279808
-18.10741305
-45.02597182
3.76467363
13.54760189
-1.67931394
-2.99696584
25.97356148
90.49684780
-29.03969451
-43.83046830
-33.63951334
12.37115477
-8.82322071
-7.12549580
7.63368012
68.52478462
104.23291636
9.01856800
32.23304480
19.22393556
-17.67946028
-0.61947763
64.34410237
115.77038032
-21.21516079
10.37103870
51.48107765
36.13863924
-0.44607424
-59.42624569
-59.90442520
-25.39803100
-31.55190252
-13.34265719
-58.47717461
-22.52219703
-44.72676406
-12.95960766
0.00000000
102.94042697
1.14970590
39.33644473
-19.05468508
11.79696152
-13.76959239
-30.73512277
-0.31098834
-17.50281349
-31.70985940
13.73565301
-2.31458123
-6.49284853
34.66889038
39.04473101
137.25151369
12.93580598
-4.03559236
-5.58813314
2.80681572
-41.23245999
25.47852596
16.10294928
47.76691533
28.64276216
13.74265685
3.41474793
5.40622131
23.37576330
-17.65854304
-19.30696138
-11.18689900
-43.05680146
46.38074214
8.38470492
-29.34406626
58.33526768
13.55600195
34.60226021
5.49476283
7.52436906
16.78113409
18.96451513
127.18489944
35.73261610
-38.43756069
21.30074173
30.12345160
5.37641932
35.97044105
13.40414462
71.34006591
173.23279554
-2.69353139
48.32846204
21.74635064
-1.66610111
37.93833802
91.05795471
48.74322904
-10.23186075
-17.95763179
51.95715402
28.67438458
5.48266422
20.05926201
9.85525084
30.39910095
99.47022174
8.24033204
-5.09512051
-4.75607048
-6.12788202
10.64785785
0.00000000
107.56158534
15.48940596
47.92955855
-6.16943603
6.64073779
-1.08935995
9.06533413
24.54451830
-13.12391645
22.64142323
18.70300402
36.39278016
12.84209662
34.11166187
24.24725585
108.47172475
56.95493503
13.69859030
17.70811011
20.48501834
5.72581208
23.98141482
-5.05714034
55.30115903
19.36439347
16.07892033
26.70700490
1.24117411
60.74145565
12.25268321
-1.97589567
12.98126413
19.61166022
