133.18683531
221.52418391
117.58912704
183.37910259
52.75407104
49.27119161
28.37802051
32.64319787
14.95718961
110.99024934
233.95958285
120.07239960
185.45362727
234.71507560
81.64849192
33.14333554
73.22603566
39.86225840
297.54790379
326.71239152
173.01924809
128.08899069
2.77704415
181.28898550
84.36211556
102.61685694
211.96057473
179.69535986
211.44717844
110.03479582
128.69487993
3.97182073
155.27825458
215.17025363
99.20567871
219.35770085
173.35235415
242.45780409
93.78820814
102.15552211
103.91603321
0.00000000
87.22041932
56.21796196
102.16904301
122.35831897
42.13898883
6.68680698
113.20038226
39.37831006
94.89163153
181.19726312
89.96051385
44.53899767
33.47827033
-58.28017464
128.48915841
265.09862657
366.64434193
247.51925919
121.29153919
139.70806630
189.53839914
132.81993985
116.54591723
166.61395096
27.23731656
104.41784758
86.55060494
76.95556109
149.44568657
39.30285614
181.69153983
150.07987790
147.01493778
4.45564417
243.75130403
73.57296283
5.14549965
42.71860118
16.06006168
8.50439107
21.52172956
-0.81657719
50.82622167
216.06187056
-38.44182537
-65.52317469
-75.56553469
-26.71694914
25.62969864
23.46161650
8.96862132
131.90307817
118.57322540
133.86465385
126.15754202
15.38400776
44.70228115
-106.85854752
-64.48270112
175.50016355
74.50052249
13.74532650
98.66840701
73.06391442
14.68048560
-25.55592290
-61.01911790
-29.04882880
-35.60756535
38.24234635
7.14196746
-16.32336216
-42.81327509
-1.92117608
0.00000000
-68.41765770
12.32954039
59.22445103
39.48181225
46.50673604
1.47381533
-22.39025446
-25.59512089
-1.07032028
55.98320716
8.96372403
1.35488970
-3.95664809
-75.67546358
97.69653872
84.20203621
299.60774897
220.68080843
63.26867968
51.88182979
5.48934991
74.46793202
50.83701707
137.21934379
9.62970557
80.77379379
-1.58667588
30.80836637
132.88847470
32.03694664
-12.91741782
-4.11947162
32.00785330
