-75.63796342
-85.17464882
-17.46895978
-46.69085217
-30.36957158
-32.40471080
-13.04498127
-0.47917332
-30.44923435
-35.77762708
-48.32870669
-39.73338558
-70.76782539
-65.89238417
-82.91903799
-26.33353634
-45.21842088
-19.64266681
-38.24579947
-35.80682203
-53.03859071
-40.43067525
-30.05072964
-114.62635497
-64.37758840
-43.17060596
-27.33058410
-32.58711771
-26.65114525
-36.00657857
-63.64077492
-37.41759197
-18.68372980
-40.63170971
-30.28443331
-54.27035218
-48.99997526
-63.21561117
-21.41236570
-50.50801126
-23.25673405
0.00000000
-28.21292317
-62.76251655
-42.36009325
2.59456346
4.53555490
-23.72150306
-22.21654179
-4.51372373
-55.11578319
-52.21229543
-54.96804187
-40.72231808
-42.10664475
-64.10227814
-32.84160024
-91.89222816
-40.72836611
-56.52070957
-32.58796445
-39.90704179
-58.82639766
-34.40242977
-63.36536145
-14.47462355
-16.86679019
-38.06342220
-26.15090072
-12.33013353
-80.14314573
-22.83769515
-40.00119593
-37.59044524
-33.95289236
-15.17289802
-58.63342132
-4.53450654
3.40351837
-30.57592381
-15.62999965
-6.42137101
5.05440914
-17.21791255
-14.21516256
-36.79860984
3.59808369
-0.57627087
-1.57033016
-4.35537582
-12.81697223
5.54855350
-0.97299937
-6.96660517
2.37460003
-26.14718245
-33.09867777
-45.18801604
-35.42202954
15.82250274
27.03249069
18.57116037
3.33944734
4.71442532
7.82744850
-39.11111822
-18.24426030
24.26994599
10.82286256
-18.16786277
13.83212463
-14.73202758
-19.82064194
16.49370031
-16.03701040
7.31400992
0.00000000
-51.80172706
-55.86361028
-8.80743630
17.62939612
4.94067819
2.15649821
20.84040896
14.31142234
-28.61066568
-48.26592142
10.96041405
-7.27280170
-6.87868702
59.35777967
15.39793449
-92.40230124
-32.50557645
-4.06759186
12.22502283
-13.44319130
20.11192418
-33.13065283
-19.18767704
14.88101376
-7.15298158
7.79516799
13.49267173
3.89835596
-44.09361814
-1.30001474
1.97962269
12.06423579
-0.76469580
