-51.09114505
-91.57914372
-3.96227141
-10.09018009
-8.58549186
-15.04333041
-4.88126540
4.54324611
-28.25793996
-63.31842096
-54.49076604
-26.84568164
-24.00115844
-52.48953739
-67.69310410
-9.97825508
-13.30011888
-1.37293961
-50.86122728
-60.36154404
-43.17400045
-35.97542914
-23.98115573
-67.08091266
-108.09023616
-29.24906317
-50.74635974
-4.60262272
-5.74033567
-46.87282159
-37.03598065
-33.47757782
-1.77798304
-40.18628469
-21.39549917
-41.53388627
-31.12851733
-41.34485043
-24.87585682
-27.21673258
-5.91208585
0.00000000
-65.68645504
-34.35437051
-47.68822268
17.14544346
5.06086001
-13.03147607
-2.46660318
1.25897955
-33.86447943
-27.28554394
-40.57504699
-27.04460167
-27.14292456
-76.37409363
-40.22634494
-99.39859549
-14.45765393
-23.01860466
-17.45547410
-23.27568672
-55.92762428
-19.72887956
-36.73146903
-27.11755243
-21.65213217
-20.56277476
-15.66609985
-7.77239186
-54.27821034
-32.46993843
-19.02727277
-34.86297284
-15.85937399
-15.32790477
-34.82572000
10.52830026
11.05937840
-19.47248410
-10.61200722
-3.52958080
2.29804114
-18.71616971
-39.27057035
-59.96816716
1.98263963
-13.00723976
-4.45400238
-18.52410346
-5.88513629
7.04029202
-11.62130695
-47.07311359
-38.22737010
-9.24770667
-31.42610362
-47.46363307
-18.51992204
-12.38091641
24.41858698
22.87839967
25.33570946
13.37308965
-4.53460516
-27.01596586
-24.72724979
23.65007471
0.60598371
-29.27418031
15.70220802
-3.83437945
-22.41272461
4.44046004
-20.40259170
9.68045561
0.00000000
-112.30739689
-48.54681734
-19.06938639
21.27858408
6.86518018
-7.34477590
18.46921743
13.67431395
-11.91317264
-49.05081429
1.60228044
-9.23919436
-0.88730297
11.73743293
-2.36413506
-125.45943024
-24.48168141
21.19599436
15.72123525
-13.50259516
25.05396212
-14.69638364
-9.38552753
-2.90009133
-15.06689147
18.23010704
19.40243862
12.27553162
-31.05118412
-20.72813152
-7.76983973
10.49559364
5.15242299
