45.97356560
114.76991252
75.37730908
6.91558013
57.89081982
1.31198262
30.42248301
22.06964606
16.77370081
53.13083446
71.68866055
25.25750274
53.16674811
32.85936553
41.72776574
25.27400458
0.65433593
2.73057610
111.44955980
36.30719085
54.85242568
97.58622095
19.75901276
30.41244920
54.80325592
49.99799119
65.98394563
12.37234695
25.79168707
95.76889209
-0.27852553
-1.16565433
25.58311160
4.51703027
-16.63757823
28.49161119
27.51861263
25.56742942
53.82727598
39.84757217
10.32822393
0.00000000
91.25908654
-13.61770332
85.84969694
8.32413335
30.60540127
6.14120039
-8.77321765
12.27593089
12.98577668
119.78311484
36.05423355
37.40147766
16.12627116
38.71213691
54.74043090
144.34875656
87.96268225
77.27383467
47.42825028
39.62837022
35.97940621
4.10922256
28.13287545
64.61019434
25.92564502
18.74336599
28.73689033
23.85768738
-1.55323716
28.60697812
40.82511810
23.36118856
38.51277672
50.77976676
140.39905968
8.82144779
19.32817855
56.95944927
17.31812872
47.70807654
16.06098335
21.44278171
42.35834735
82.96954663
84.21269095
73.90533242
75.27441460
88.00544740
45.88722362
40.88715177
29.61442669
90.95916583
109.30323174
49.08393755
83.35208350
11.85903008
35.84932949
78.81845586
116.75254454
129.97336171
6.76624992
39.08228291
83.91511753
4.25880628
0.30176084
47.33382075
11.76005368
2.80315377
46.86651957
49.13437295
47.90225931
66.60548253
71.68781384
9.80961692
0.00000000
107.37663757
7.64957402
68.20309027
23.05899102
27.87404445
36.13555564
25.42086393
30.40377680
2.11419260
28.69940021
59.52972020
43.65047355
41.46571902
122.73982268
81.57652366
87.14344108
100.45091796
77.07729224
64.99714180
37.83883278
54.20792304
10.49269418
19.72583338
71.77258904
15.86563759
26.87076654
67.86814195
42.66360954
7.84051682
36.38793684
53.69276140
51.91776895
44.06255972
