-2.57693886
-55.80204490
-47.67198280
88.40846565
-26.69159022
-33.37254626
-5.57395050
-11.21976243
-37.53217233
-12.27341427
7.73516572
5.52793427
-7.85030817
2.28369700
-46.00025382
-43.24286118
11.75018620
1.27554488
3.47927037
45.45323855
-0.54165690
-28.17692479
10.62583751
2.39392299
-20.33942015
54.83439018
34.48703120
87.08767594
41.79421303
-0.18991731
16.13893119
-22.13103090
90.64731686
96.94378808
15.73479137
85.71738493
12.64911355
57.94092042
-55.41180349
-23.87423639
35.86975228
0.00000000
-157.18404731
2.09938567
-40.45277424
32.19571548
17.20835239
-3.19451285
16.21232290
-0.10620014
9.87411908
-83.78810285
-15.23327501
-59.08788881
-31.58298348
-12.88935151
48.48010261
-46.10682723
50.64231212
65.24717581
33.96273242
7.45146157
-45.63152412
15.45183557
5.27970859
-14.10482906
-39.81398804
52.75238040
-2.21756724
13.67294679
-11.25076186
-14.11887264
33.99128296
37.77760753
109.49098660
0.74861806
-44.10333823
-20.84608057
86.75325988
-53.33775614
-24.42304700
-16.73845027
-3.14808842
-30.37828259
-4.73447755
-50.97979833
-2.40367299
-21.67663593
-34.86224864
-57.97723406
-61.56790352
33.95327943
20.24002609
17.72473082
-63.42704464
20.59435512
-21.16394991
1.49815590
13.75988914
-71.87624930
51.31183824
30.80409364
87.16556934
32.29939821
-24.57288189
7.80728927
-3.34940494
65.58701701
99.55788474
9.80594297
81.39616703
7.65804844
3.84982735
-24.28992340
-18.43291413
28.38241377
0.00000000
-242.56801381
2.84500275
-14.11388692
33.19796332
12.04670718
-0.94476373
17.11413845
8.83283890
-3.15444343
-7.21260600
-21.36673062
-40.43719477
-32.37423859
-31.48042727
16.29158142
-63.31392778
12.81313588
64.11721159
33.45707984
6.96380275
-25.81518410
-11.98250649
0.21638628
-17.84710227
-11.08547834
64.36019699
-19.76418837
-2.82077706
28.72460975
-17.57361250
-13.61933346
28.71697249
102.01251110
