-30.91742380
-17.29467637
-6.23118843
4.47314330
2.28253308
7.58038793
-10.45901676
-1.37673759
36.70437539
29.54618553
-18.79772086
-16.10223398
-39.84790033
-8.76362490
23.27834176
7.75079765
1.57049947
-4.32065911
-22.38783608
-46.24216479
-16.20637774
-20.29487390
-6.50105370
-30.19974792
11.07696351
-26.56604316
-28.60171406
34.91636929
-1.39498281
9.43412279
-22.24084841
-16.32072882
-14.15162944
-11.53831668
-5.12250616
-37.70313016
-23.53897593
-10.62108096
14.96629399
-1.06880381
-11.40807760
0.00000000
-28.53901588
-3.30242974
-15.59304014
6.87802516
-10.06930575
-17.49562126
-10.62854926
-1.49991577
-15.07943227
-19.90320143
-13.76592615
28.01339818
30.46524391
-25.91221082
-36.46504829
-13.60018239
-42.32606659
4.98673123
-7.53149575
-17.47642492
-0.76186923
-18.20782650
-13.17764434
-7.26600296
6.11870166
-1.69860237
-20.20330239
-4.15826258
5.97920020
14.53542323
-23.92338383
13.86891836
-31.16909298
-39.33824709
-39.00339383
17.06704047
-1.15127484
-6.88316393
-0.76863652
-8.27247734
4.20606281
7.13298448
12.95387091
-20.62874937
-53.01862007
-54.50133178
-49.17971093
-37.28061757
-0.71210702
-2.26730784
-24.61228608
-42.97716469
-28.32898142
-13.38249719
-10.03210715
-3.62889970
-62.81967177
-50.03433517
-91.23983460
-60.46153795
2.82688501
-0.60783581
-15.28861239
-22.55036823
-5.61578783
-22.00098565
-26.82860742
-5.70561883
-44.85231964
-11.37042565
-43.42400966
-21.35944722
-43.93176471
-8.78748551
0.00000000
7.65973043
4.12718511
-1.04775726
3.89743334
-9.84538609
-32.93511865
-13.71159380
-18.74598393
-5.93825365
-9.72433127
-51.31011291
-1.61634003
5.09229820
-90.06580220
-40.74512359
-24.51765828
-28.32274572
-18.39075473
-12.65341197
-14.41974522
-43.20521003
-7.15648638
-23.98583356
-23.72464008
0.42750081
-12.87800953
-41.10886976
-15.50657004
-32.42757491
11.38756482
-22.64061639
-33.27958322
-30.99451908
