64.82792393
29.86395389
24.04675300
-29.01421879
35.40545456
0.77794752
1.49303813
0.83864780
8.24139525
3.60304290
2.00515131
4.48217624
64.24026241
17.44787238
25.55644726
10.03650216
-14.60591277
3.65474347
53.95706914
13.96807902
19.80516377
49.00403821
0.39475100
29.90481371
26.36097228
4.03996959
-2.50954812
-43.78234900
-11.06219032
10.13098063
-3.59240435
5.84025935
-11.42265425
-36.39007741
-26.96259226
-4.67943070
2.24251889
-17.83977181
24.54121104
-1.58260539
-4.19553123
0.00000000
69.85338311
-28.65684512
23.88535972
-15.60339809
-19.07336739
7.94573656
-14.33005691
-2.54188794
7.25553826
46.80832085
27.55641668
12.69334493
-3.99022616
65.06004913
9.59838502
62.17889979
24.71714710
-2.53704676
-1.03387010
16.62590588
73.73475116
1.95813941
17.62452324
27.84552281
21.58783587
-16.35828634
9.87455976
-9.75299513
1.28164899
-7.77717968
-3.97419390
-24.55477996
-9.25828102
55.31929259
79.39055295
-4.75188540
-64.11023334
26.03158393
14.31625497
19.01833384
-0.24518801
14.98133607
2.73179362
33.27543619
42.19929659
66.72209766
43.48260285
62.93495756
30.29145330
-6.41251197
14.03073642
26.76314215
27.98961826
4.33804220
25.61805452
-2.01973783
40.27224303
78.20739318
60.37191968
4.58414121
-42.56756306
-3.11723650
0.11004814
13.46553120
12.99864342
3.75893548
-6.52970514
-10.17605869
20.21800861
34.27919802
38.10444487
15.63678517
42.98811816
-4.65772655
0.00000000
84.97648942
-8.29111326
11.99377185
-8.54015919
1.06674273
21.59711614
6.05839200
11.75615873
-18.28027669
-8.68338632
32.75804860
36.29997638
20.08155959
92.91016765
22.81417863
34.83215907
33.79424975
-7.96543562
12.52250057
9.88400547
52.01131062
11.66491344
26.16580667
24.59004445
10.05637357
-10.66571999
42.37330866
15.05821776
17.75271485
-0.39104726
42.73043958
11.42655999
17.66186378
