8.04705250
-48.72298407
0.55569845
49.65636024
-16.95685170
-25.83182936
-14.35138052
-10.15408689
-19.54483574
8.67285597
-8.53525647
5.21219523
-0.10997802
-22.30362774
-12.65784907
-15.30827395
15.51902025
0.20485607
-12.85201718
13.75489034
-18.26949033
-32.56265292
13.15859198
24.46004381
69.81473269
6.11796324
21.64077802
40.74462161
37.36098567
12.68489638
17.22258217
6.26918752
86.19428796
85.79637057
17.60738009
45.81375703
27.03108082
46.92670903
-46.55443629
-43.07100107
27.85039488
0.00000000
-89.86879902
10.25218877
-33.08181292
16.44578937
8.69020004
5.11703481
23.72510506
-6.32104372
15.04804051
-48.89119188
-4.79410837
-47.38291700
0.95062261
-27.92291775
33.70144197
-81.95834730
11.33682778
-21.49511779
1.02275494
1.26976615
-70.10173096
27.10904982
16.02121570
5.43090981
-27.74826466
16.32627975
-2.35340468
-0.00566392
7.23989622
-10.03766837
40.30212364
36.73255224
89.40276354
9.51873257
-74.70148613
25.70437240
57.39157948
-38.69537289
-27.01965465
-24.91750237
-6.60389244
-20.77714398
11.38485814
-10.13998321
-34.24132278
-24.85632419
-48.82261562
-55.43666920
-43.77593992
24.15697786
11.95426452
29.86808174
-42.07528727
10.07172140
-26.50908575
0.25849661
43.71329580
-23.83773869
-21.60655416
16.56989082
74.61759831
34.13857248
-15.20407996
40.81236737
0.23236132
53.81078587
82.88352494
8.85817807
42.17934053
-5.11703232
21.77590836
-86.80796270
-94.46212965
17.60735050
0.00000000
-161.49874567
-10.57892901
-10.26960399
33.51539991
-0.86246958
-12.13861263
3.87825954
-13.49072313
11.81263472
1.16545553
-22.55955627
-44.38570805
-17.19379788
-109.61427039
16.41253010
-60.42079834
23.86846569
34.56412468
15.89989374
16.17709759
-36.31604759
10.71579007
9.16746587
-7.58780790
-15.78829329
33.27834428
-27.12729786
-2.60471605
80.64205844
-20.88117658
-2.96536623
24.89950693
60.25697757
