29.81850387
-9.48786533
-5.22898545
-19.03238678
19.17148789
7.60953501
6.19719777
5.98113333
-0.13944907
-18.39105123
-13.12353260
6.16480843
23.82819514
12.98874860
2.90730035
9.07828771
-5.84510375
1.35893741
-24.96014010
-67.39436245
15.68741663
3.56539851
-5.55380785
15.96962927
-31.37937599
1.23691246
-14.61337673
-36.83433483
-6.06818248
-7.42707736
3.37670806
-6.05878610
1.48322774
-4.99671497
-7.41551367
10.72755431
10.10173667
6.45414165
35.41879950
13.71492743
4.82595464
0.00000000
-10.13736179
-8.07294976
0.56192261
-4.30033000
4.91630393
-1.39175875
-2.27283731
3.23052483
2.87728888
14.90660512
5.79279464
33.64137320
-5.14356263
-13.48147263
-1.07014317
4.13301330
-14.25969290
33.45969071
19.11057494
5.40383010
38.38250810
-4.63967036
5.80693121
-2.68786923
3.57905148
-11.73661698
13.48545917
0.54314917
-10.54354661
6.25149532
5.43232479
-0.24422296
17.75482456
22.05917012
10.96970560
-23.53464361
-3.13783343
36.03883112
10.43614132
18.70319059
10.28031982
15.37729470
0.89449008
16.48580106
36.11072268
25.28108490
56.03205541
40.25292381
23.72571763
6.32601399
-2.73708057
-9.67498685
-1.77783332
11.93818730
-5.66259350
-6.54635156
14.46455701
47.87566268
29.28977331
-6.42714262
-43.10246705
0.78016035
19.91828050
-4.39984138
-22.73226209
15.90590764
29.10174789
-1.62413719
20.62114268
6.80086234
30.95614098
32.82825450
50.45302403
3.77451181
0.00000000
34.33221000
-4.12119526
5.21563413
-6.70794786
-0.30721708
10.55820168
13.11456206
13.83651503
0.96397484
-4.75252255
27.93928516
25.38157367
10.80774799
73.92421796
9.31063101
12.28846053
-13.25523150
-0.92459708
16.45558810
-8.32629445
48.82494197
-9.37983025
7.99352261
12.33380308
8.50485633
-22.19579647
24.88550628
2.09866761
-8.94743354
26.46083342
19.57928035
27.07980957
31.29942449
