63.33124219
97.53690680
52.96263676
-2.63734644
55.47406394
-3.38837780
11.70878823
5.19127451
-14.89689021
21.61266834
53.38941161
14.60344961
51.18606733
44.61008711
32.35683071
13.25489924
-10.30145324
-2.84749830
77.47499448
7.45779069
47.57432148
69.62694706
-1.89390681
39.21941365
7.63292985
41.96139573
34.99405836
14.42262733
8.32431117
49.62127498
-1.53866832
-0.04084109
8.81090816
-20.71384475
-35.66474927
26.16097287
27.26709670
6.24045662
47.80916159
48.46509259
2.55499374
0.00000000
66.62260461
-17.96593620
67.95283261
-4.77735047
24.55490466
5.27265203
-5.75929956
0.51413562
14.91305853
95.21539218
33.21691060
24.32161402
4.04074936
21.62560526
38.28912341
120.44488874
58.40836033
83.07920653
40.99366672
28.80776461
45.56643833
0.45195149
30.18538732
28.50060798
11.79898289
17.48454186
13.73348933
6.69773520
-4.77721818
7.40513202
37.33892772
-1.97838493
36.73138327
60.96759183
135.53490304
6.56459901
11.43151597
43.34293458
8.77697341
25.80356033
2.88893824
4.60542570
16.00943710
24.93982400
66.53786342
61.85412653
56.42339735
70.19752629
27.43851285
5.58433877
15.74311084
74.88033761
77.12286605
59.44610498
58.89817121
6.89317568
50.74374267
57.18680454
113.34363376
106.02305633
-9.23398337
20.65272471
57.01214183
10.79820484
-10.50319158
44.15369140
-15.00704148
-4.32835938
42.77110875
48.60402464
34.26189938
61.34969576
56.26049211
13.33722284
0.00000000
83.59793913
0.00098908
40.04083958
7.33938612
18.20967651
24.58053033
12.44747951
24.18251481
1.45900550
23.14491898
51.04566727
40.00801273
26.40371936
122.70954625
73.50073539
70.69152846
76.66432317
79.60431873
70.12482026
31.67993493
59.10990415
13.05953282
21.45181481
48.02316857
8.04195340
24.59192417
64.81551878
26.43022350
13.70427550
21.80966027
53.52692687
37.01273792
44.32269806
