19.85833131
22.82440383
-21.08849792
-23.88543869
25.57095767
2.05670971
-17.11157245
-14.04418929
-0.42324999
-7.18093561
-43.09551053
-5.14161297
10.85800027
14.05219793
-3.53337659
-4.17789004
-7.43161701
0.76736547
32.09013767
-59.24122572
19.52321574
-13.63132659
-8.69655366
6.76541846
-17.35276890
-6.00023269
-30.61205279
-22.67881117
-17.38305798
-22.86165025
-10.87674749
14.94417304
-32.55996319
-17.15562949
-13.57243479
-1.28317275
4.07695450
14.66687140
-5.45180766
10.07966093
-7.85783412
0.00000000
1.74969118
-21.96295779
-16.87427107
-20.80633981
-16.73771593
3.73325787
-2.96671175
-4.43337015
1.35278147
11.39038182
4.53234491
-6.76056469
-9.96860509
2.05453604
-16.21150887
10.99989111
-43.96621254
47.64913980
24.50772139
3.48818716
22.22327703
-10.18195048
0.58254068
-18.40289563
0.99165776
-12.23917026
2.39368822
-15.11698259
5.73932553
7.35581647
12.33085937
10.59355194
-23.18574727
7.18668403
46.23065596
-3.82934678
-29.18690462
8.72135304
1.95679608
-5.64183969
-10.76694953
-7.43626728
-3.74082154
-60.65948944
5.90149924
11.38403104
12.54708823
-8.50280035
-4.28892282
-26.44792135
-3.62389637
12.82185501
-60.89374033
14.38329121
-23.77954645
3.66094032
13.31493966
-4.29585422
-6.21863224
-19.42744081
-36.76371319
-28.27797768
-14.76055247
-2.25697543
10.77971279
-8.98403807
5.73426905
2.47994731
10.04075869
11.02507961
14.21838348
10.13961863
21.14158386
-0.74418142
0.00000000
35.60093419
-6.93888639
-28.41807696
-28.30437196
-10.74797928
5.29074724
1.52887862
1.67704818
2.94542816
4.80225257
-2.32431652
4.28805729
-7.39902129
-3.80382625
-9.28675050
21.59708782
-44.26315244
17.05010273
16.84591849
-9.53984387
4.18761540
2.91479712
14.50282679
-26.19090142
-2.58391967
-20.42290896
6.18929301
-5.22925680
1.80174266
-10.61589470
15.38250904
22.62871117
-4.10014069
