38.34820543
85.37055683
79.50362063
0.31734073
22.63335166
18.22910498
14.37939812
12.90562390
7.56067705
23.00602922
65.56808002
6.21409138
45.59392612
17.98378843
15.63909552
32.79335584
-9.49416108
2.95538470
61.75174518
25.51466185
50.47570872
75.90010809
11.77601189
26.38653605
-7.12743078
-15.05086804
38.99466240
-7.60536546
6.69121817
13.93219396
3.80786575
3.56008220
16.97865861
24.25036813
6.28090415
25.68893670
8.71228631
30.14119581
65.23095499
12.46074754
23.69996535
0.00000000
50.59815561
14.47983369
63.58467410
9.01663803
31.15189604
19.82647831
-4.86163114
6.71716590
8.78759472
53.05138411
-4.49977675
31.53224330
10.82183395
6.56414687
9.14206484
81.60226315
59.17314102
15.42851694
26.30173690
31.77531873
19.00278181
5.79844128
10.35725336
4.51760307
3.92032063
2.01207731
3.77202646
14.32492623
8.01953627
1.75791185
14.06630945
17.06696869
59.91910030
29.68806791
119.45326473
20.15498315
24.66686301
48.19880427
19.96189913
20.41819864
19.00308910
2.22522180
21.57785062
58.92670631
52.22253859
78.27597727
60.78669900
19.30962886
37.20209914
-7.68136910
-13.24852200
43.04532345
89.93085431
59.62290258
78.34573025
15.78326282
27.81182220
32.44373613
19.50713419
64.45431575
2.90411464
26.83608605
15.24848397
1.93366969
-4.58244206
48.91399504
53.19435065
17.09669068
32.58458023
22.56924323
32.85632568
40.54571682
60.42351683
19.94285668
0.00000000
24.58846632
21.79206128
58.74251078
17.63619313
16.23395021
13.76916594
22.58708641
1.31746646
4.86775303
25.28627090
23.13126677
33.04639727
14.64917080
50.36664106
28.72521810
44.32809094
68.80378345
22.64891075
53.73086829
33.61235856
31.16717419
2.90474000
9.95197926
22.13361319
5.83057193
4.28476900
25.03659221
8.33718523
10.04314742
-8.18961592
17.78909297
21.23379592
48.27951028
