93.38016857
12.73926043
36.58491054
2.68591985
56.42490372
-0.36747051
5.52708187
8.01424172
-8.82134050
-13.98318096
-11.36850256
20.95889220
52.50998268
32.72059129
20.00255904
9.86483563
-2.53991362
6.42578796
-54.15644059
-37.61382480
3.51823102
17.98573968
9.96543155
37.97374241
-25.32026781
9.04957546
-16.33922816
13.08836539
11.64143315
-23.96509178
14.03436926
3.14220745
29.17876729
14.20195936
7.40144548
37.57822716
5.78048409
-6.25297285
25.98512227
5.66639633
19.06939897
0.00000000
17.32621796
2.50522302
13.89224784
7.05040028
1.59288157
4.30096752
-0.86454374
2.48596610
7.77685487
30.03754133
18.63617830
33.29333471
-18.04022978
61.26701350
-18.27616047
-37.65796753
-36.58409596
-12.33719475
5.32742789
3.22656293
74.11531549
7.76583543
11.27021269
11.57756520
3.99321752
-5.13814404
10.32577073
-14.46219742
4.56146633
-11.48994729
-12.44959040
-3.61008961
38.95243110
41.31594260
11.37064686
16.21859960
5.05762632
33.87187567
10.60505210
5.52406132
1.06589879
0.21721198
-12.39764385
-0.13999451
29.96304077
44.95955126
48.56266226
51.78206683
19.52969942
23.15037694
16.13522729
-30.72048212
-13.01882603
-30.46714984
-6.01125818
-11.14473010
30.48565362
60.13687036
20.17227563
-12.45479642
5.85758798
10.17968218
-3.18601494
0.40104196
-5.44543566
-1.10961418
17.57408841
0.25477728
6.18502692
-1.99339441
2.34590707
26.92072071
60.69144920
2.59713078
0.00000000
53.01414250
-9.25942921
-9.12608091
5.39039656
2.99913889
20.11757701
12.00626443
8.01480694
7.24973999
-16.83612856
32.51168459
31.16977388
4.06268858
90.85079784
-2.32101404
-23.93476086
-38.70366400
-23.67910182
-26.34564264
-14.45804293
60.31834003
-9.29219025
16.17115928
-0.60161440
0.39872715
-13.04473963
16.27938825
-13.26608638
-11.57381486
-2.26251513
-8.11598079
6.21150530
-0.05654560
