4.83021461
81.18296007
40.82688168
26.57799896
0.89469061
32.03859661
33.96217447
26.35346303
30.09076082
16.31600206
75.14466784
44.20981972
57.82699135
102.30684149
54.39023005
47.76652134
-0.91736985
6.00633290
103.07190504
62.41115188
14.72558659
79.27012733
7.74036344
19.40851964
83.56613390
24.68761577
30.24716254
-29.25969491
20.97557516
44.68630677
24.26929447
26.00591086
46.17944945
10.73254424
-1.25047642
29.42100749
11.34493330
46.45491406
24.98397555
55.64973011
4.47196833
0.00000000
143.59703862
4.02054365
84.54797518
13.97671605
22.58689111
29.82539853
16.23857480
5.51073390
8.18407847
91.35854716
50.59193578
23.63761210
35.55310633
94.92113749
25.61621129
114.54595532
57.62830462
19.18894577
-11.84278871
26.68446154
17.06772755
19.70052427
20.66884420
54.19716585
32.47433981
-3.10461676
30.20558673
20.14256663
18.73778698
28.59178175
25.74757424
25.63901863
46.75262647
9.42856278
92.94731396
-7.56596817
28.26508122
27.86761186
31.51137633
38.01324416
15.08100776
37.91791793
36.94143046
104.36495408
62.58727133
24.61467158
14.29306267
81.26754650
55.69631830
4.63028952
26.57423084
70.04780931
111.74324615
25.25863749
53.72303253
21.63446468
-0.30817988
127.63646361
64.12335636
68.34720297
-30.26765874
24.61793908
44.22249017
5.99523258
17.34238720
81.30871429
89.29648957
60.43713243
69.46059678
16.94619154
79.04719976
24.37239250
45.47338257
23.26618720
0.00000000
43.33425347
60.33377090
50.82236696
18.11962537
5.79488947
13.20544124
26.49519188
18.10563401
4.06429659
48.36287387
67.92585848
40.80959785
56.08458996
114.80065475
66.83241168
82.63663926
85.21972652
39.54546790
23.58252366
25.45818484
10.60417167
24.48603093
3.57953122
59.62435556
21.73509388
6.06628684
52.17910337
38.37656432
38.61494957
20.40698821
33.04907447
58.91050767
78.57840630
