55.64292770
2.00229460
26.89416953
5.09529938
55.94962527
19.12778126
13.82224397
14.76480789
-1.00549242
-17.55985969
24.16269680
16.03269170
52.68480349
20.96021273
33.60095216
24.64455475
10.07348720
12.89512501
11.90217031
1.02208133
4.82385302
30.89885698
-2.76315267
22.58976441
-14.05313512
25.08946874
12.23879980
-11.00905796
-3.24904913
21.11071422
-6.36228616
12.41294621
13.56185928
-21.22093848
-9.70785899
17.97347578
-1.77225177
-22.70110623
36.51656468
19.27672282
3.72667488
0.00000000
11.10350133
-3.92789167
35.69106764
-2.44708623
12.37697827
17.41569213
8.37557745
12.50261067
-10.06468532
26.54685745
22.76527593
39.41022357
8.26950666
44.85210827
-3.93214539
21.21798712
19.37420438
9.41658885
-10.80348274
13.75859167
69.91972727
-9.89608836
14.44927776
31.08203171
16.97822207
-6.43362703
21.33330453
9.82229581
4.56707535
11.88213990
-14.71424338
-14.82536208
8.52318022
24.45112617
10.59649124
14.00531120
3.80941006
51.17071683
20.58256835
24.30157146
9.19809405
13.01340734
9.52423673
50.73263567
37.50309344
50.13777051
46.92611166
67.91117070
32.77385184
-10.20543471
20.74707343
-13.96284326
28.29009535
0.66050089
21.37571048
-0.15966887
16.20703580
57.63286934
84.78400538
27.41878717
-19.87422521
4.84695314
24.95097920
-8.65545364
8.75195939
31.95702445
-2.46613294
12.41079767
43.11545057
2.98568722
12.85930536
55.96407746
43.30241779
14.10341784
0.00000000
-30.29501517
10.47678934
19.95333186
0.96775875
20.39733096
17.84375015
-10.03345715
22.69191953
-1.11230188
2.29341258
37.48267795
45.22888755
27.71614676
94.90754931
25.76840034
-21.95258253
23.74176050
-6.37254321
0.18444453
3.38958524
55.11319761
6.58620212
14.76224189
41.01797393
16.88913999
-4.40361027
42.41866970
16.40096033
-21.13501250
11.81762141
24.95847343
12.65617847
16.73170746
