70.43683072
74.81134213
67.48074719
15.52144207
47.43802583
26.07248152
34.03154709
20.49685991
40.06808523
44.76603091
33.26585235
33.03121315
41.05141271
30.86175857
35.50661766
39.10518009
11.36902750
18.66575157
83.65825392
5.85211978
34.17524090
78.56355700
25.21451782
43.35184258
89.60479971
14.33471167
22.52527554
-44.04967385
-0.91188642
56.59215124
17.99965262
29.04899889
39.00049432
11.35310677
8.37076089
22.16961511
17.19211200
26.80505184
60.15885932
46.23468511
3.77480082
0.00000000
136.17378986
18.67034105
71.29454904
5.07419042
7.47321937
33.76012526
13.41133429
16.66130160
7.88535497
84.59790809
26.40205185
39.16519548
18.45273051
61.33396460
16.84378173
85.06498333
29.95511588
40.15075354
20.78145260
33.72254562
34.68112179
19.62392411
21.46784905
58.77761357
42.84238460
-4.07344663
12.49348776
6.42683064
13.73094833
23.99201020
14.48294340
37.45389150
65.72177785
86.82177430
209.62638433
-26.26146016
70.58594196
89.17364564
46.65615871
42.62314088
11.92442755
37.76968707
32.01280511
45.39320015
90.84789213
152.13761932
121.06917871
111.75636643
67.23487533
30.90947042
26.74410249
111.90328949
108.26330969
76.13660369
42.88446707
22.81068415
88.09019044
161.70321608
102.72400318
78.06481828
-11.82730121
38.75299800
59.18061149
30.69477159
11.88483893
81.40620130
41.38045632
31.77360283
72.98605270
79.24897679
147.50160312
92.16409569
65.06556862
33.43521546
0.00000000
219.60985464
43.11147046
27.70337587
22.56551966
8.22400308
53.66641119
40.19497759
16.64276188
8.90025665
47.17971854
87.20399450
76.30892591
55.23951341
157.64700003
65.56788395
114.87787992
64.04314954
68.88064274
62.60640871
27.13537070
79.86234282
24.53648011
35.62948400
45.05132125
25.10198167
8.34126426
64.75796143
31.39476956
44.07368056
35.73833849
94.79418788
88.00386404
107.16408071
