8.40071433
12.16593781
18.92670692
-29.36212696
1.09795708
-7.69740282
-12.31958002
-6.08615172
-32.64357737
-34.93199210
-30.40194102
-19.03204217
-44.13615957
-48.39822108
-27.88169042
-16.82518841
-3.82584960
-2.85105476
-60.87895176
-28.88579073
-0.57451744
-19.01378620
-24.86548480
-23.23295361
-99.04109884
-22.95880409
-19.11690782
-30.55587134
-21.98558672
-21.05129529
-2.26298931
6.53841052
-63.44438694
-65.36084281
-30.12481677
-38.00305607
-3.25885659
-48.10507564
-13.17757059
-12.74363924
-20.18013887
0.00000000
-7.26326643
-19.41382434
-11.64670313
-17.93202031
5.98284812
-9.28208816
-11.75734223
-4.01592992
-16.30199107
-1.51439547
-27.04992319
-2.44861342
-22.02981977
-53.54424568
-26.03913410
-67.48199395
-36.89808962
3.33375863
5.90032577
-14.63715767
-0.16022637
-25.12970543
-27.54662108
-29.08462539
-5.30990570
-13.42142740
-8.61707827
-8.39211160
-8.03980659
-13.02698367
-13.05818675
-44.90238920
-61.73376038
10.58179315
12.16116225
22.86672384
-3.72488727
6.11445896
-7.04427607
-4.42210617
-0.82211940
-19.44235971
-30.79102059
-55.91204239
2.41355915
-3.04597710
5.61402826
-6.66352233
-2.64321282
-26.61085625
-15.75680359
-19.60555738
-34.69696702
-8.37933473
-15.32722879
-15.62742372
4.93978689
-32.24404988
7.63620646
-6.35333476
-12.18504763
-6.67647124
11.84486299
-6.54774418
-7.73902541
-0.54263137
-45.76875704
-10.72094586
3.81932349
-12.96966521
-24.85164559
26.46316283
9.76342160
6.96912821
0.00000000
27.18868822
-23.42994683
-17.42392608
-14.29677410
3.04169906
-9.43226784
-10.98340040
15.19184257
7.77308121
-17.19657527
-9.18016414
4.17987815
-17.31648546
8.40033312
-19.63720531
-31.14740592
-35.93413049
4.30012596
-6.12800159
-9.16640182
-9.15720297
3.19100841
-13.25658993
-19.35814539
-3.50535972
-14.42272821
4.64374167
3.54163769
-25.62077842
0.58239952
-5.12413110
-13.62292925
-14.28984112
