85.43214343
118.93205772
70.79868477
25.46091991
69.85226129
28.66889371
39.95604289
27.37039693
55.50634569
61.32487589
48.83786835
26.83132709
37.86666329
38.34204866
38.70261633
37.61253249
5.53115976
23.25682115
150.37829112
33.76570677
40.23971742
93.73869878
27.00563321
42.04007840
113.76338496
23.32020570
35.24459712
-54.93861553
-12.50936415
75.50593377
26.90992522
17.82436289
38.50690018
27.88994351
18.52678897
40.04199414
20.79027813
40.45942519
32.23927023
37.12910762
8.45005454
0.00000000
181.27030892
13.71412611
80.75248361
-1.33622552
12.50644727
30.71282502
4.04892627
12.29188642
15.49004038
110.92777707
30.95250379
40.77364467
14.77224746
86.46112854
34.29717832
151.99685062
47.80067969
52.86128663
18.87186103
38.83689535
42.38950583
26.52598566
35.65250273
71.15940478
51.11318113
-10.68751185
9.86364394
-4.23575163
25.57672909
32.13809421
27.11093491
39.60503200
56.68710531
69.35657061
189.49197055
-28.96975985
64.34868767
87.55559124
51.79169650
44.72954683
8.20149769
48.40378763
53.42577995
100.66536893
78.16503302
90.72876486
77.52357334
105.69538841
63.91068758
51.83169083
44.21788796
140.00772734
128.42510807
76.47475661
65.17117105
21.61769525
63.30492332
197.26215902
115.77084715
96.06139390
-9.81941013
23.68873908
66.56667407
22.14153070
5.87577172
89.05041904
103.68479178
47.94622220
84.54965161
63.28829471
141.64647651
51.67687764
53.76021616
20.18526212
0.00000000
155.80501675
57.16567236
46.44620955
18.01420361
9.95467024
64.79168559
52.73547599
19.42388216
7.22788552
58.59266924
70.77474781
69.80208607
50.45932185
169.40314763
85.77643794
137.37201733
98.76752878
79.33933469
57.65202092
34.74328739
56.39317919
13.44176100
36.28597125
61.89614003
29.77867995
8.06317934
53.40397154
20.23464246
44.19471313
43.98237879
71.82331398
97.35902168
106.51781230
