77.53771765
-46.38767486
27.92321648
-4.17887582
45.08947824
-5.36321244
-6.99442614
-3.36290984
-24.56430181
-36.34380101
-18.53244998
7.06640053
37.61888423
28.75232434
6.49661321
4.97132611
-6.19383163
-0.62147916
-89.86923211
-41.39736683
-11.84759084
-10.35949000
5.41430498
30.39360598
-39.23416048
-12.04445607
-38.49887146
-4.83993684
4.76358658
-52.92947191
8.63558400
-9.32895658
13.57402077
1.56983883
0.83997192
14.17266638
2.30307078
0.61040461
25.79005197
-3.09642896
12.41566041
0.00000000
-4.24929706
4.89545559
3.41453728
-0.70577433
-11.05969283
-0.71356259
-17.48757299
-1.09142790
9.15086983
-11.40046679
-2.07431365
17.08521676
-15.03532599
31.04532293
-34.79941585
-74.30298137
-67.07395278
-33.38096817
-16.16485437
-4.48875693
50.20029142
3.20434730
2.46621151
-15.35543553
-10.89072508
-12.85595063
-5.45479728
-15.93022778
-6.99628540
-17.37055773
-17.14457340
-5.94645320
24.91993549
37.59628392
-4.96274642
-0.60044888
4.31679278
20.20505518
9.42041609
-6.16623824
-6.03839937
-8.46703215
-33.03612245
-26.45482666
8.23248852
32.31579564
26.25377499
30.12308452
11.30982263
14.95781777
4.32898372
-57.92098776
-39.00982763
-29.66250579
-30.17250728
-12.99874385
26.87236702
47.79310282
-8.86433933
-36.52610059
-13.22580250
6.08079948
-23.42442324
4.74872521
-3.17813295
-15.51445796
-2.92694353
0.99249760
-15.05497453
-4.62060130
9.82198080
15.81828168
18.01743976
-5.38881689
0.00000000
48.44388987
1.08508205
-23.12351799
-3.36619306
-10.77406056
8.86436421
1.19877480
-4.28663291
6.49993009
-33.42057528
17.20386472
15.41867293
-1.27040811
65.16939794
-21.19941975
-54.93050637
-72.12312679
-53.24677528
-37.21391849
-22.95140409
47.93155198
-9.78782372
7.79467931
-21.85593120
-3.92336800
-25.61773716
3.46532872
-11.29851921
-4.50913555
-9.51534399
-5.99649911
-2.86495973
-9.76421233
