-111.92514147
-77.41587192
-137.87259037
-50.47756780
-75.84676354
-25.09020858
-21.78894253
-41.39959578
-43.41454027
-65.69124104
-40.83540362
-10.96695856
-31.52891926
-5.63278110
-34.80933793
-34.35275823
-22.90921879
-28.34216363
-37.43390216
-65.08761734
-42.60058321
-49.84822840
-18.29075069
-39.56576208
-31.26924360
-27.46070647
-67.81538960
-54.67678332
-33.77978969
-69.79798594
-25.79075520
-30.53559194
-40.00249184
-42.34585589
-9.63295945
-39.03785212
-10.45188468
-2.52955967
-41.70998570
-18.43139861
-21.56152790
0.00000000
-36.39475247
6.26266973
-33.24383189
-43.89870282
-34.36842587
-18.20619986
-13.89030954
-21.55597510
8.33168888
-60.10583613
-30.42516691
-42.58767342
-17.23963649
-35.81565281
-25.81411482
-42.36416625
-68.89996950
-25.37167839
-37.40881981
-28.27149101
-83.31869252
-6.03107168
-33.65881719
-69.19489087
-55.59219972
-42.05337504
-13.31018942
-21.05752717
-35.87346615
-18.08362646
-13.08813179
-13.34439368
-53.16565992
-85.93270591
-130.77463165
-67.69187344
-89.59996147
-64.47719516
-40.42638726
-35.14340484
-42.07710365
-35.63660883
-39.59582155
-22.01394475
-54.94381790
-16.78574891
-44.24752901
-66.20514742
-58.50530247
-23.61708142
-35.20353104
-68.16079471
-62.97448721
-45.96168487
-26.27796256
-17.65543446
-52.01975930
-75.96700714
-116.01702210
-112.36036263
-103.63810059
-91.60790737
-50.89820415
-12.49936880
-8.85013260
-97.41805340
-77.99553764
-31.81456632
-110.91128686
-57.56791155
-88.37788676
-13.16139364
-19.40696437
-54.38626535
0.00000000
-21.14763938
-23.04784997
-19.93160561
-76.05717129
-49.34324411
-20.21369100
-42.52310991
-21.65640523
-5.00966538
0.80706686
-34.85118330
-68.77233577
-40.00840562
-94.18647281
-57.54556499
-27.03054912
-57.09463877
-68.34127886
-55.85590564
-23.96842201
-8.04564970
-17.38128869
-22.60948624
-35.32148581
-27.99761024
-78.43955449
-49.58483479
-45.93707786
-3.76726667
-24.34684099
-60.33766097
-60.10866806
-127.57411551
