60.15370671
79.89386118
96.11851324
68.13123994
25.47891756
6.52184979
21.13728940
23.66762827
49.85228169
95.80752607
117.27944827
26.43230465
55.54587857
33.16707584
17.05758152
17.77846898
27.36909821
10.06507131
85.74929761
99.66321858
71.44383596
65.45221359
48.80252826
59.87586842
127.48576478
60.83431919
102.95764626
87.99710321
19.31180533
131.44740866
36.36870957
24.07214323
125.27138799
130.09922543
35.68511492
86.64242531
40.12018365
117.88807339
1.80652862
14.31956056
36.31851946
0.00000000
0.25927702
58.08384265
84.31593822
28.71784261
47.24504478
39.19797654
41.22890822
15.28738108
24.75097235
40.39217038
29.79095613
-0.23634146
13.34883153
79.14966633
67.07846466
105.73708091
130.21050639
104.66813782
82.13408471
52.74190387
-1.64344275
49.23224767
28.99275163
100.22546427
35.75948561
51.15691513
7.80171371
3.57814752
40.03525250
59.87006812
78.94925215
102.53411585
152.01774988
45.28337812
86.14221919
26.66901298
69.14787219
1.56714490
9.13288833
15.75959244
25.86889007
34.44611868
94.40983876
71.68403805
21.79229042
65.23564124
-6.99996265
3.13260972
2.42434733
26.98378617
26.84757850
106.66450181
56.63637870
80.31419348
65.28350116
54.95157239
55.28748715
39.42215657
57.26996188
156.03993983
91.04326561
34.95435817
76.02312826
30.72090489
29.47596749
94.45321121
86.76696998
42.72488806
91.17207108
34.79862380
76.18635973
32.71702220
0.62113959
52.39826948
0.00000000
-117.08698771
54.41581574
70.88548476
43.34056507
42.45344401
28.45371404
36.95309826
2.46204446
11.38639287
49.85466047
25.54154813
3.47277391
3.49258241
30.49800157
67.69777802
40.58344316
85.18850275
113.89361263
67.98345518
49.62956684
-25.47968252
24.90036971
27.06111956
77.47984104
17.85142451
74.67282422
2.59071383
14.09670509
57.86057380
22.53373827
29.40401417
76.44770546
127.29011671
