37.84902570
-31.12140493
12.88820009
-4.17443814
25.50336635
-0.71721285
-0.88883974
2.64798506
-18.07329677
-2.13036897
3.92129168
-1.60133847
2.10402230
-5.26330076
-6.00347363
-0.94211884
2.17778179
-2.40638293
-41.46854382
-53.02900815
3.90705872
8.90628690
-2.34068716
0.16104636
-20.06882923
19.13336129
-8.27492410
-19.53758761
-24.27618870
8.65720549
-10.63660804
-11.95262472
4.29009231
-25.31520110
-10.11945633
-11.93058547
12.51622519
-25.24419054
24.19658710
-9.55310284
0.95801722
0.00000000
-33.11615816
1.01472114
11.15071042
-15.03011306
9.27707547
-0.07534541
-4.02191982
0.67465255
-3.05044730
-16.23689609
-16.55314458
29.07270691
-6.91372827
-24.95019666
-9.12174725
-28.45851358
-10.46738615
-20.27549342
5.98080290
4.56135704
7.90164293
-17.05382675
-2.68918206
-4.21771078
-1.02362639
-12.10079428
-5.24057818
-8.00648887
-16.03275555
-13.34718883
-0.47463567
-17.18996228
14.60915403
24.60514324
-11.95849276
-19.42415558
11.61443363
12.42378214
-5.39087442
-8.96968576
2.50118020
-6.96761334
-2.16559306
8.98316550
-10.26719700
-6.54054175
-2.88351940
-10.73180323
-4.77102610
-3.62066513
-11.23435713
0.22510587
-24.29939116
1.53255175
7.82536255
-1.32361372
10.84607400
-4.63557181
24.59965037
-37.71104206
-32.24051132
-30.50368276
3.96457232
-4.99347911
-6.96184643
6.85565541
-27.62924963
-6.46267131
-0.44828842
-11.19192392
-12.12637917
19.94624738
-6.91610338
2.24234009
0.00000000
-22.40294022
-4.02476473
12.15157443
-21.47733397
-3.55283255
-9.50928232
-5.00150741
0.13608002
-11.37377065
3.42370747
-15.30176118
6.88767416
-9.23044270
4.28549719
-20.54031227
-25.58225991
8.49893663
-18.71095932
-4.00293836
2.89567962
1.28600181
-2.53978776
3.32085616
3.46699871
0.72887952
-23.52802936
-2.67959770
-16.61288489
-18.46133406
1.90728634
-3.91872202
-4.67990573
3.11911193
