-236.24505618
-79.13657717
-82.61442393
-9.13247956
-162.60685250
-11.05741492
-14.62793791
-13.77983569
-21.71938087
-46.84165040
-9.01207912
-26.76087298
-126.52344041
-104.45890304
-57.18833385
-37.13699304
-6.38499670
0.44161156
-16.25646332
18.96343095
-28.71554390
-45.39366202
3.03887523
-89.97208089
-57.48925444
-30.21985822
-34.39907764
2.48816436
-14.61052128
-61.87010306
-52.85236740
-0.50560131
-15.42325527
11.21842489
27.18675250
-20.17304950
-32.62517951
-34.02911734
-64.93488481
-31.78453546
-17.70774503
0.00000000
-57.02324729
31.65945352
-37.30144957
-7.50771776
-16.81152589
-2.41447154
-1.40352678
-7.31836453
-13.79452810
-78.40240151
-49.78029196
-58.56743101
-16.25771905
-25.91677371
-30.36009342
-11.94113784
-14.74294137
-15.05770744
-40.50842938
-18.55418194
-144.37669914
-0.68788893
-42.38035658
-31.99674784
-33.44908700
-12.40505674
-27.27874762
-8.10439674
-40.64237955
-20.73120798
-37.86936964
-34.02009927
-30.14323552
-121.10297704
-95.31559945
-17.55307223
-20.10162897
-41.74440932
-3.20671864
-11.84469919
-16.43798709
-18.67360006
-28.39886472
15.82832051
-18.64624570
-4.60334460
-8.32040096
-43.67144877
-24.51303734
-12.60649621
-12.65781880
-44.40218078
30.76049399
-8.45401243
-12.66935187
0.89796111
-59.85822456
-75.41502939
-38.82842213
-49.67412883
10.01884189
-13.21431401
-42.49297175
-22.52189211
-2.61636156
-38.98829802
-31.05514324
-9.39709125
-35.22706544
-22.65395209
-50.22208753
-7.22106591
-18.92499527
-11.57881268
0.00000000
-68.77108405
3.73664872
-12.55367567
-13.14893035
-20.20241447
9.77271270
-13.66584886
-11.55849213
2.71110408
-2.45585308
-31.98212078
-43.48508128
-30.81350357
-54.21676190
-41.92629833
-9.12795309
-15.09851186
-13.61570601
-29.38787596
-5.10480017
-9.57522539
-8.78853339
-18.59406977
-9.30627351
-10.61820358
-10.75168199
-29.36141244
-16.81191399
10.48855976
-18.89220005
-36.62564338
-51.86509431
-38.03439932
