-126.50505611
-7.54061019
93.53813327
1.71727242
-49.89899538
-3.20313437
4.66155814
25.27470075
-2.80955877
-12.25206340
-0.73890436
-14.44398031
-59.02145019
-36.58712505
4.56153569
19.35376327
9.26286157
0.81138024
12.97562489
-7.13501135
-14.63074494
14.56977371
4.97520442
-59.66515965
13.20863182
-4.76568235
20.70558192
32.83201617
47.40825932
16.36861724
-12.23899536
-2.37153301
-16.70198633
-3.84248903
6.92606455
-5.89501866
8.58790011
-2.76355093
-3.98021550
-2.60713414
-2.38408409
0.00000000
24.24247051
-6.20014953
-5.04026527
33.49381106
15.88368291
-12.16433140
-8.79583024
8.49292039
3.48123797
-2.03641618
-4.44809353
-13.26648062
31.70721997
-4.66860399
18.36256300
24.44044469
13.38967692
-8.69368314
5.67380743
-11.30345161
-38.74061364
-22.34694144
-24.67668018
-10.80179769
0.49409921
21.93462758
16.38092944
38.93952442
-18.16426726
3.23944683
10.17677963
5.85934820
-41.16175748
-35.81139943
43.21690952
62.21545331
19.11432675
2.72536779
5.34223332
13.92246242
23.15883442
7.57076932
8.50619235
22.83069660
-18.85094507
-37.96330488
-6.37077383
18.43892449
28.95991587
14.52421116
-10.54603923
34.80506891
57.60884909
-5.72555357
14.72533394
6.66996652
-38.07215963
37.82671000
-5.78066658
28.88824850
31.96539117
51.42472884
25.82183430
1.08505592
14.92990284
-14.94430070
-5.12569599
-1.47589128
-15.29641399
28.53526774
5.95067148
-19.88226930
-40.54085484
-0.88504703
0.00000000
80.88739360
1.45431950
17.59426199
34.23728585
24.93975682
-20.14641090
10.23628609
-6.54707052
7.96085841
-11.24750872
9.74821234
-0.68234150
31.36639619
3.10358858
17.77776795
39.85942801
35.49824835
4.63986957
12.32908812
3.29564895
-0.45578498
3.99694450
-5.90554441
20.83984679
9.33640034
18.71297561
16.33992800
34.42172337
-19.29958991
19.82596797
28.85898702
15.10448611
-13.05055299
