-56.56902060
-73.15884703
-86.40061183
-22.69907155
-45.34272765
-25.33083587
-22.87903688
-28.58532464
-32.17182197
-45.73173270
-50.12542384
-5.08565210
-19.73029346
-11.85139037
-25.06017133
-24.09721624
-12.38672126
-20.59194064
-25.41715366
-55.05875634
-44.95713922
-50.50570579
-19.72084899
-14.63944905
16.45104119
-25.61046762
-45.38799948
-27.73078064
5.23149638
-47.81515584
-5.37766901
-12.69309764
6.26862525
-1.12107713
-10.71776200
-9.38115871
3.28629048
10.39165784
-53.74345342
-31.03423927
-3.45658546
0.00000000
-54.50107966
-7.71382724
-47.91183541
-19.18322541
-17.78948485
-14.05500629
-2.37643281
-19.07260633
12.49334087
-49.02426566
-21.67240710
-48.61709323
-5.83158577
-55.41647718
-3.56711254
-62.90636299
-52.52913429
-38.76926279
-39.96178889
-21.15521467
-79.73963351
2.64105322
-10.00138276
-48.65601672
-47.80598635
-24.89101107
-8.25128423
-9.16948935
-19.34391634
-16.59726555
3.43440546
-1.69022770
-4.75681025
-44.93940170
-114.38955151
-19.88228561
-33.17931709
-52.01638191
-38.35715785
-34.52813270
-29.91265275
-28.29539507
-22.53548769
-17.79550383
-53.57602868
-46.97277297
-50.25691920
-63.96840876
-55.17911392
-6.07360580
-18.69952977
-34.21626715
-56.83716109
-33.33713405
-34.11062843
-21.95641496
-7.61525933
-48.41425499
-91.40698197
-78.45005787
-33.20454658
-31.73005481
-41.26776501
13.85778747
-6.00146826
-36.03065478
-3.40489853
-16.90891268
-50.46182137
-47.14838717
-50.37942378
-68.15398782
-69.02467242
-28.03917211
0.00000000
-66.84540153
-30.40546431
-24.82875414
-26.86675337
-33.04015721
-22.98183263
-28.82028638
-18.23884854
-1.78607764
6.18168516
-32.19399034
-62.77558498
-28.71685994
-120.38558933
-31.01854866
-40.89049682
-28.79522734
-40.89123040
-36.41368088
-13.42310702
-25.18011708
-4.32340477
-4.44054154
-32.87107205
-27.30852060
-36.66333952
-38.78697474
-23.42805626
41.10189663
-22.18890873
-39.25897355
-31.02724265
-57.25410735
