-33.27527914
-29.75675839
-9.38371932
-38.42442714
-24.35612776
-20.63243007
-10.25085213
-3.43957472
-34.81807187
-59.07090422
-46.03466287
-22.87156933
-14.73267576
-4.66117075
-12.96566693
-10.67803665
-10.45033940
-9.21111852
-85.49713609
-52.32927721
-25.44273594
-51.22371983
-10.30787592
-31.85589286
-61.87207810
1.56403156
-30.68017789
-2.98407208
-14.72325993
-57.49165430
-19.20812411
-30.77427946
-52.48572945
-56.85537262
-6.33231773
-36.33977764
-7.29380214
-59.79094924
30.18501266
-1.62165879
-11.77919460
0.00000000
-32.20371794
-19.21235641
-41.07308253
-8.79091618
-12.98297368
-23.54191661
-24.10379245
-1.58633830
-5.01863522
-29.15483595
-2.03909781
0.82866641
-7.25367792
-10.16549341
-14.43259675
-75.84246820
-73.91532264
-48.43020419
0.48797679
-30.87688925
17.88312267
-25.50705255
-18.43583121
-46.61844666
-30.82806759
-7.66147134
1.00178573
4.06858862
-36.08683234
-19.98760989
-23.52415754
-41.90699400
-67.06201372
-20.20216956
-93.22281552
2.00642831
-24.79489777
-21.66575605
-12.73212375
-0.96360273
4.12199242
-21.58158970
-42.82939572
-37.42212519
-2.97107705
-42.04614242
15.84690067
7.31023816
-2.91045940
4.41392346
-20.44616730
-63.37727406
-69.36431998
-56.24575026
-40.24324017
-13.97112085
-40.62782577
-17.86860786
5.15400946
-47.76579739
-5.28181436
-10.90091794
-25.85810060
-34.49329586
-19.55369283
-67.64071401
-53.90825819
-23.28311777
-61.89925935
-12.07697020
-39.68282272
9.96647667
30.25988819
-26.19204090
0.00000000
-42.47394970
-24.63424192
-25.06142106
-11.38014619
-6.38828582
-27.43446476
-5.67565176
-5.82739316
-0.94936730
-63.90023773
8.78973631
-2.34450221
5.12353394
33.05771631
-26.12017773
-56.46452584
-58.54814108
-54.90484590
-17.23867739
-23.92042788
5.16698087
-19.77101658
-17.12894313
-22.28133491
-11.98338300
-11.81659875
13.74741624
6.03513301
-51.99793825
-12.73500643
-13.58768598
-30.08231205
-108.65348545
