25.14405573
-47.52270302
7.94671680
-28.01743044
23.63461326
-2.57242936
-6.89289097
-4.30274853
-2.61753538
10.33283122
-18.02427960
-8.29108735
-14.34258297
-25.13475561
-10.82712190
-4.54556009
2.72606956
2.35701434
-41.63704302
-68.41238663
-1.00119594
-9.91853755
8.70896069
-7.86697795
-9.55494701
5.69371191
-19.64423239
-36.78357265
-23.52655436
5.93224171
-11.05097819
-11.15031406
-27.44147907
-31.45728898
-3.64669192
-38.86448234
7.45845572
-9.26094165
5.38449556
-21.12574306
-3.84459132
0.00000000
-41.20252332
-10.36628589
-5.78385016
-21.73337429
-3.90039052
-6.47279570
-23.51840155
-2.56011191
-0.56696727
-35.91147116
-18.62291492
14.50396639
-3.42765762
-20.82381431
-17.83983538
-54.07000654
-44.91811506
-23.43121599
4.66002935
-0.44984362
-0.51397872
-17.60376752
-9.28262332
-14.16689298
-1.69657359
-15.75919525
-6.12528918
-4.53542253
-11.55956252
4.31514414
1.91621357
-3.30833552
-37.38668827
13.52820440
-21.65888775
-34.21289951
-9.16408626
4.35479745
-0.68523357
-4.06022526
0.06670880
-5.62663665
-3.92561627
7.51526614
-15.13006929
-31.91532516
-19.51805553
-31.37712203
-6.11992004
20.39091638
-2.53912441
-23.29038245
-60.35671040
-12.90154509
-6.15265720
-4.69575575
-9.44369005
-10.79751165
-3.35842669
-70.25299173
-58.97305553
-47.94544212
-7.91892387
-8.81462528
9.30769219
-23.52632445
-23.79544974
-4.96229283
-25.70798583
-6.38863080
-2.27355758
-4.35405649
-12.23913034
-15.97782063
0.00000000
10.04830503
-11.50839190
5.21568346
-34.79157121
-15.54864898
-6.22919874
3.05766519
-5.24381826
-5.26862447
-5.13966831
-26.62594210
-2.22891953
-13.43186405
-20.81819163
-38.58569378
-38.51771169
-41.54101739
-44.24230494
-11.17910341
-8.34550751
-25.01696289
-9.00356109
-6.59358902
-12.21383104
-3.35247368
-44.41457677
-12.33683685
-19.15293519
-20.41529837
1.74601531
-3.01011100
-1.67570811
-48.63502035
