160.46886922
5.35444472
36.89995990
-10.38394618
124.79386918
34.77785488
17.35829493
5.48811961
50.75484138
46.81428763
-17.50372641
6.61797242
76.45951712
34.94711866
43.12010674
46.11316000
4.55454078
8.29741770
11.05196033
-22.61303710
-4.23984593
15.14885305
-13.83363612
48.70534862
40.55259385
-3.26532798
-7.13645115
-37.25303134
-9.33880652
57.29510027
49.57434729
18.54479379
5.06099244
-1.73939439
-2.64880392
-6.79828996
-13.20671156
3.44818284
52.19538417
14.84626689
-1.79536434
0.00000000
19.91295846
-4.77984980
2.93995589
-9.04524165
14.96725624
12.55393725
19.84254139
11.12517147
-9.05172726
12.71699037
20.37312263
67.45764285
23.05925048
15.37138704
-20.11997090
27.75961946
-3.07566166
8.19474679
-14.43401253
3.80643138
91.46433620
7.85007935
37.86674302
28.26419503
36.24386731
-16.08263625
7.14865025
1.45797821
54.29283925
43.95330310
-9.83049962
19.38521448
-10.14170241
63.24152575
-3.84687297
15.69749622
8.72327680
45.22093326
16.36806512
11.69778582
6.39312588
36.05817028
22.16609644
-9.17822481
44.86346653
39.67008210
67.96583699
44.37201612
38.18653856
-28.23619947
0.65856879
-20.33446348
-14.96872121
0.96250412
15.53304934
-7.42533249
36.35580573
52.89886949
26.79269092
-3.04018060
-19.10999835
-0.09168673
35.14727230
5.98198435
-6.67126009
25.91710029
-4.23514020
0.85891941
19.33415704
0.53742512
16.90729945
25.93357595
69.18678915
16.52275407
0.00000000
-14.24438101
0.30525183
4.26314586
-0.60697731
9.58272896
13.02045602
0.06186050
11.15906747
-7.68945465
2.47000046
30.32103273
39.37782832
37.17779237
53.56816909
1.52968780
-18.79427126
15.13781264
-26.54399309
-5.40215065
1.46562857
32.32030392
4.08696930
10.08448464
13.34128475
8.01339341
0.57515276
25.14160021
16.63635525
-3.12723705
30.15379940
23.68749779
10.72902273
34.77769416
