46.64792830
103.13011169
84.87884349
63.24655670
37.29896067
15.09470427
30.72040167
29.17067394
57.59025811
76.30731349
88.83339692
22.48144170
53.52149562
7.48214002
46.29398996
33.78172943
12.80225063
21.41131959
153.28958978
103.53638751
62.58712485
65.42135372
18.98402335
62.44581235
173.31303025
16.23241046
93.62010746
88.86790125
38.43534044
120.61601434
21.87614537
44.01605241
15.64507439
71.29719212
-1.77322706
20.07931151
29.09716850
86.83355838
14.40259716
14.67940631
1.19988913
0.00000000
87.45669480
9.61520563
77.17733466
34.62964533
35.43919827
37.02114142
-8.76657323
12.08842560
15.75253495
61.79469930
42.59521061
15.60836848
34.84774909
38.22297605
75.92288157
135.52935018
82.91340832
74.79469580
62.28377280
41.11249710
40.14256654
40.22090809
43.31311753
64.94434493
33.91745204
49.94140079
17.57588098
24.44352083
34.21169514
60.36450410
45.66399758
65.58453571
39.57903630
68.76304820
137.85940743
40.26053434
71.38102776
29.12765132
33.51036434
24.03540948
27.30832098
24.22562308
55.46793504
86.90579841
33.20456239
74.30936742
47.14307666
42.28348697
33.91689583
20.36793108
21.24263955
105.05878788
101.13539043
52.08944005
60.74894768
11.95841101
69.84691831
85.89500525
51.58698395
147.20815221
106.84786083
85.73875977
75.42938346
20.86375058
29.49137432
75.04159609
77.40826265
31.99846101
58.92129179
28.97255062
68.73759250
31.53733143
7.71064168
33.66845831
0.00000000
25.10034212
21.61188979
58.13446966
65.55760708
32.31318219
35.48945821
19.46905098
19.78027908
-2.25124958
40.56264874
34.64644681
40.19566793
28.23960163
18.44356839
78.94369940
54.81213577
79.78525530
79.08584437
34.71448050
35.80867667
30.29299075
22.41211225
41.82379443
51.54634687
15.11685455
79.98412201
19.95731439
39.99460220
47.83902227
28.32310069
35.20458726
57.27498742
93.37366326
