-97.36253082
31.65236743
-12.86633797
9.42714701
-77.41340172
-20.29897687
9.36131914
1.03831169
-48.73851902
-40.34164665
42.21113966
15.22029039
-67.99976511
-12.60029768
-16.17693740
-24.42242951
-9.06395106
7.50914214
-10.81283076
80.17529312
-11.22467959
-3.00680722
-6.67237980
-59.72446170
-136.93630081
19.58233756
10.21787477
44.87661699
15.35804321
-26.26301999
-29.49006519
-18.52429301
-71.31994190
-33.95665893
0.52902944
-40.26087010
-35.25305805
-90.30237102
-20.35185616
24.82072743
-16.86974652
0.00000000
47.57416913
-11.90844297
20.77167265
10.30823624
-10.58778938
-20.81990213
-9.00496838
9.90607979
-23.73538624
7.64163586
3.90984978
2.12528348
-15.78294253
-26.64519294
-15.04587375
53.48979540
-9.56444504
-16.64922823
-16.94891730
-10.93426529
-27.92946462
-18.26463538
-22.91253643
-16.41383033
-19.37671740
32.18061658
10.17948634
16.26466057
-34.98523551
-43.52981900
-37.20227350
-61.28419875
-95.57698168
-56.51512117
-46.65362334
10.39860113
-29.24165814
-36.60930893
-9.80485425
14.72601229
10.31398624
-20.32412992
-32.50712929
30.35034959
31.15776371
-7.31945181
-16.93149960
7.65574505
-5.89751779
-13.11093483
9.71898009
-53.59375836
43.09284041
-13.82619857
-2.36351448
6.73787613
-61.32785041
-80.27577994
38.03523108
-11.80775008
2.30381441
0.79808555
-13.95967420
-29.11888424
-17.91852063
-57.95218627
-67.08103613
-13.96398641
-38.17264968
-7.46812617
-73.55571492
25.56084792
45.71482708
-15.18128027
0.00000000
51.02346589
2.06175880
3.16978760
1.17697501
15.01822163
-7.54703721
-24.01088848
23.49378655
0.56809146
-13.90280387
-9.77994265
-7.90619721
-9.36294446
4.79165517
-21.06737029
-9.20707470
-55.32879161
-37.28049581
-12.07141810
-8.87416460
4.47271291
-13.15296668
-39.96973371
21.78361695
-1.17081027
8.56850017
4.94054540
9.09588494
-69.23714774
-10.89866717
-27.87659718
-63.44995328
-69.35577651
