87.56155890
-56.84351393
-55.83360821
-41.91629133
44.78012552
-12.30927760
-15.48353466
-24.34608058
-37.64155197
-47.19841999
-60.75434250
-24.89780678
-7.00716450
5.24733710
4.77648540
-32.26356449
-3.12619018
-19.64622184
-105.07021897
-23.31148954
-44.41756703
-59.92736576
-10.09483403
6.90318070
-86.94659034
-31.44222448
-71.48989796
-39.53460592
-10.91320851
-87.58014736
8.27963769
-21.64643396
-34.37172456
-47.02557291
-9.91386920
-37.47268832
-24.68164397
-48.13585016
-23.20628206
-20.16458180
-10.65770394
0.00000000
-19.98180591
-14.62848495
-53.96522899
-23.06519472
-41.13636617
-35.24513802
-0.30969615
-15.20643931
-6.35740413
-26.77214159
-8.96987659
5.20898247
-11.18839734
-39.39979025
-59.48406237
-96.05475293
-110.46832733
-47.70913813
-48.57116502
-30.06247406
44.62120266
-14.34237445
7.52853065
-64.06660248
-24.16942689
-18.58922521
-21.49587823
-11.73415940
-1.38937602
-49.14050115
-31.90043941
-41.04880688
-60.55000771
28.76894737
-92.59020989
-13.50485555
-43.34200706
-17.53694654
-14.30828013
-25.04166517
-17.50049764
-26.61579546
-53.56282779
-96.75166508
-34.68179524
-34.15735298
-57.83074149
-25.79465977
-23.88989827
-17.46233737
-14.02948955
-80.93223368
-91.57478185
-59.53609914
-65.65666144
-20.35057250
-9.16816084
-57.67690637
-65.34767285
-125.53856505
-19.36573531
-29.95023880
-75.46647650
4.88289601
-7.40606018
-51.70275429
-49.79640532
-28.36566424
-44.57596899
-27.56174244
-46.07956909
-38.52482191
-30.98907029
-14.60331504
0.00000000
44.91514584
-34.85745530
-61.52183882
-24.11834164
-28.59068816
-23.35461556
-20.48059326
-11.21541365
-6.52422822
-27.35462643
-39.13644987
-7.72294428
-11.62037272
-51.54556714
-83.57243261
-41.98392554
-123.41075894
-64.34695595
-63.79571256
-33.10793132
-24.17326066
-10.57641844
-18.49801114
-69.80017239
-14.71609484
-35.41417713
-36.61460851
-24.51010375
-17.62080317
-28.59507189
-21.49884318
-57.34792527
-44.14445100
