79.70306591
8.79202873
72.15959097
-3.95793067
91.31522263
35.93797263
15.17438409
26.59576822
54.45600356
52.67080140
6.05402415
18.86771375
69.35051722
49.41960849
46.39519297
60.13290710
0.64519321
4.10562807
-16.35837792
-59.11765678
11.71022869
36.74286200
9.33123053
45.05229229
87.42573512
12.34276505
9.84168172
-2.04428337
19.92048250
60.68030463
24.75685850
14.72674597
20.21507960
4.67203244
14.67912747
-3.27950016
22.27494267
6.19580518
55.13322382
21.23517039
12.23935655
0.00000000
-3.48057837
-0.17739327
15.22536735
16.91300179
19.47367284
10.11646522
-2.56831507
12.37694449
6.63645112
22.71653533
25.63082730
47.43836428
32.45448008
30.09423577
17.42487556
-2.26783541
17.21890800
0.30515079
19.96944278
13.87377647
81.27774738
-4.47330274
27.42834197
34.60874645
37.74717441
5.21245957
24.37066386
15.15647993
26.80420094
47.86695017
10.48738264
36.54380901
13.21227056
50.31059092
46.92236262
25.21490287
32.01026357
89.57069275
25.30230789
17.85702508
24.42022026
51.45967091
42.54071116
27.16075621
42.38198827
25.58511469
53.30787608
71.15348022
57.43371615
16.32482750
5.38915312
6.74546698
18.06184653
9.81094900
31.62920986
11.25385661
25.92454172
116.39429668
39.98815410
13.93349885
-2.22388696
29.83147321
45.70522166
7.30892769
16.57956429
22.76117562
20.81073306
1.54879510
21.99609328
31.38206623
46.29253479
16.65897840
41.27206716
8.96068223
0.00000000
38.99189348
24.67347202
24.22383758
19.34956214
18.33008487
14.75212259
26.81705780
12.51389946
14.36637751
3.60564883
49.73976992
47.98546569
41.69431543
77.27350592
24.99586255
31.30611816
17.21699762
-8.02978852
18.81571835
12.13960601
38.03765975
3.60634415
19.82252868
27.79682950
20.25026858
0.17788752
38.51615295
19.47400321
-9.17864949
43.28412485
44.20269080
40.72572527
16.24997726
