88.41840466
-60.40774730
-36.41123999
-41.96807740
63.45256485
0.61634839
-27.66914331
-28.74792953
-8.28764012
-29.45710639
-63.37780306
-19.64962405
18.24308388
5.68129663
-4.27618922
-19.79737383
2.51411408
0.74446074
-111.74589515
-74.22381930
-47.88474300
-38.74272600
-8.59529083
21.21605856
-66.47327510
-23.04264762
-93.65768054
-67.63148981
-51.69409392
-69.06224532
19.87120384
-18.66211472
-6.07734009
-40.53090273
3.34022928
-15.53458673
-19.91859136
-45.91334179
4.05147314
3.72419322
-1.04488564
0.00000000
-4.26779330
-9.41254155
-43.85411188
-34.91082379
-36.11423858
-5.16005396
10.14795153
2.31002280
-6.55621542
-12.74420499
-7.52491795
13.32782847
-23.14284174
-1.49675322
-62.21170779
-100.66964260
-101.07540902
-52.98168171
-34.36221771
-28.84813245
58.13527005
-17.17320293
5.07994954
-38.68530350
3.38218395
-39.67887044
-19.00062119
-45.12586460
14.43749627
-19.23227502
-30.71153819
-33.20665914
-8.84855748
26.59981008
-59.31461566
-34.90123347
-53.55959357
-1.36890017
-10.16434532
-17.58771001
-22.91198203
-0.06428547
-29.82632018
-88.85973600
-26.32957935
-24.52117578
-20.62559303
17.38077787
-11.71402310
-5.24336717
3.57289509
-73.88938119
-97.00090828
-38.62014040
-44.81073039
-4.12455331
12.54908266
-0.28296488
-45.76699229
-128.43484355
-56.63172886
-59.57141393
-62.65500398
5.76184222
-23.36048081
-37.37406551
-65.30846189
-14.31219471
-43.68531924
-24.60189599
-42.78854823
-14.19274341
7.05115401
-18.35647462
0.00000000
41.06426503
-32.67982904
-42.89359145
-50.95892632
-41.73333223
0.31185720
-8.52501847
-12.35707038
-13.01783844
-14.35092049
-9.06634631
3.35228212
-19.09000004
20.87705613
-56.56239221
-35.36596847
-90.14970977
-69.12545471
-37.40876743
-32.37239104
12.12567025
-13.14069999
-3.75192137
-46.29480770
-5.00641996
-50.62132787
-23.66625846
-32.62949622
-30.66895138
-3.26378366
-11.54760531
-32.51564194
-26.26496608
