-29.34727702
-43.31856647
-32.52900871
4.94110494
2.19142947
14.46018245
-12.24915855
-5.75571475
30.93616969
25.87250449
-40.93487522
-13.82190333
-23.44646577
-6.34038693
32.91468216
17.50932596
-1.78483551
-6.17631166
-32.86566767
-46.48657065
-28.41694797
-24.85466540
-16.39804888
-22.45663564
41.13082066
-23.24680029
-25.34118015
27.46498815
3.23326318
16.59169288
-19.37100329
-3.62467691
-22.93989827
5.09753801
-9.70028011
-13.95047956
-28.89774253
2.37768343
3.92514517
-2.00577728
-7.14267007
0.00000000
-48.07103717
-10.67908142
-32.78399115
6.75767078
-6.78308028
-15.57841821
-9.38668291
-2.45688580
-15.92040304
-23.39734833
-4.74079067
29.81389934
34.83495752
-9.78578475
-29.24464686
-46.90711642
-62.25256745
5.28796533
-27.26422370
-23.21295640
-2.12698566
-12.86815825
-1.65946625
-7.69666331
7.75963420
1.98822209
-7.96525476
2.18505311
18.63399276
12.11012627
-25.69991585
23.00245091
-25.14957023
-64.61763332
-61.96473385
12.22794566
-12.26520940
-24.08438008
-10.70815749
-23.12642897
1.07645256
7.85525498
15.42097585
-68.17104237
-68.04425043
-82.35415524
-66.36360608
-41.43069470
-7.34542913
-26.53312449
-22.97337772
-68.78889521
-78.10312830
-26.57464968
-20.63128878
-11.16710682
-75.33090212
-62.37833870
-116.74587438
-82.72533105
0.81197447
-12.83178101
-25.92435114
-21.65171286
1.65852461
-29.48267312
-35.28683985
-14.90319170
-46.96339601
-28.86875781
-69.87002796
-39.02885024
-54.56845252
-12.54716237
0.00000000
-37.18548897
-0.13698032
-12.69806085
-1.62463549
-12.71119154
-35.21378275
-32.81539255
-19.60727122
-4.85980701
-19.95741088
-50.43670495
-20.24596805
2.93545798
-122.07382530
-56.20928721
-56.83934469
-66.94542106
-47.69398283
-32.26184719
-22.64056022
-58.87591439
-11.33306584
-34.54510974
-35.61955074
0.23492061
-22.31290674
-58.38113161
-16.86548111
-46.03730017
10.45001905
-39.76904707
-47.00550483
-31.20061045
