38.58797308
35.29225620
6.93483648
81.60507314
7.48340758
0.32603990
23.21613529
14.33418641
-4.31328398
23.27084974
83.19611351
22.41974888
38.65020638
1.01429601
-15.09402373
-15.56499174
21.69766836
18.90609416
52.73154275
93.54386672
45.85693077
38.71628712
36.69872296
43.45344943
17.38164465
74.76965051
87.47830351
86.86666857
22.89364655
73.91963511
27.13424895
0.83477206
107.90589163
100.43689950
40.22996027
79.39161409
38.90256978
70.58083757
-20.81463928
-17.72468046
30.25993388
0.00000000
-41.02946699
33.17719160
45.16843814
25.86086974
47.27306965
25.74503263
36.22882993
16.04740977
33.05487772
-11.09248217
5.95674965
-7.86772206
-23.06643955
24.79358667
78.80276146
59.15965037
110.93861632
85.80620504
63.90284190
39.28435115
4.21600400
43.63592719
28.63292608
63.49018576
2.39567535
57.63542735
5.17652982
9.52746835
9.44864918
20.24809626
57.72705987
49.54174177
129.42744759
42.18676589
-1.49273149
-17.17207939
66.35139963
-10.66249277
5.38017957
17.35814904
8.40974954
6.77620319
38.06158055
73.68241614
25.87655171
48.20128833
-4.09422877
4.69095049
-21.82304421
48.14701148
43.85439399
39.86607585
25.74155981
36.94235886
36.52200408
31.92766707
43.33045848
-16.35986302
79.83487790
112.02663086
44.51120512
5.14348054
41.72495226
18.51632261
9.98077460
71.61646134
75.92029308
23.75310137
72.27142664
21.07588802
20.81915786
31.87549987
15.20064731
26.74323233
0.00000000
-155.86440171
32.82026446
48.17757308
17.09459793
33.29249826
25.26503730
34.96829922
23.13224234
3.30199232
14.16397789
24.14786693
1.31812018
-7.23280822
51.38340320
57.70136934
-4.74705166
48.80752080
67.96049805
39.21611424
25.15964908
5.35489367
6.89381227
20.45753399
62.20191724
9.95004053
61.59500346
2.71663051
-0.10639264
25.56539467
14.15728702
12.65767868
42.47308096
101.65191909
