92.49828515
41.55324589
24.23714211
-0.09648491
100.40652030
16.56343257
17.63108813
14.97178021
38.67319462
34.54330488
35.06351936
13.17955895
50.45311646
51.46446608
30.84493108
40.69445848
-2.41065226
-2.06758625
3.02189330
13.34355567
6.85124402
67.07500754
-0.21139900
23.56512826
-9.00337442
-6.62299777
0.10900143
-13.06289597
10.25321797
46.03584251
23.26414220
16.03002788
8.36680581
-24.35566211
-18.43503230
-5.01225018
0.14918214
-4.58622655
45.71718400
16.24430875
-1.40412570
0.00000000
81.73037244
-1.07971830
48.10144441
0.75096346
8.70555680
-3.95354911
16.94604368
5.50799203
-5.48332505
62.67603185
3.97019606
61.15830745
9.82572908
-17.04162223
-7.09228772
70.58047600
23.67770130
6.68850904
-12.30108678
13.47041940
64.52567489
-8.28613972
23.14736146
42.54731633
42.14211326
-13.37613958
14.34645113
2.71272070
34.27576223
24.01743088
-5.17359336
-6.12325158
2.82733076
49.20021866
71.33327303
17.23725711
-0.11135691
63.00656530
4.95650978
-1.26245816
10.39061885
32.86123978
8.37276954
27.31889526
8.57077744
4.89497605
24.15649061
26.65082825
31.78896260
-23.56318693
-9.21475641
11.12598637
69.65051747
7.46278861
51.57767875
7.45553119
29.33235903
13.82379379
-0.40155546
10.43680091
-5.46198474
13.38990850
47.39062582
9.08181358
5.01297797
10.84965794
-14.06379075
20.64814741
12.95437033
15.04871464
14.22499832
7.01424976
-1.30735917
9.38160280
0.00000000
117.86117487
6.52335507
22.38317819
1.27439759
15.33858899
-6.42337002
-3.45411447
1.81331133
15.82685187
25.99319595
10.48207769
32.38752492
20.39458716
12.10291123
-12.12363784
57.93773277
11.13807740
-26.99745489
-5.04858657
6.42568444
32.68723610
16.00420515
13.64266714
33.56053144
13.71777500
-8.36288864
13.71680039
13.03104293
-23.69456809
27.65562826
21.34598001
0.88370540
22.00829612
