22.35252140
86.32037658
31.60895854
11.63172628
9.81998700
25.10355628
36.48178680
20.29784047
26.70133930
21.59210648
94.27620794
36.71823768
60.10494455
71.54917450
37.18756292
31.74957891
3.02871975
9.51175151
86.86557722
101.76502227
13.94712331
73.48513742
10.25920287
33.02247778
26.98036219
16.29512810
17.33367064
-41.84129897
-6.10198803
50.53667850
27.85319050
20.06182264
41.86512010
0.94892024
2.51857081
19.43770307
-0.04062249
19.66954670
28.02554935
49.26205403
-6.25643940
0.00000000
144.82963833
20.93936918
87.06156330
-5.24547945
26.91504180
42.53956917
17.41694501
0.59062874
9.42762063
95.95472485
35.68189101
23.73287382
20.02066615
62.39711361
11.36640016
130.96759575
64.96532065
6.62479265
-12.13310275
28.76108400
26.42329764
28.13238478
22.92996515
55.76084669
30.02911652
-13.03739878
15.67690312
0.59416217
18.83581408
28.93193453
11.99449548
3.99477789
35.75170357
38.31675941
48.31945125
-29.65766192
-0.77153346
28.84651719
30.94715050
37.42140889
8.79959059
39.80411747
41.18922043
102.40276553
50.90823198
60.96500489
27.19430031
68.40181380
39.63429360
12.79327891
29.32175743
48.39798943
109.22334651
15.74751519
67.83566012
26.47508221
35.51492588
100.45589310
53.62528082
29.25045391
-50.28201652
-7.43209721
35.03545185
13.21247029
20.95888645
59.49165176
39.69988754
40.01211386
39.56539540
9.97219604
58.47588617
42.50762887
40.85148274
5.48815449
0.00000000
22.64522460
44.39114740
59.97598071
-8.29304439
0.67602694
39.28268740
27.88970884
9.62423253
2.26090896
40.05886429
58.50718237
38.53423834
26.72149972
117.63512283
39.15477131
75.95405595
77.98122008
10.74753188
5.64721670
26.04866391
21.85215418
26.03172827
10.27017075
67.24368393
19.79800739
-14.11569364
27.95555667
13.60820217
35.51891843
25.00471247
29.05142966
30.49083174
44.46533801
