117.44548836
0.24202360
75.87753019
4.54396210
108.82955587
20.41427806
16.59814806
12.52758924
44.29314205
50.76655818
7.60103752
15.71492658
61.10313008
32.65253248
38.74985610
47.16098435
6.18180460
11.73114491
22.44251529
-7.61122683
-3.00459411
42.63011562
1.22779613
33.52180270
34.23140688
13.90649698
13.92908194
-21.06916163
12.32926538
63.32917032
46.73401501
18.50042948
-2.90557770
0.02398881
10.97070602
0.17867127
-8.06719483
-2.21070986
45.01036465
17.49263228
2.27383207
0.00000000
20.76249919
-6.19669771
10.25072411
6.21678218
17.09898334
7.03571438
14.27939990
11.15584370
-4.97661287
14.73148298
23.76283342
60.19278409
20.17358331
53.53024330
-2.78515977
33.46335611
8.56211917
-1.81430870
-7.70727528
4.70176374
81.32506081
2.29142094
32.26445091
41.38771488
43.40296686
-5.11935239
20.66509173
9.13845648
52.38529516
38.66225122
-2.40821354
14.07485118
-22.89431470
40.21106376
3.85404165
37.07314597
4.41039502
34.54393922
13.94415584
9.67968657
10.90266181
40.40751879
39.92354353
35.50745622
47.91855230
42.32275387
62.29246398
47.45000450
44.23102406
-5.01976051
14.43938162
15.21555092
13.81934727
-0.55702351
38.15809959
-3.49496246
21.48278936
87.62533677
46.16594433
25.33005522
-13.01664230
11.89891609
54.76652527
9.03778915
3.11186905
13.71584049
0.82110919
5.16280859
14.74436141
19.92284870
25.69304380
17.75154386
67.29588696
7.00811313
0.00000000
4.12815395
0.33571722
25.07322057
13.22676899
16.62151161
11.21917355
8.96692671
16.12150120
-2.47793867
-11.61744363
38.05232166
27.01827348
42.80070516
76.65805028
27.29621050
-10.19149454
47.14281757
-0.44909033
3.51388073
15.18865309
34.48563410
1.26084800
4.38900721
46.12955002
14.53959810
0.32875712
37.74504329
22.62416043
-8.56945535
41.23254227
37.55769782
31.58310316
14.32185442
