61.57876700
29.54811645
45.23785327
-11.63193162
29.00907725
26.09965786
21.64876184
12.49348407
27.99838703
20.68122905
21.04499137
38.16270251
62.50021338
37.66409548
32.99706817
38.90915290
3.22648449
7.94651962
33.48929380
-16.29630556
27.57305155
66.66182416
3.85372832
45.25827308
61.86182660
12.60564497
4.33578803
-36.81891926
1.26469588
29.93379572
10.21337186
45.94327076
29.11173942
-8.90295386
-18.22718566
15.78514704
8.97397368
22.19065146
53.92956459
50.67806041
0.61748349
0.00000000
76.77677362
7.13893079
57.77896020
0.42648478
6.18355700
34.25803669
20.39796936
13.08791396
4.80488982
60.79181865
27.57968825
31.52559369
12.86832584
57.31895810
2.07863620
52.46448418
28.30845694
32.06947356
5.81448291
29.92482811
48.50128350
10.36212032
13.04409975
44.31370507
39.76559685
-3.21689074
17.40819179
8.08792996
6.93615380
18.66309007
1.84220504
19.69215525
59.81122796
74.87434507
184.02380634
-10.00569399
21.13661654
63.57734920
31.96543992
32.42060207
11.70334784
31.01670700
14.59475151
8.61876214
84.19981018
147.22284752
122.15435978
97.12315447
54.38214062
-18.82518736
10.15435699
47.67303143
68.94541746
49.80229516
32.63775729
12.86008160
82.56035046
99.58728363
76.92373169
40.40748394
-27.22516015
34.18928869
37.05704832
23.27564039
24.03290214
55.08674004
-12.51877562
16.29348042
60.73335726
56.31883910
99.08251452
100.54795387
73.91328609
39.01446373
0.00000000
193.83356567
18.74434652
12.39181771
15.68350168
9.26907905
35.99809536
11.56916749
18.38170991
-2.96895033
42.98719777
80.38170976
62.03566847
42.38551298
126.30333177
33.41510849
76.66692583
26.39562576
30.17027105
36.36200191
13.47508861
74.22434422
30.48626930
35.13230646
26.84831736
17.19543447
5.66651235
65.48911516
35.17049528
31.22617844
19.88726825
78.30793128
50.70927513
88.45479994
