-93.06763067
-41.21517267
-89.48216372
-21.90746986
-62.99146903
-16.93397096
-9.26879042
-11.34774058
-39.82850751
-59.85119475
-28.25674034
12.26820625
-54.16729735
11.04186882
-23.56986804
-34.03743654
-19.05754938
-5.60859494
-44.15720546
-5.91745330
-28.92917662
-54.49400526
-19.12710554
-52.40971632
-118.84328549
-1.91055743
-45.15356914
12.14583198
10.14071312
-86.04345012
-32.64833097
-32.86085799
-86.03850417
-66.24072256
-9.34605588
-50.77969719
-48.74889888
-95.29393533
-9.46223878
30.25428385
-21.47490549
0.00000000
-6.65382627
-19.84375103
-29.72085806
4.76954235
-34.03824765
-25.07813415
-32.86032720
-1.77154788
-26.71218034
-27.81683585
-7.53566684
-9.07814916
-17.85252778
-38.52942891
-35.57903981
-17.32458107
-61.87958252
-51.04960431
-48.65926695
-25.97799062
-32.52512928
-28.85987972
-17.37947943
-52.45395299
-36.41454555
4.86698178
5.84615256
3.96517137
-43.79698740
-43.08489415
-57.25199388
-67.00264696
-108.59543815
-51.63231911
-81.86458960
-32.72416191
-55.59103007
-24.74339448
-11.87628833
-14.38865194
-9.84843882
-25.29848337
-39.66840764
-19.55561081
-22.80766413
-41.66727298
-41.15269658
-30.19615987
-27.98074153
-6.87313501
-0.43285947
-75.64748591
-6.47526438
-39.87480092
-42.38654633
-10.96719325
-57.78878037
-89.10703018
-35.03191600
-82.91579585
-49.44353450
-33.94680490
-54.05999643
-26.55334410
-7.78533545
-86.57892182
-88.36381341
-30.90674411
-77.34101909
-33.26301795
-90.91193488
-2.92104136
-4.66269607
-38.83379952
0.00000000
60.45091061
-20.32756864
-29.29869927
-27.52019826
-23.89961854
-12.70059504
-37.25986200
3.95015407
-9.89499048
-19.94896230
-32.89679042
-22.00500840
-26.78148146
-41.45933441
-52.59318423
-27.05514164
-83.72952595
-60.12691373
-41.12623739
-28.90108308
-12.78997826
-20.16672534
-29.84907620
-30.52345839
-10.45665435
-37.22877642
-15.78268789
-14.21821959
-57.54097240
-21.56636030
-47.87459703
-77.15543747
-116.80538177
