32.82231123
6.54423136
-8.51329698
-24.56350880
22.43355156
6.03463132
-0.82516396
5.35402048
-9.55350526
-6.52669031
-6.37173394
-20.17116330
9.18846968
-33.18286396
-16.29057572
-12.86234562
-4.40241535
3.00486788
44.97316863
-18.68007390
7.95433373
-5.87681090
3.90765634
18.44935298
-27.79065795
-4.73869004
-8.58072712
-50.93792571
-33.18886361
21.67684406
5.05833844
14.77213215
-19.82713758
-3.26508950
-3.43929964
5.84934335
-2.93271992
-7.49652096
-1.49265095
-17.66721744
-19.58361053
0.00000000
14.24364163
-3.48024222
13.21375243
-28.40982915
0.72249626
12.56974351
-7.97660169
-4.39664781
4.87875060
3.58843636
-5.88035361
-3.60696369
-23.18766735
19.20241663
-9.24985689
35.81531649
3.19123875
-1.22769556
5.04841349
8.24308086
9.23342619
7.72491625
12.57164081
29.66418586
4.57291109
-30.61393221
-3.16269857
-19.54721466
2.95710056
11.09808477
1.89160935
4.07478867
-16.53270594
8.31642747
-1.04372424
-22.68394312
-34.73091982
9.22663216
13.42614523
18.51693140
-3.83383514
9.44459594
12.78552276
-3.24794327
15.35356363
23.10035849
32.26179092
31.13603128
6.80863973
-3.00367984
14.69424799
19.07277013
-24.66977149
-4.33115580
-17.09088227
7.61395195
10.37531671
55.20224445
50.01967025
11.13213626
-52.41577482
-38.66568713
28.07066582
2.77814231
26.05063324
-12.94710847
8.24035866
2.04448900
8.88481285
9.74959776
31.74891897
38.84552459
38.13670456
-19.16985435
0.00000000
-45.49740125
22.99801661
-3.31316891
-36.96287109
6.04273474
12.17788473
1.95019724
14.15143473
0.01312938
-36.12798574
20.11607619
10.37233673
0.85251728
96.84952440
21.45233567
-16.06068097
10.91273566
1.44331217
0.57438514
1.69541552
31.14474240
11.54702051
8.45803824
31.63781959
5.03898669
-37.92786763
12.71763684
-12.35822907
1.47167329
23.57431252
24.20140811
36.47777206
-13.43428752
