-232.61577560
-107.37601006
-65.92361228
20.31825236
-173.62265072
-12.15992655
-13.38656844
-1.96550097
-20.54881500
-37.77543822
-12.30623724
-20.43592527
-130.89394314
-97.13595827
-53.18809087
-30.82231790
-2.53364798
2.34149407
-70.02851484
-10.28560142
-35.04216674
-68.52020338
0.33695975
-84.55012526
-25.77369674
-2.98696208
0.35825710
53.40816510
0.87775947
-55.10389205
-53.07466307
-4.37940104
-7.05194101
46.13773788
40.38396373
-12.97187063
-16.47518668
-5.35080311
-51.32396381
-31.24640535
-3.55194685
0.00000000
-120.73416724
29.69769707
-48.54511019
7.66201347
4.22149595
-12.52891314
0.65606699
-3.67639106
-7.24805802
-124.55665656
-43.18266312
-53.55622451
-12.72102606
-28.99026070
-6.99075470
-112.20279743
-28.56323919
-36.64720920
-28.19680740
-29.11614772
-147.09327192
0.62243676
-42.64428553
-33.93812220
-34.96246935
13.07940080
-18.53369544
2.32922366
-42.38844996
-23.35068651
-21.15511465
-14.91062045
-11.84445902
-137.73352640
-112.53447781
-19.48061192
6.55004063
-57.95535635
-11.56006275
-14.37466935
-15.32631203
-16.95099291
-29.96127892
0.03646427
-27.40595563
-35.19470878
-17.29982420
-67.13161254
-24.78870242
-11.20296455
-24.81398322
-58.34959275
-13.30046975
-15.44883941
-37.88388479
-7.95602580
-78.99517561
-94.90177774
-28.00196310
-20.95847727
27.10355808
-9.93189932
-34.23597823
-29.83213634
-14.66222168
-52.65353227
-8.10572889
-9.11704854
-32.48973670
-26.88028078
-53.61817360
-5.89896245
-1.16817578
-10.44686305
0.00000000
-133.77134854
14.81024530
-15.12280457
-6.62364433
-11.33876875
1.66364121
-17.55038423
-11.27226516
5.87923306
-23.12590939
-34.69624089
-58.34729748
-27.74080176
-63.46604782
-39.09441003
-61.92046218
-32.26407603
-6.93229171
-27.29825959
-15.17754592
-24.53021524
-12.90866492
-24.23497324
-9.07895500
-10.24456860
7.85427270
-26.29079376
-22.67532367
-9.57104271
-16.75153525
-50.49153386
-47.55227524
-49.49790073
