91.82941409
25.47257019
58.76462060
3.92473144
102.67237519
29.09310195
18.00010943
23.43479317
61.67910734
56.31706459
22.79894788
14.80666533
51.69999268
49.91188751
40.26419180
55.59314480
-1.43675304
2.44134173
-11.25548723
-34.41508439
14.96843306
55.46435658
4.88240495
37.04867816
63.76778136
5.94038292
11.48328863
-3.22912461
17.69106966
71.10871019
33.91728396
14.69843124
31.68462074
0.46730148
1.62002062
-0.33289325
23.47376164
17.45610604
54.35223013
21.58684580
9.58343014
0.00000000
40.96874116
0.17088469
29.09767674
15.37901485
25.53556982
3.20637434
14.60239158
11.83394971
5.70505050
46.42250373
17.68169246
61.21050498
25.06882406
3.53958096
15.33250209
34.83253614
28.33672516
16.87616431
17.04104935
16.74295097
74.69040920
-5.31805739
27.82817065
47.60917020
49.06812858
1.03557230
20.56101714
9.93457465
36.37572808
50.79611392
16.50789466
31.05560312
32.40934472
55.57155891
76.04273643
21.30818729
26.67725505
82.63515388
15.52744806
8.95160031
21.44701995
54.22777167
32.72095376
24.25867397
31.78509534
10.63006088
45.70856298
55.00998996
51.64666574
-5.03237392
-6.81216781
9.87628973
47.88306517
18.30890551
41.03362639
13.46924892
32.27075871
78.18497049
18.89167653
15.51722614
-1.41407201
30.34574735
58.69530282
12.78434435
1.28481286
23.97284950
12.76574228
16.27446242
23.05440478
29.34082507
45.79938257
9.80215123
23.17774497
14.02315886
0.00000000
93.85155026
15.93989666
22.85705579
15.28665199
18.21160217
4.47342865
19.21157286
9.04868050
20.01100224
23.24125140
39.93654099
43.99476983
36.40706015
54.63337710
8.19391606
60.12275454
9.86018010
-15.52579626
13.47172897
8.72947100
34.54365171
10.23085020
17.75990214
31.04649260
19.37284042
1.71530195
33.04348028
21.88570695
-14.11129103
48.11719664
41.67965451
34.91716558
36.55075018
