0.01472356
-26.83375644
-3.79117508
-28.37531468
7.70321963
-13.20612238
-10.20350786
-0.57072243
-36.19252367
-53.41122332
-55.37916346
-9.88165436
2.70247074
-11.55862340
-4.65816407
-2.84579583
-14.57635305
2.57194328
-98.98608457
-48.73956767
-31.59865691
-55.25839837
-6.71765812
-11.55963950
-67.42869585
0.31197187
-40.07865707
-13.27173726
-22.27922491
-76.35028399
-3.64763917
-13.91299604
-54.03366399
-52.71606076
-0.63519411
-29.10190123
-8.22686315
-57.25031387
19.03692969
-3.38291450
-7.25600798
0.00000000
-13.60239289
-13.49098181
-40.16629002
-12.58594661
-17.56936640
-0.30701051
-19.99374015
-1.31309753
-10.19514834
-48.07836934
-1.70211001
9.68894261
-17.13131892
16.06929245
-24.71232383
-96.55981881
-89.55231373
-46.11547110
-5.99076674
-37.49738033
48.57115133
-14.01098073
-10.26636554
-48.10475322
-20.55696666
-11.50864145
9.44289103
-12.12664155
-26.28138692
-30.83449221
-16.60816093
-54.50674609
-72.84623046
21.69659061
-98.39530051
23.92260225
-29.39301504
1.58431205
2.11706011
-0.04530539
4.96810382
-25.83058245
-40.74699349
-39.18312810
-17.27430707
-11.33366625
6.42128353
12.02387155
3.51235750
-14.57321530
-7.48970264
-67.84425590
-87.80741750
-60.77024753
-40.88433568
-16.47984270
-4.12344509
-5.62800726
4.35624044
-54.24619302
-1.02712144
-7.88017319
-42.43371789
-25.18479560
-10.92895969
-51.67883601
-43.35981194
-18.96477323
-36.83749482
-19.90926410
-39.08343255
3.69168654
24.82249132
-17.73578638
0.00000000
-74.84141803
-24.34843957
-32.10223827
-10.27105281
-6.06424540
-4.68925190
-10.71481234
-1.43896634
4.56352718
-61.75800407
-4.61956892
15.36566379
-4.05946011
33.30729853
-26.28151609
-69.60094767
-66.03316828
-39.95655281
-26.09103058
-24.76618175
22.33838481
-13.83602867
-5.24406941
-35.54794483
-7.61384435
-16.19126650
9.75131131
0.23430842
-36.71085492
-22.77041393
-23.31127264
-38.84115370
-85.51605563
