72.97405249
-61.35818604
-15.12203417
-43.05381512
55.69753051
0.75693670
-24.53993257
-19.14425086
-5.82504479
-4.98260175
-44.95745286
5.99367520
50.23972413
46.00175433
1.63308926
0.99551004
-11.94131369
-5.44945734
-116.53189988
-82.46330653
-41.80858943
-10.68158627
-8.45499054
18.84089434
-38.83966235
-19.74392760
-75.96289705
-44.96705384
-32.85380217
-62.59822500
13.62697372
-16.98017086
-19.53857818
-34.20586728
-3.29865362
-20.43119901
-19.25838963
-39.07531930
25.65729642
19.26923412
2.59257261
0.00000000
-20.31332827
-13.37782431
-25.23346248
-23.62718757
-34.23470414
-12.98761645
-15.00205316
1.25815441
-5.90973210
-12.52913344
-3.24768733
15.55236663
-14.06630296
-11.92342689
-48.43702830
-101.39955174
-84.57163808
-67.04769920
-28.36291514
-28.08844020
64.91237030
-20.65880216
-5.84836199
-37.80308347
4.10239504
-28.57605664
-9.05233706
-34.68417981
8.75713537
-21.50936014
-33.56195820
-30.30354947
-18.60999585
16.49535577
-38.26582682
-23.62903203
-35.43902522
8.16094917
-14.35081871
-20.38302649
-17.48989801
4.41522400
-3.87902902
-52.37275808
-18.97395540
-49.37315191
-19.01429579
9.13070669
-10.34951133
5.20272356
-8.93313103
-59.94481470
-85.82690996
-35.43412210
-12.95816951
-10.23881246
-4.66961661
-0.12592677
-55.11472025
-110.37837965
-47.60925521
-48.77574085
-48.28505294
-7.04409994
-19.66330019
-42.92592524
-57.82868567
-26.65378429
-62.36356294
-26.97327793
-55.34061346
-26.18521836
16.67883540
-21.56181388
0.00000000
46.69424061
-30.47240219
-16.87095732
-34.17455249
-35.13059852
-13.89414584
-9.65575884
-17.83811475
-16.43478035
-13.63366516
-8.99071681
-4.35448026
-15.43921138
-9.62834312
-42.31565631
-36.00627605
-67.14058276
-58.41362876
-30.08117587
-27.20213948
-1.11141164
-23.04594672
-6.97277913
-33.12093848
-3.34188595
-40.30275537
-21.01802486
-32.87862950
-39.08662778
-3.91749051
-30.20568762
-39.38508419
-52.17245483
