-109.85283408
-125.42306723
-146.52674556
-24.56662330
-79.72043366
-12.61442813
-25.43514312
-20.13956777
-42.76100069
-72.83571817
-107.59337564
-3.14698516
-63.43744426
0.15949278
-44.35473961
-47.17928898
-13.26871889
-15.16000821
-89.16884020
-85.69939631
-50.61322796
-109.40192659
-33.27135880
-55.26915226
-97.46154587
-17.38868802
-69.93375881
5.67000451
12.44667534
-133.16380628
-36.88129264
-31.15780404
-51.87573852
-48.84314648
-11.01397178
-31.04246483
-41.23216725
-61.21362344
-31.10355753
5.86609456
-10.66299376
0.00000000
-118.10059500
-25.17445141
-103.28016738
7.67205703
-29.27968642
-28.72242033
-29.01299819
-13.19836508
-23.95151197
-83.72269232
-26.35781924
-41.57050200
-22.92327576
-86.47404643
-42.20141007
-137.45004101
-86.00230505
-73.35166576
-68.08744193
-40.84258268
-71.30485391
-32.40062925
-19.20848204
-89.21386792
-53.08254314
-10.27137294
-7.16895080
3.17212817
-49.55332731
-45.90278208
-55.01994685
-59.53614019
-65.68225733
-64.68129355
-128.31318138
-46.10466137
-36.92787590
-33.22959601
-23.31313318
-40.54941003
-24.71685854
-41.92571885
-61.53837171
-105.27618057
-67.21191827
-123.18956101
-71.57780315
-88.30874942
-55.29583429
-5.07563439
-14.22040737
-97.36150336
-81.53729475
-66.26602351
-88.57605039
-33.76733093
-64.35787630
-134.79199064
-88.34838100
-120.86516952
-44.78263628
-35.65715158
-94.60125709
-27.30597754
-12.21672660
-69.45961045
-47.04954509
-30.40255143
-66.59359070
-61.75245247
-94.74229171
-54.59159499
-64.14095811
-36.09783540
0.00000000
-35.20123617
-43.36561449
-75.11518447
-28.52778295
-42.81610261
-31.16687465
-31.42537998
-13.00474806
-14.27482091
-30.32092642
-61.45383730
-43.66182317
-44.93452639
-113.66044563
-74.90991224
-74.79668529
-91.58817779
-56.74699219
-61.28408600
-47.01145352
-61.31701628
-22.00138135
-24.54084940
-99.51014207
-25.87338599
-40.84688913
-38.33719524
-28.27686820
-32.13156619
-43.84582590
-77.00294803
-69.59064337
-98.27057272
