69.52052395
-26.84634778
-7.60828871
-38.98967263
60.58425634
2.11257768
-9.23886447
-5.86002669
-5.55718238
7.70538417
-14.58362809
21.10297276
73.27451370
72.38162661
12.69080526
19.10473789
-16.61245756
-12.57388951
-80.05402918
-40.72531456
-29.77623576
22.79854878
-6.06470771
15.59110668
-48.30955077
-22.55359150
-51.76871952
-27.18535336
-6.10898293
-46.86681479
5.24109578
-4.95026637
-39.89776819
-40.17958827
-17.21559344
-26.87937671
-27.67058078
-41.52245720
38.03775657
20.42672202
-2.57929341
0.00000000
7.92666107
-12.37793501
8.95249792
-15.90953465
-33.29118185
-19.61328291
-25.04923700
-4.18384009
-10.92934057
7.91120777
-4.13457678
26.01275018
-4.68716843
-26.43440514
-41.70059359
-46.73570758
-57.51156148
-65.99988891
-37.54953705
-19.36318789
63.47292262
-18.42564259
-2.83921590
-25.13643738
5.53428464
-23.09326082
0.93133363
-15.45493021
8.77859713
-27.06650866
-41.48234898
-39.38221458
-49.62374728
21.68732520
-9.42338235
-3.70902732
-26.69914974
24.70407002
-11.51145453
-18.34536568
-8.98272557
1.57260504
0.01695430
-9.47371706
-15.97546304
-41.64217317
-15.56490487
-3.21630055
-3.51797222
1.95502904
-13.89142179
-32.15489472
-31.49585781
-32.56022350
23.09416217
-13.97635441
-5.17098659
-18.82673495
-51.86700562
-69.57720021
-27.45405887
-28.03444932
-24.14779503
-10.26235906
0.98194215
-37.96145601
-47.61453061
-22.99662520
-54.85471507
-19.94777011
-54.04603707
-25.98647572
5.35523854
-17.80297447
0.00000000
74.59470308
-19.29541333
6.80433093
-16.97670184
-16.98606536
-22.32967594
-15.26301925
-18.33413231
-11.08372390
-9.49903214
-18.30583253
-0.56425532
-7.61838847
-40.93884263
-35.33612632
-18.19817977
-34.90153973
-48.24171037
-28.49119699
-13.60434054
1.97491745
-13.80288000
-3.76358422
-10.35432428
-1.30102629
-30.94431800
-20.27644271
-23.95370610
-37.54337156
-9.15767748
-32.54665230
-48.78169120
-59.38063186
