-131.92080756
-97.93393854
-150.21339094
-16.36885376
-101.57139293
-26.83344275
-19.66786191
-44.83985305
-61.31688169
-59.72436710
-32.32265667
-14.47954966
-47.93323557
-21.21148850
-46.75363559
-49.14079062
-11.16220769
-18.85672654
-66.69852273
-40.50953949
-37.33706864
-60.21357385
-1.82854986
-46.66749315
-63.24422247
-7.54335253
-48.77227180
-31.00897823
-48.54554389
-77.13389830
-36.05962583
-33.89545948
-26.65773508
-16.85371701
12.50085787
-23.20401143
-9.40930658
3.25527924
-42.62421449
-27.31451521
-12.37740449
0.00000000
-90.09783252
22.57018507
-42.92020316
-40.64505534
-30.45782475
-14.92051020
-4.38633254
-18.38960272
0.63202137
-98.54871320
-33.81492149
-47.64606353
-33.37551925
-18.57138902
-27.33092725
-95.66001671
-51.67744077
-21.86542429
-22.27763695
-28.97994577
-94.71410809
-2.37906202
-40.31210784
-69.93675492
-56.71927009
-31.48447923
-18.64122562
-25.83932532
-38.70633065
-32.06962616
-11.00212385
-14.36837729
-31.32808891
-104.18643370
-154.00475681
-82.35100559
-69.17798893
-78.17447754
-40.01401616
-37.17564995
-42.72140122
-51.59633446
-55.69284285
-56.39555077
-49.32353180
-20.06686846
-53.58022121
-83.31592245
-64.41102251
-20.80854944
-27.36940804
-77.95959780
-89.35994141
-43.91600170
-36.47954620
-11.83716684
-75.93613387
-117.31912538
-88.40048746
-96.29573090
-86.40591899
-99.41686042
-67.12049689
-27.63722149
-18.73426715
-86.50479011
-67.43694963
-26.50200937
-91.51253458
-50.06781381
-85.03862730
0.04107820
-2.78591060
-46.24736124
0.00000000
-97.27607563
-13.06086863
-30.15379034
-77.04476298
-46.36882736
-19.09895206
-31.50248595
-20.43294799
0.96500881
-22.25521368
-46.83028897
-69.30675899
-51.65532980
-83.29346829
-59.62620603
-62.67850124
-56.28150310
-45.74386495
-48.89473385
-22.21092877
-20.09203075
-25.20549299
-39.05725607
-49.47825134
-26.94913116
-65.34971992
-57.59417322
-58.05358202
-24.21801242
-40.39687754
-73.75158845
-53.63046525
-104.09510625
