-36.32402786
9.34109135
23.07757732
3.34563964
9.10301374
15.08258789
-7.69326804
7.47620874
43.18102874
37.14970204
10.11356390
-19.03298192
-38.12593972
-21.07016208
11.50658133
8.45920586
4.70551534
3.57464586
-5.64875316
-6.07247134
4.11345320
-18.69808757
7.36272318
-21.43278278
-18.75173236
-38.58414391
-15.13996870
31.43281319
1.80719400
-0.14292573
-16.53169668
-6.17933364
-13.53487266
-13.09914120
12.11620463
-49.80607907
-9.85271019
-18.74365666
15.66835474
-12.72799810
-10.61089685
0.00000000
-3.92877437
8.70315070
0.91560993
8.76520057
-8.82912038
-6.89447429
-6.19650904
-1.76693846
-9.70653280
-14.62565131
-19.72054081
23.35213842
25.46376258
-36.41839285
-31.34669549
27.18838943
-2.23214952
-25.10295178
8.19076613
-6.97409699
1.05190537
-9.07580206
-12.74616168
1.06390737
11.17411425
-3.45102223
-19.83471503
-7.53839408
7.58792780
13.54363755
-15.55885774
1.10019057
-35.81603459
-19.15894059
-40.12500936
36.81697113
-2.88836932
10.92363982
17.34432844
6.94591491
7.54456351
9.18680106
16.50889580
47.95681376
-47.75022652
-24.57567228
-35.78671097
-33.02643431
12.70712718
5.70574266
-14.14409049
-21.58185841
26.41871327
-7.45249192
-4.30222852
3.29711382
-36.65902346
-34.07829125
-74.60486998
-23.86109239
19.40906118
11.51981830
-3.31686291
-13.22428797
-1.69179575
-15.84222930
-13.15885817
2.96445138
-37.01930032
-7.79830342
-21.11703748
-32.93884335
-49.26973884
-7.37134389
0.00000000
28.36441883
5.34511914
8.17872167
9.62188067
-2.06366893
-14.24552757
-0.23975512
-20.51389101
-2.77647762
3.91238781
-50.53107113
8.03109335
4.41187641
-84.54906979
-17.40245298
7.29732603
11.95070095
-10.53767734
-13.51929536
-3.76968620
-15.75263938
-2.64342190
-6.10634929
-7.58957070
4.45439291
-0.43573195
-25.44117727
-12.27062612
-9.70751920
4.78240023
-8.03061045
-24.58299609
-27.39520020
