44.78495743
28.99392570
47.84002502
-8.30957609
26.78990227
13.52285827
9.96533342
10.44691837
6.55152892
7.99919159
48.24637312
-3.58192584
26.52195251
0.44405996
7.66550083
13.18461103
-10.06232489
4.62015434
45.61210112
20.96462960
28.68478753
49.45133933
-0.80433147
16.33846529
2.99497908
-7.10512817
34.67234060
-17.07046857
-7.57839665
30.58206818
12.23382295
9.73088150
16.02907558
8.52551588
-14.29813136
22.66252791
6.53725270
28.25462416
40.61863604
6.65496610
2.57193627
0.00000000
46.92296531
2.85293819
51.39854337
-4.32168758
42.98334544
13.43255567
1.58380677
0.15099215
3.66390031
24.02716002
3.34232746
17.44783927
-0.87862635
24.85503838
2.51592335
41.08676937
29.70880185
-3.41022143
10.25440501
18.61479144
18.93606650
2.94489524
6.57251539
32.50531134
9.39982566
-7.74648630
-3.54120702
4.08573084
11.66202242
14.66772248
10.19834975
12.12444047
49.76423143
31.51328241
84.17275946
6.88164766
1.18991802
31.77487820
15.66936643
20.14597304
5.69234367
8.87117787
22.57414225
39.87631656
44.81056084
51.16076839
53.43457301
38.75334461
25.01293363
-34.21822041
-7.94210895
4.66854032
45.19098666
34.83142761
40.78997249
5.39454925
29.35900193
42.80962978
40.26167009
42.58012611
-20.68620028
3.21289192
26.29126655
5.61166334
-2.28714938
28.31725658
20.65920181
23.48198031
20.28698516
5.45365757
36.52274720
41.73890164
58.10547394
11.23370626
0.00000000
-3.39329819
7.52741927
30.98996238
-1.15628228
16.32201055
6.68034915
-0.94484422
8.24833920
-4.29530959
17.05796970
40.48176938
35.71437310
19.47374250
93.96356223
18.81213174
-5.32560919
19.11207921
-2.75159720
13.03390719
14.25840151
35.47920985
16.86601449
8.88505740
27.08318620
4.72529207
-1.63332385
31.82405118
8.58912664
11.08546593
2.37082872
19.30281175
22.39941473
6.05323958
