-160.73022940
-85.36279774
-34.27743706
15.86569231
-144.60397614
-13.25277722
-11.09111643
-12.39060795
-21.57724976
-13.57435539
-45.73704269
-18.95094952
-94.65660206
-63.31402778
-49.14516620
-25.62248373
7.53392091
0.61851598
9.31577616
18.24049410
-22.20276129
-76.68394584
-3.96695467
-60.78596187
16.91793150
-17.24953887
10.96767386
52.69480097
29.59006766
-16.34527813
-18.01591222
4.45092956
6.18838514
42.88765958
8.48468753
3.71816820
-15.53178068
8.17965977
-80.01581814
-36.85976030
2.90083433
0.00000000
-82.81538472
13.69937138
-57.34681306
28.50065047
-5.26236749
-7.00963197
-0.59960895
-10.54859410
-8.10644327
-120.21283606
-24.38470399
-82.38441681
2.86649254
-14.55958994
10.50349297
-55.09223032
-8.91374699
-12.74210432
-21.91590274
-20.31340136
-143.77013416
11.41990906
-30.07898587
-33.08656738
-41.22312466
24.59942462
-19.95714128
19.30466108
-25.73349029
-8.21787478
-8.08727804
16.41209204
-2.08748774
-66.46494575
-52.39286050
38.51435273
40.14369977
-66.59844045
-12.81066787
-13.35550707
8.91658073
-38.32166668
-22.43251658
-15.17451229
-34.79142409
-42.38603503
-51.42214152
-66.51963376
-37.56108999
13.84956057
4.20112102
-10.92883849
-11.10784045
10.62369361
-47.29816213
-8.93413314
-36.83234574
-47.27005894
-26.21365787
19.57935306
73.73187712
46.12939546
-21.02640658
7.93161411
3.73836591
38.95570108
55.89985535
10.02966274
28.38632165
-2.60598928
10.69311467
-59.39413393
-95.32912574
22.01658990
0.00000000
-90.62657899
-11.29146712
-29.84443185
45.71365382
15.58470974
-28.02220962
3.01293882
-5.06717704
-0.79604933
-14.02576486
-36.18861467
-35.94526148
-21.23251089
-91.78448663
8.85206012
-77.58053739
-17.97488716
22.57357486
13.39917832
6.34591966
-52.29855526
0.79205027
-19.40997194
-39.92611773
-21.49414705
44.10142434
-27.96622760
8.24600256
48.57310150
-31.96883075
-15.61126930
11.06865132
47.28449643
