12.27147963
-15.24209178
4.21217461
-24.86368572
13.93660001
-4.68898770
-12.79504079
-2.45478224
-37.57007535
-48.32272641
-48.50478990
-7.62268715
-14.85788633
-33.05060592
-15.06247175
-5.14121570
-11.50720310
4.46061160
-94.35125317
-39.32285104
-22.12745150
-44.76071855
-20.05148355
-10.04140951
-91.43978125
-11.71340455
-38.18596341
-27.66732220
-25.98407003
-64.91312714
3.98787445
10.94937888
-62.02107147
-55.27070612
-14.57143862
-25.69629544
-7.40560028
-50.69789997
-10.00214248
-8.55959250
-10.83164162
0.00000000
-16.91880904
-14.99748904
-29.87588946
-18.07601804
-5.24651263
6.07282650
-10.54974788
-3.55496425
-16.33090839
-38.76860245
-16.23974822
5.97806284
-25.43696024
-7.26981672
-32.26602726
-97.34130074
-70.95377734
-26.91723167
-9.63801528
-29.85166012
33.61727628
-15.79329582
-15.76517690
-43.76831123
-8.95142692
-14.98532621
5.50864062
-17.62307170
-12.33247931
-28.40284540
-14.59219853
-58.42529933
-69.85197885
21.45046074
-61.88908474
38.43328408
-20.08068952
6.63610252
2.11631534
-5.03641692
2.11655474
-25.72760305
-38.25349627
-51.89530711
-17.81172819
-8.44093471
-2.13555152
-1.10840066
-0.66599573
-39.88990880
-5.87789896
-60.54637338
-77.21719298
-42.13960910
-32.00847325
-20.75567264
9.41643717
-25.83924603
1.50339235
-41.31897018
-0.89766121
-4.92725636
-28.10541078
-16.11432927
-3.32811117
-19.81194187
-39.13390603
-10.67931945
-1.61873492
-30.16710164
-42.91105300
6.47573028
10.79229139
1.04950049
0.00000000
-60.54844101
-25.41178925
-32.61496089
-11.02683390
-1.17668178
0.08689585
-19.29461411
9.32071684
8.52176140
-35.02808080
-17.19425724
10.39478522
-18.25003352
9.03712793
-28.61041427
-65.26213941
-60.72399706
-21.73023522
-29.96535861
-19.85334615
8.15162926
-3.69270784
-6.23516561
-38.58739343
-4.82725231
-16.26206463
2.41660534
-0.60438852
-28.93455550
-18.64076726
-26.48991322
-35.78245374
-39.06800601
