80.60622916
22.64840861
-1.17032785
-20.70983224
81.51562001
6.76059191
8.20520417
5.30559425
8.71183672
15.39060811
19.42856811
18.84191622
67.78239960
66.07548280
22.23392714
29.32120560
-9.31127183
-10.08937048
-21.66972706
12.61181189
-11.18670983
54.21492206
-3.29260597
15.76073916
-55.30903586
-19.59199269
-24.57460628
-20.85857919
6.00548318
-5.18891201
7.98008554
9.76600846
-30.05112300
-42.66369095
-26.14441915
-19.52550594
-24.26431245
-33.35768765
40.88371496
15.05102031
-7.38512593
0.00000000
64.28260109
-6.23986592
41.76200449
-11.19226253
-18.72417032
-14.15983163
-5.71690755
-2.88133411
-13.38558263
44.79234907
-4.57104264
45.03973090
0.44516630
-28.52367185
-30.94535050
37.59626122
-12.79525024
-33.00759515
-37.47524681
-1.53311741
60.29306982
-13.00648318
11.06665050
9.59629934
20.91478513
-22.38930931
8.13819029
-3.48355891
20.72156495
-11.66967723
-33.30894951
-37.22797651
-44.59165322
35.94376288
33.27851841
10.81064485
-21.17817601
43.13310216
-3.96094222
-11.06937689
-0.39499408
8.89415153
-4.13272210
19.53270643
-10.04913694
-12.52538012
-0.40150749
1.71473407
10.67995525
-16.12283875
-10.74839284
-2.37196541
39.05119096
-16.30776237
47.97749369
-5.64078025
12.82374759
-23.94713525
-28.19943447
-20.52074280
-12.77349585
-7.74049586
12.61038130
-1.72143939
12.62591877
-15.91035822
-36.44657256
1.05994035
-20.05060773
-3.85254413
-27.98720306
-8.17245746
-8.54748938
-5.04248818
0.00000000
106.82045160
-4.79600087
19.36694175
-8.70559615
3.09727127
-17.31311307
-17.02326256
-9.91373448
2.57898173
8.08205301
-15.25490794
14.85777862
3.77090395
-31.82709662
-27.53651645
22.69830056
-2.06652446
-38.50849518
-22.01026027
0.14116656
20.22937359
6.41895217
5.61902405
17.91247282
5.01617156
-21.77597772
-9.22428569
-5.85867400
-31.52831986
0.78146428
-10.05778056
-36.23618527
-25.28981433
