-27.79779406
-56.85278851
-43.71579182
1.01276387
11.40223656
26.41161517
-10.62468216
-3.56659392
31.42602381
34.84862853
-44.69353601
-10.59854255
1.46817131
-0.63505243
39.76201323
29.73883068
-4.72533182
-4.68074193
-42.38528374
-19.84046746
-34.01084080
-30.53887507
-11.92410276
-4.36300480
53.92602460
-33.69609622
-8.40166572
26.00463909
18.77679604
10.19321289
-10.91350465
6.43158353
-23.93735018
18.97957466
3.49451767
-7.20629461
-25.02438580
10.49849319
2.93550235
-1.79836576
0.00070381
0.00000000
-43.35727134
-6.64402498
-43.04448691
15.59642747
-6.04393388
-6.87562415
-5.52601359
-2.96066335
-14.60747363
-31.05173525
4.48078885
25.90411850
39.65494427
-10.81252006
-24.07551367
-63.23879741
-58.44043388
-18.54657480
-39.73756327
-26.18542155
7.14827647
-0.33221271
9.08136723
-8.21548094
9.52990219
7.70387677
4.69227352
10.49430609
30.34051087
10.43406432
-19.91671071
23.70206139
-20.90711271
-62.91302354
-75.14257964
15.29845269
-22.07682576
-20.65004171
-6.48210174
-28.01595379
-0.38720215
6.36486341
16.50852177
-70.09203271
-82.96255681
-85.22739215
-72.30843221
-43.58317214
-3.28033009
-38.92487606
-19.77611782
-74.34566324
-79.92302905
-41.05149132
-29.28147572
-14.74442150
-61.87668349
-61.77101162
-143.62178005
-74.74048773
7.78354399
-15.98352088
-29.08662898
-12.85500568
2.90814651
-46.04004979
-39.77155216
-23.00781734
-62.29825333
-44.35131534
-79.69292175
-66.13289930
-63.89876589
-22.16065901
0.00000000
-40.02136910
-12.31572852
-20.82675441
-1.66172671
-11.21103302
-23.08080681
-40.25924155
-26.19790613
-2.66132769
-23.15618203
-47.85120231
-25.98973635
-0.73972137
-152.44726778
-56.00834588
-57.47540974
-80.53211337
-64.70355386
-49.19199911
-27.75139717
-46.49037091
-15.05627543
-27.19006457
-41.04087483
-1.44493482
-23.90940653
-62.29189666
-20.68378329
-37.54976577
0.55111620
-50.59694926
-60.95753941
-47.43633245
