79.92515418
96.32521442
28.92535505
40.75670394
40.69765205
24.66620939
43.83921368
28.50542069
14.57358654
31.64400954
131.68812582
39.86802480
70.51326804
24.39896037
23.55763758
14.10019787
24.63713067
21.43510129
75.91005366
107.93431992
56.93921541
90.51887901
37.47863436
65.97138855
35.50258881
62.32094868
87.96580978
43.29330328
0.03216224
92.71391598
28.15163494
13.39497698
89.68932502
57.11677036
36.44419223
50.21195459
39.28905116
52.52142378
10.07812492
8.16458669
15.20528699
0.00000000
79.92727144
44.42708595
104.64417057
9.61178962
54.15956706
36.77078245
43.42677407
20.59922428
35.33146025
63.07327495
22.47519543
36.10325170
-9.88777911
42.52690287
60.09560741
126.80205410
125.50516203
67.56534079
45.98343412
55.37629759
47.16665497
41.45231881
36.16323532
94.70812766
30.11203015
31.80292095
8.94604811
1.90360680
21.13870344
32.37310603
47.33394706
30.25058791
99.51436967
64.18311928
51.41119796
-19.74485321
30.91367247
31.86015911
21.08387081
28.19154281
10.90313833
31.22762749
46.62868206
155.98263165
48.56033112
76.48239733
31.90988997
58.81755036
10.38696632
38.74193254
45.12136416
47.08304462
116.40989914
35.76884203
85.50163434
39.67209393
58.17111006
41.27135273
82.10905519
139.62204192
-19.57940336
-18.56648258
76.35124845
16.03417991
12.83087254
46.63760196
32.58184609
27.72253457
41.75902282
15.58179731
20.14820170
72.08074382
46.44329373
19.18898254
0.00000000
-1.72841396
36.82387676
82.12486507
-2.13670368
35.86798370
31.21110940
31.41736999
32.40349560
5.24350672
39.92347653
53.60869989
35.12729158
9.15160685
118.67569766
67.45027071
61.43137775
68.63554556
46.95043335
25.80802450
33.35819628
38.53703828
19.81750829
33.11932094
104.41579089
17.87694686
33.63491424
20.34541568
-2.30034759
15.48105959
29.59930175
19.28479560
32.37869139
66.23161173
