66.29939526
6.41626122
54.90236357
-3.50985085
75.01253830
31.06756092
13.93009262
22.31806064
23.65179610
18.29471662
10.59581120
18.55368236
73.10376725
35.72433075
43.99842224
45.56230629
7.23081711
8.51386812
4.32625544
-28.81766017
5.29570674
29.98123632
6.75889505
38.28038146
42.53053892
18.79281998
8.96281022
-7.60238277
8.88994086
38.08534356
4.29794387
16.81950129
5.64836776
-10.93124255
7.67684711
2.86808562
5.32200741
-19.70123805
44.72574554
17.45183859
6.45462780
0.00000000
-6.21028893
-1.01456378
24.23535216
5.35432613
9.10626218
17.63214864
-5.16598486
11.88377696
-3.06675785
18.58609410
25.57549314
36.88399708
23.34241340
50.38936188
4.32106639
4.00869802
16.54295719
-7.83244443
-0.00280945
13.39936764
78.98242416
-6.54214735
23.02078661
29.61963976
23.61067219
-1.86870121
24.02199292
13.76658966
14.60111219
27.04351985
-9.09387876
9.42260522
-8.72656277
35.68427289
16.71925078
24.44316985
15.87425442
74.78232170
27.50716260
23.37358544
17.09426143
29.78876993
28.97990972
40.63082798
39.53287233
46.14874391
49.25974976
73.60513901
46.83218834
11.20829169
20.46627611
0.81763038
16.40979973
-1.41011609
27.62109875
6.09939103
19.06180856
99.75191466
69.58846605
21.69590478
-9.60566341
14.50696027
29.74945060
-2.31772499
27.50318111
23.38783202
6.90157931
1.00449644
30.31613533
19.10240265
25.72679867
38.22200949
43.84033868
7.15113186
0.00000000
-16.77208043
24.80537192
24.15373663
9.61959641
20.54186676
20.59074171
9.49883280
17.60762147
5.11450265
-6.91488926
42.86195201
47.51344002
35.85919608
88.84062950
31.33490882
-4.62149937
30.47693241
-5.77098153
9.25625336
12.14110062
47.61806988
5.15249444
19.21122631
35.80991758
18.92824144
-5.17107322
38.86217866
15.63301177
-14.16331929
23.18618944
35.27446439
24.92227615
2.11135504
