107.34400366
92.85374122
39.35635775
1.92649542
79.33352792
23.83741265
37.85172274
28.02688760
37.72104657
30.47334239
75.93948372
49.73586101
91.08347885
57.50537095
46.69741029
46.94302225
15.22068204
19.22639944
119.89048183
65.51708438
34.72215986
69.79376082
23.68119221
64.68317545
98.49601794
32.39648554
14.75832743
-33.35131629
-2.11534844
42.65014112
33.33578667
27.47582479
28.83765765
21.93323755
6.66220051
45.93675990
13.33023235
48.99985770
47.52606265
34.80308735
8.79605663
0.00000000
136.58659679
28.54196584
77.96677872
-7.93382956
11.35415294
42.83275262
10.03583452
13.80976956
16.36630134
94.29218645
37.17521653
43.97005015
15.10230702
68.34105988
26.32539746
128.13796989
57.02600197
19.81285191
13.77704298
36.84064010
59.23751834
21.07414418
41.50370033
58.51241946
40.12478223
-13.41314069
34.22129546
1.98710957
37.24864137
20.67555339
21.03923222
31.79523529
21.57461657
77.52798476
92.41044518
-6.63899705
1.66879104
66.31581787
21.86823521
19.78906651
11.66957918
46.97822845
42.46810817
116.55502157
62.88776447
92.11071563
96.20612515
83.98282898
45.26608000
19.61455282
30.36276168
81.37543875
114.90191841
40.99212180
65.09789772
31.44478847
82.26576893
157.82938368
77.03874108
75.14374568
-26.02152522
5.32166049
45.41409588
22.54051554
31.03125009
31.69136840
26.98014596
22.91648342
39.94599644
25.12563318
72.92479425
57.47642156
64.72829717
16.99791306
0.00000000
83.53433145
35.89554776
44.59562497
1.21313206
8.82756063
44.44790015
20.61756879
26.08472576
14.65528591
42.96452134
68.29542186
41.65016612
35.83532711
138.78156501
60.66583212
86.70554705
84.66325402
30.83859966
20.50453551
37.59723509
74.72025325
20.85510856
36.43448985
62.54981987
23.03032770
1.40674791
37.59163103
19.12017423
20.49146257
28.52915421
40.17643642
56.58304296
59.09070836
