66.51411033
12.67743183
23.94348581
-28.95120703
30.62268853
18.58034768
8.94163172
5.60500593
17.53851047
4.03079554
9.09530693
29.43242901
80.38191443
37.88480999
32.82771502
29.89033189
-10.66590098
3.46763441
32.17350912
-8.99400805
20.02526053
57.87615961
-8.96909061
44.18054066
43.69659311
11.86637946
-7.89399343
-42.52076385
-5.56140492
7.69187933
4.02945591
40.52564623
9.36223107
-24.39358630
-33.14519311
13.04073121
2.41394879
7.81644792
30.97453988
30.86455826
-0.03475706
0.00000000
54.86055796
-15.58358224
38.64379552
-10.67571390
-4.92891708
26.60080499
9.53440504
3.76766221
6.17861374
47.34113209
31.81763423
21.78924189
1.76382705
73.83948562
1.09903123
54.92339973
29.52887102
12.27322250
-10.54018172
24.11115414
73.28506492
5.59473212
17.32068632
33.52292294
34.80319985
-11.16539039
18.91191561
-2.34742738
4.98541997
4.37269968
-4.96418638
-9.09857693
29.51821169
58.82635387
122.00073914
1.57787570
-42.50723712
36.31639231
20.68030744
22.55018699
5.59826060
24.14598588
4.83100337
14.38183573
61.83562507
99.70243655
82.93872316
78.51684466
38.92567594
-39.05203607
10.76344197
9.17736097
35.43049642
16.04582595
29.44006234
-0.27617548
60.50767529
72.32920370
63.60367490
6.00741745
-41.13870208
15.27240430
6.92715451
13.92050930
26.55904395
25.17690685
-18.60525754
3.04352176
46.86892767
30.92621255
49.59520749
57.89610176
63.81694734
22.68088147
0.00000000
116.11446638
-1.43280966
6.31887418
2.62418813
6.25181729
26.64859982
-4.23593043
18.06554455
-16.39249886
24.23526782
54.51967922
44.56964337
26.56656810
102.01674731
17.78371104
43.96043433
18.47868486
-6.43917072
8.74471445
6.47554911
61.27647957
23.94310027
33.92984203
18.56064772
11.95060333
-2.63991585
55.74917861
26.96222786
21.64710786
2.98146176
50.02408578
17.13185810
55.68816780
