53.06313906
40.76087606
-38.92790755
-13.06817212
28.82842020
0.89186413
-23.84475108
-9.97636723
43.51396250
33.30230168
16.15221594
-34.79687917
8.36766854
-33.69976772
-20.96177344
-14.37499042
0.00342402
-9.80592292
-1.59936111
64.55886307
15.62535842
-5.20391740
-0.77488740
31.68157097
-2.45805335
-53.98639146
11.90827617
-1.59978555
-16.69180408
-10.98538461
13.82528942
12.54055139
-16.71343223
-9.11058271
-2.63185833
-27.66640517
-5.60167468
-1.23985130
-23.34802931
-36.42784116
-9.51299564
0.00000000
-27.55280659
-0.46311860
-28.30210958
-1.92895683
-21.38902411
-9.09127642
6.20380856
-12.91715001
-1.13189677
15.76431584
-21.73058381
-23.20123124
-6.07515426
-61.99383905
8.05862918
-5.09658586
30.55136222
-1.60336448
17.24488192
-2.38053982
35.04230274
10.02322040
4.59980733
10.52314669
23.93446622
2.01538162
-28.60986027
-11.94746481
42.60594298
3.40332788
-7.95499830
-12.25210925
-4.48567381
18.51684579
-4.47045970
12.70658297
-19.33082429
-14.06368683
-7.17690715
-21.71999842
-0.45151481
14.09238099
17.69040123
-5.05484181
-48.31689156
-27.14976311
-41.59330998
-51.90989910
-21.95738990
-7.10399072
-15.72762711
13.83064873
-9.43889214
8.95855079
6.14845175
0.23802098
26.08026695
-57.78613415
-75.35094546
16.77082804
69.06487119
17.30328558
-8.02706488
15.89241176
7.02132230
-10.30549475
-6.36381388
-5.15058988
-13.91348794
1.01061575
0.00190917
-59.79042122
-61.66212666
-2.10029124
0.00000000
-42.04849223
-10.58079644
-7.29318509
23.38095886
-2.12671728
-18.81906614
-2.53355614
-18.82199282
-1.91622306
-1.67425498
-37.39319005
-18.09437645
-23.05616411
-113.56089331
0.58992279
28.15500969
11.39469194
24.95683374
10.01788559
7.70201461
-43.20702511
7.88936322
6.96469799
-10.71280700
1.47098135
33.10890274
-39.04116285
-9.07522449
25.30895678
-0.42403105
4.26696021
-25.11573847
-12.63130083
