-31.27087015
-106.65562958
-84.66958741
12.97393729
-18.54150087
-15.85908942
-20.11477637
-20.27247507
-21.41342412
-7.67410906
-49.98761984
-7.05447932
-21.95200775
28.74205978
-6.65803061
-13.86838501
-6.52697435
-20.92825461
-75.00618819
-17.07373077
-59.61267933
-61.16479509
-19.06259656
-20.93793954
-23.94463827
-29.85342636
-20.32677719
42.94109443
46.61160820
-62.74555770
-6.32341134
-33.42205062
13.84197903
16.94440762
-4.01047403
2.60949402
-25.14931841
4.64577537
-27.72856389
10.05939902
15.04331064
0.00000000
-121.74829851
-18.75865374
-86.01309904
31.61210047
-16.84554914
-28.80776301
-4.66883969
-12.80254486
-23.43851607
-88.12995119
-12.23572901
-44.12563653
7.40513531
-67.67167241
-36.80208736
-120.90196948
-40.67028342
-21.88584137
-46.72118033
-32.12047453
-26.50457434
-20.18136324
-16.32112051
-71.50786853
-41.80217981
14.96619376
-7.35538804
19.10056146
-7.62922639
-20.41970027
-18.60185590
-0.45420709
7.39329529
-44.60745895
-50.35236841
-13.84256458
30.08212796
-39.10640011
-29.04729394
-44.85438804
-12.73615370
-38.94943787
-40.11584006
-111.01373691
-58.47995621
-101.49945617
-56.55754608
-79.51056205
-47.31519418
-14.08991031
-31.22014137
-40.27133181
-62.18765249
-37.30549520
-49.60791603
-32.84920621
-34.56637291
-94.58944128
-91.72194524
-59.68069407
40.23936290
17.11946175
-57.99870825
-14.37783987
-29.31598432
-38.15812882
9.67634692
-23.13482721
-37.46016945
-41.25466255
-59.58932655
-75.13264132
-45.04882283
-13.06574803
0.00000000
-64.80908334
-49.77390560
-55.69511526
18.63691435
-15.16460099
-32.19031625
-26.47720607
-22.57119673
-10.25824657
-16.69648284
-56.65062104
-43.15050911
-35.57721227
-134.43730802
-51.27515015
-48.90452878
-54.46406203
-11.17064659
-20.90239394
-29.67258237
-31.54722266
-27.32525664
-13.83997216
-78.24015851
-29.41160211
6.02402370
-42.05758349
-24.68248526
0.43072557
-36.52400099
-59.42508150
-49.50328696
-35.03340583
