55.24744123
-45.93840321
-48.35409148
-31.89774676
21.36668658
-30.12379691
-21.08764697
-26.70631763
-47.21445683
-38.62956159
-47.46004304
-15.49193955
-21.42810787
4.21755069
-4.19803288
-39.61616897
-18.14652559
-27.66835465
-85.49092501
-17.07626440
-27.51506611
-45.66072115
-15.38853376
-10.87157916
-46.94988258
-25.51963723
-39.45688812
-13.06324512
-1.23476031
-77.38979608
1.11492565
-33.45033204
-46.28157326
-48.47950623
-20.71956976
-42.89683745
-6.17460233
-33.23154237
-34.65000493
-20.99427307
-11.61272301
0.00000000
-49.87902502
-24.49341199
-59.47767612
-11.31098746
-36.44744872
-47.10943644
-19.46955853
-15.87478204
0.19067742
-20.09963878
-7.70818218
-11.15168562
-9.84630024
-64.72251116
-27.79427410
-70.68684538
-59.84512518
-25.52970207
-19.07060588
-24.26602607
36.26343620
-20.50586891
-12.05769487
-69.27201262
-32.35175776
1.74312781
-18.57779868
-2.71189885
-13.82831974
-50.99397927
-12.97872322
-32.87433666
-63.22593083
-0.42474971
-86.90771084
-7.03184456
-31.34295973
-43.13429637
-32.69236666
-40.99886422
-19.80927935
-33.64703706
-35.26563444
-90.10561194
-46.01991448
-81.28955045
-83.81559669
-59.30324336
-48.20690168
-24.71579122
-35.06514394
-60.82089627
-90.66156866
-51.76794976
-53.44847604
-24.84554239
-41.49243728
-92.60061771
-91.53771380
-108.38162034
-8.94848679
-25.24477024
-69.98863039
-8.58022204
-16.90875401
-77.62470642
-65.68925734
-50.31112499
-81.34684804
-34.88968785
-71.10229853
-65.35613937
-47.71609829
-23.85083019
0.00000000
28.50772792
-45.27489507
-57.94417989
-10.27341169
-27.27859020
-48.14484774
-32.79510652
-17.30943428
-8.33186213
-18.42340713
-51.63805415
-38.57269781
-17.59294092
-118.52202049
-70.58367381
-19.04636122
-92.83427468
-43.37080568
-57.77744409
-32.91763506
-69.24698169
-27.70200436
-32.33276660
-74.20705023
-18.91601745
-16.37808558
-39.97215954
-21.14864639
-27.30777771
-33.21858046
-46.23409947
-67.41162976
-84.70616944
