-128.35649438
-140.26520613
-154.55690483
18.32958655
-114.21000165
-23.74062916
-23.45507796
-39.04944412
-70.85197803
-57.01751448
-69.99500851
-17.25850755
-67.83882301
-37.77222889
-59.30571488
-60.46274078
2.67054340
-10.02240465
-102.74109773
-48.71595009
-46.40547840
-93.85038006
-5.65471819
-49.67478848
-79.70836063
2.30977843
-35.31250064
4.57083396
-29.58003266
-101.35253246
-38.28438239
-25.76807795
4.34327327
16.37648812
20.79533183
4.35084248
-8.37155100
5.63075173
-59.24983511
-40.35165969
5.17026375
0.00000000
-177.11271997
12.84467890
-93.00112959
-17.22478831
-15.78843350
-17.27774968
5.67868253
-17.31719473
-8.90132063
-134.51862305
-36.97399420
-62.79563469
-42.14201485
-49.98449860
-25.43242884
-188.72025734
-45.82316724
-43.07678645
-31.27624325
-34.69371236
-109.74970799
-5.43054560
-33.47547384
-79.24859634
-57.99261672
-15.37715940
-22.50902958
-16.44022326
-39.06037866
-48.80629724
-13.53360502
-24.21387993
6.51845505
-103.85581362
-177.01375334
-65.16534655
-18.22029918
-80.64767161
-40.52137865
-45.17586354
-38.19338796
-64.92199460
-74.15268087
-117.30101643
-55.67418717
-93.41967928
-76.33294320
-113.50954025
-73.63454068
-11.69704072
-16.01895073
-89.37718530
-127.27183878
-53.39495202
-71.94314694
-24.04230225
-82.55297206
-162.32948379
-66.81857506
-87.10418526
-31.58705234
-64.54587286
-93.93659481
-32.67652923
-29.35270992
-43.55642348
-8.40429657
-15.32480774
-39.82270138
-55.03057010
-76.28588607
-41.71782136
-35.40372796
-24.87299517
0.00000000
-194.80346887
-23.78943396
-65.44376344
-45.10970906
-39.05657040
-30.10329866
-16.20410232
-17.68880501
1.66545109
-42.20298929
-66.96546391
-68.86732049
-59.78591430
-113.42145207
-61.13282028
-115.65386310
-56.12030428
-22.19853609
-47.19890024
-29.09170753
-63.37226300
-26.44714947
-42.71704523
-91.43026127
-31.33392085
-30.25408423
-59.62869526
-53.66312214
-20.43087925
-59.96604328
-89.28462914
-41.37722796
-49.40657049
