-138.17281461
49.31860036
45.98827527
25.75284017
-107.81873718
-16.03860566
16.67336647
15.57214252
-49.33382467
-32.69400936
45.43009086
0.11653803
-94.59139457
-48.22383520
-20.08667991
-14.44492806
5.90538598
9.30435586
1.31335878
90.29926567
-8.42807156
11.43970031
-7.45170616
-78.98011511
-119.52212034
18.46944729
45.42494079
73.38561081
34.74397471
4.54253688
-31.11383910
-2.00645723
-32.34762567
4.85206399
3.48026571
-18.90226340
-11.84176849
-52.82446113
-41.66312851
3.15918129
-7.37244204
0.00000000
39.22175509
-10.11776605
17.57907094
25.12957789
20.24749523
-19.89071404
13.19755553
14.55392404
-14.61033144
15.04527725
-0.86671165
-12.91082637
-2.95944047
-62.43835189
4.37306741
56.32761464
25.36309125
6.62729550
4.47526321
-7.62550397
-57.41611859
-15.86537168
-35.03222753
-10.52086731
-13.25402475
49.03586026
7.26492302
38.71480347
-34.88286767
-36.53283017
-11.39050536
-41.09173379
-55.61326848
-66.01966005
-12.85002794
59.10326042
13.84186584
-42.01808780
-11.28074436
29.94169389
26.43059827
-20.03966118
-34.08096315
19.62467464
42.50752663
-36.70327606
-9.44161818
11.97364248
6.93787984
-15.90362888
0.01143966
-32.48432332
55.56547887
-5.60289810
7.17157357
9.96407945
-65.55417109
-85.18055693
55.17700768
36.69039266
62.69014884
50.29858914
6.51273109
-27.05930424
-22.43802521
-17.64924953
-18.36435314
2.05469919
2.86136626
3.47511174
-50.47678787
14.36437150
34.08012624
11.77755801
0.00000000
18.93875762
7.53508738
6.32932964
37.22508593
44.83023409
-19.60624317
-3.22252045
24.66059919
7.27344786
-8.65368271
-1.04421994
-4.05804764
5.81849652
-5.15215592
-3.23872539
1.46970608
-24.88496870
-12.71047631
5.84841577
-3.61132284
-11.09488629
-1.46779667
-37.32231967
24.42122522
-0.74018713
54.37756222
13.64824364
34.16118669
-56.85036402
-8.29453309
-16.08907557
-38.38029436
-8.40010909
