6.65721795
101.90401632
68.91371759
27.76049438
33.77163694
13.75684905
36.79887617
32.25631534
41.86492882
56.16193291
63.03928470
36.25002289
46.79165460
45.45576765
48.09320761
38.50027263
6.83970170
7.44806114
132.83977378
44.22488337
46.50509354
96.29538972
26.87532875
11.80795395
108.16661813
45.84974854
72.90805706
4.45862084
36.76143611
100.97997954
0.96233498
10.08934399
41.36686011
36.14261451
3.49037530
38.13217046
23.58735705
56.60589875
40.72063920
34.92599956
16.99583214
0.00000000
104.10001952
-9.79911003
80.97361745
21.76472616
24.63533749
10.56036355
-0.18527214
21.12842951
6.94455808
109.65649478
40.01929164
35.03779773
28.34505830
72.02300990
55.80419494
128.56282069
85.28095203
61.13971520
37.22738961
39.81660356
16.93910432
5.43609034
18.00065799
79.26950675
35.00907680
13.08814870
41.93667959
32.18553509
6.65386924
41.25563511
40.50042085
53.89585248
46.57703732
9.30454750
131.23928662
14.48660853
30.79469762
49.72516552
23.15598785
51.88956986
22.46294012
32.67743799
56.54479123
103.01673046
81.21312238
56.91894816
65.18140682
87.61768268
55.96813050
38.11415536
30.99524251
96.57312797
104.47612112
36.32902606
69.35840330
17.82858510
0.59687433
99.07183153
89.60269495
127.09848396
16.22065650
49.75956097
82.18957033
-5.17425213
11.69600191
58.56472755
71.33720458
28.22798216
65.39262654
35.53785612
65.55885608
50.93296204
70.38145336
16.89245425
0.00000000
89.93631142
30.70608495
64.55267981
34.11560807
27.97164349
27.81844629
27.81936116
31.03418346
3.71616778
35.49095914
59.47395294
35.98878887
54.91255207
95.01424861
78.06648066
89.17027279
94.99762989
71.37132226
48.85144930
31.47474759
29.50388274
9.38327389
13.66026295
69.22753293
22.24068701
25.24901028
61.32464509
52.82446008
7.50004491
33.48822129
41.57265039
72.59190162
68.32536790
