-50.70661045
11.77887923
27.90654776
-3.83126914
-2.35231430
20.15238086
-9.45698812
8.67609039
29.46419228
18.48820488
21.08651896
-25.18756981
-38.28931855
-36.36201352
-8.22283088
6.51721128
5.66939631
5.00002417
-0.89266980
27.78192467
16.44791696
-22.97817089
1.48669413
-19.11310670
-48.59720953
-43.01797875
-5.23662859
11.56724378
2.84035056
-9.79633377
-13.26568712
15.04625860
-29.33962813
-12.27219105
13.05560150
-39.57704705
-0.13573632
-25.25946867
-3.75475061
-27.96517124
-9.77601057
0.00000000
-15.55969199
5.71074584
0.55930270
3.36561263
-0.40192143
-4.34515252
-0.99688601
-5.14048089
-4.89307786
-6.52397460
-25.10479143
9.67785906
14.74903450
-43.62929660
-18.50224229
38.41341476
26.53721077
-56.39769152
7.38542694
1.99489391
-16.19243602
-6.00914506
-10.74981210
0.65260107
9.73630853
-6.37699203
-12.97240127
-4.59120425
10.68811978
5.86904063
-14.39726229
-13.79897887
-39.20137106
-40.34081747
-62.94780864
48.48499688
-11.62520120
-1.42880325
16.98873218
7.14273849
6.17868667
7.04339027
9.32491155
68.27407513
-40.19028031
-35.23121398
-28.27773458
-34.35616606
11.22552777
-10.01465480
-4.66826354
-26.85148168
37.29533101
-10.58277881
-8.92103936
-0.56879529
-33.30912095
-40.10178473
-55.38990451
-7.12118678
32.73560645
13.84430757
2.18759809
-10.14594547
6.76606363
-12.01521072
-6.16066906
6.30331802
-19.80737804
-20.69632682
-24.66782341
-50.82623039
-55.71092964
-4.06441045
0.00000000
0.39161968
0.11934164
4.29981593
8.46988070
3.99508960
-7.71223329
-4.32675286
-16.39930132
0.11841378
11.05561352
-44.15883162
-9.65202842
-1.87704217
-91.60112545
-8.45829802
6.75894626
22.06838502
-33.44165506
-30.70988774
1.27294357
-10.80421010
-2.41421768
-3.59005042
-0.48633017
5.21769990
6.81809534
-17.70666473
-4.33446117
-7.56165234
-2.60906688
-5.75532589
-21.48181627
-20.33829572
