-11.74307110
80.58650276
53.15967401
39.67168922
5.47324957
26.94365221
34.52689665
32.41192944
41.30187173
33.93737833
59.12886853
44.28845119
47.07863763
83.26805328
55.05080603
48.88314997
3.41741039
7.35673408
124.30070615
43.82271879
27.60208981
83.88447907
17.00266267
6.07882378
124.70166039
36.77268267
56.37541229
-7.89896705
36.87279955
70.94345090
10.44200130
22.69231147
49.85337592
38.37978838
5.97925633
41.49617466
19.47866692
68.14231752
26.84665378
44.80212301
15.96032525
0.00000000
119.06825090
-5.74469147
77.19588859
26.27571984
20.50993095
17.98549938
11.07928633
17.27420783
5.22503652
89.15789798
48.71348417
26.31031983
37.46712577
99.94974822
44.53857503
105.06093092
66.76567308
38.77151059
10.57624884
31.84648787
7.79619367
9.89538759
14.52747483
68.30914354
35.33014753
6.73056613
42.53870032
31.19177674
14.14837301
36.99970277
36.75360787
55.31920577
55.00243111
-13.28640583
118.05318363
11.73291053
41.25031999
33.15012847
27.15561259
43.48314022
20.98123414
36.00312214
49.03036202
102.28292572
70.56625849
25.36667871
32.18464090
83.39379731
59.19724291
14.28629075
26.25186704
88.58727192
99.86833274
30.71371226
48.87703241
20.08124554
-20.00399985
121.27862253
70.33091836
105.58138241
2.73150662
47.04134564
62.74574803
-4.79754868
15.24435627
78.28582945
110.71701960
55.65173466
81.52128424
22.71161915
80.45791230
28.49423849
56.20745141
27.54457866
0.00000000
57.41894233
55.26429448
50.56944311
35.10616028
18.61412634
10.17226313
25.05731372
26.56863992
4.72435158
43.85331116
63.14975635
33.65498964
63.81184490
91.44172406
76.43377531
82.26890108
85.81555418
62.21047423
35.90816452
25.12467138
8.59481221
15.12186549
5.15881792
58.82475607
23.75912965
21.22268112
58.79243787
52.46186890
21.73125954
23.17386829
32.85780127
79.01681187
92.44500382
