44.12291462
4.86090813
13.68460426
-12.36356219
28.33722796
7.75172970
3.36337598
7.84824556
-3.95393138
-2.66219782
25.36471021
-17.16378801
7.73666779
-27.62595427
-7.34544302
-8.67146535
-5.52644850
6.79319321
53.49934847
17.29237390
11.39279737
16.85621743
-1.28884815
13.82645041
-9.66041330
1.15020380
19.53265637
-31.20875647
-27.70139195
39.28573606
11.54565956
17.76633561
3.96333705
-0.09236672
-15.81701522
17.57967756
0.17167692
9.59703820
7.10198413
-9.22125624
-16.37532429
0.00000000
37.73831411
-2.93789822
36.04095073
-21.31808207
29.08857732
14.96823784
2.77053598
-2.95965561
2.38426180
7.55799591
1.84562083
0.97829387
-17.43464969
35.11603542
-4.74552955
35.07139000
16.85715266
-8.86545772
0.34287521
11.49908961
11.82621495
6.13395297
9.09784511
49.32926943
11.31227878
-21.33615524
-6.88216989
-12.12775929
11.82601427
18.12327825
5.35137985
6.24947081
19.45859986
19.16103455
34.56952191
-7.37578670
-23.64904911
9.90360550
13.30914161
19.72606516
-4.72673948
9.39351423
20.64552911
15.51152272
26.35371787
29.09488302
35.44660171
40.37789282
9.94838069
-31.37996851
8.07681285
2.29193159
-0.95124270
7.62644282
1.37381293
6.59567327
20.08207089
46.83506220
61.32657955
30.18638325
-39.26797191
-26.76244765
34.06671725
5.79377636
16.79601040
3.53093636
0.95172767
19.40382710
15.59511165
1.76155317
34.48067825
44.70419629
44.93203689
-5.34621557
0.00000000
-51.34252885
14.29437509
6.32286564
-25.64461664
15.10124135
6.96413083
-11.19021633
15.19450211
-4.73657190
-12.09342575
35.92214013
23.72524283
11.74453470
112.58644989
20.84102505
-33.57610187
5.85153112
-6.17424450
-7.57355139
3.45843492
30.79224925
22.72940363
8.12249209
36.90955922
5.06725793
-17.36539554
26.94750105
-0.32601851
6.75647205
14.29019872
23.10885982
30.68396431
-15.04792327
