98.34674498
-52.73743244
-55.38100401
-43.70138126
62.76187837
-1.97021938
-20.48418436
-28.72299426
-21.06264231
-48.04464213
-69.19677644
-32.59097609
0.54321173
-8.07780821
-0.24313658
-30.29208532
8.54827262
-5.44205869
-102.43873079
-42.66083131
-50.00435675
-57.95645016
-7.87296379
18.41165041
-98.06682236
-30.68030360
-94.02562972
-67.53048556
-39.12269817
-80.79257405
16.84708665
-16.60063832
-16.78012315
-48.52360909
-0.12276257
-24.18706176
-27.93075198
-54.63231362
-13.75187470
-14.03051967
-8.10689562
0.00000000
5.82110903
-8.16887991
-50.45190197
-35.86003366
-41.18564102
-13.72885314
17.27237937
-6.15136172
-9.14057931
-16.79227258
-11.01811871
12.10752451
-20.81313377
-12.04121372
-71.93945696
-92.54407844
-117.13430543
-49.14199684
-50.22989761
-29.72997259
49.00511713
-12.64669118
14.80256541
-48.47504763
-8.34338532
-38.44877342
-23.39147937
-33.28684530
11.85090086
-32.99271550
-35.66523314
-42.33038244
-35.82498949
38.22405620
-80.18635008
-28.29753082
-59.10414994
-5.76399584
-6.44498206
-16.62294597
-21.26812643
-14.12082273
-55.28955162
-102.63011286
-32.17272998
-7.50751102
-32.98647260
4.56472288
-12.91005930
-13.31628304
5.03942503
-80.50563680
-90.41635986
-50.51644999
-63.54401987
-8.72930063
16.92721195
-23.76874274
-46.19705568
-130.43801974
-42.57190292
-49.12523304
-72.43728757
13.11214274
-11.44006749
-37.02993685
-58.79268259
-11.22115546
-29.50674623
-22.02338196
-35.18988333
-15.55561858
-14.06944505
-13.98067121
0.00000000
47.90522311
-30.91430462
-59.02302024
-46.43969200
-36.35473594
-0.65557641
-11.99788399
-9.19039596
-7.77172451
-21.98377742
-22.80615662
7.51694700
-15.83718534
6.91244591
-75.02743048
-38.95804635
-112.47451077
-73.51265129
-52.23343957
-32.11476101
11.11887275
-2.70685488
-5.40621633
-58.18947580
-9.40887244
-50.60091350
-30.88680299
-28.34477839
-18.45872366
-15.23919859
-3.98827230
-41.36898827
-19.80065531
