57.86554509
104.59401026
88.95782038
60.00276075
44.97952774
13.53992340
20.75536652
26.27590266
37.05223017
64.87637716
83.01821394
14.07484388
34.96937910
8.05021907
29.82019958
27.47049814
4.45841358
17.75792468
129.79473640
85.73991447
56.72694431
49.43059104
24.24660316
54.52865870
117.27474883
23.32803248
85.75645860
80.57402589
26.78617437
94.22747051
24.88433909
34.40058826
29.41120183
67.96159093
4.71071411
29.20828535
23.22493593
65.02972340
12.65660140
14.86412813
10.13373059
0.00000000
74.04912187
6.54878732
64.82304546
31.52431091
28.14707817
40.02510990
-6.16302377
15.22131661
15.86020325
65.49555172
29.02112493
28.19240128
23.13111121
36.93314215
56.73530494
128.31917493
79.59574755
69.01870269
58.85935260
36.13258635
26.01929445
38.40350726
34.70666411
56.20352255
29.15597021
43.01056974
15.98521003
16.12019118
28.60119107
40.84752087
38.01602307
52.66523008
53.22220969
70.11949174
135.85831978
47.78664470
68.03696901
23.24286879
29.38608025
20.99025006
27.07642522
10.56500466
56.70952088
70.70913508
34.06134291
69.64515503
33.75533390
21.30863664
30.10249903
23.77758693
16.37825367
87.57973746
70.95515344
50.87123972
45.89358601
25.39691900
58.89314359
47.50250228
48.18834322
132.75689759
101.36527338
78.52557021
61.39001117
15.78185754
26.80060265
65.42850429
70.51492848
24.27221868
60.69791371
37.72664813
61.06005980
27.30579536
14.37337973
30.47171799
0.00000000
-26.59968888
28.16520636
50.68437239
59.10396503
30.60533660
28.07067895
21.98697068
18.88924448
7.10954675
21.76867032
25.32107815
36.35616368
18.72336678
8.37033385
68.11362619
34.53039863
74.36977788
71.95628741
50.04915471
32.47574372
14.56518399
17.56689298
32.33107890
41.62341501
13.55837359
69.32966424
27.55033730
34.28844316
40.65626578
16.65695504
42.07284666
54.36521335
95.08883359
