46.94985626
10.47777101
74.42091408
90.53702503
5.17679180
-15.83769902
3.17710890
8.90363872
10.25192670
67.83941460
67.39729132
17.48471271
29.90212181
-6.46991478
2.66649831
-0.88046320
34.29705826
12.69451794
23.18867890
83.66015086
32.52777171
12.82964455
48.58578866
54.38396294
110.32890552
43.38480725
85.39199090
95.42982988
40.97210740
88.22311877
31.76023373
17.72766537
136.19110093
142.35369948
42.02324917
82.58811433
42.38889687
91.61244060
-16.92053431
-25.17659126
43.75856697
0.00000000
-74.88720412
45.70212739
24.92163420
36.30092867
32.77015455
28.27881647
42.52390756
9.06947290
19.25551079
-21.13626549
14.88528358
-28.23809726
8.18945133
31.24689813
61.83064355
-19.46998984
87.72591013
40.14839281
59.94769907
31.51924049
-42.74791418
47.97945967
28.06445158
67.05768552
3.21771870
50.66343150
3.70358566
4.34928324
29.61134962
20.61618360
72.87872824
84.25606878
155.63071598
46.42346172
3.42480331
39.98759896
99.11693138
-20.17576697
-8.74337306
-5.00701054
16.56982326
1.48225201
59.19519388
22.20806557
-4.61199508
40.54106073
-29.05563019
-30.60778051
-21.81248207
38.54238405
28.32610416
87.20874866
0.72241587
59.69140826
13.29171271
37.65344967
69.87497117
3.24718894
35.63780558
115.32309455
125.80655110
56.78977104
32.88394384
48.44587281
15.91809797
101.44373047
105.45276948
29.55920590
92.35195428
33.90734064
73.97088236
-34.22675054
-62.40720941
49.91604521
0.00000000
-182.32417423
27.07394943
31.37025671
58.82867189
29.43634998
9.04764135
30.24862230
-7.95526302
19.56653878
13.73852249
1.15270554
-18.63245452
-5.92563483
-49.31801278
54.48719138
-31.01846074
66.97698803
100.98696641
62.77875329
43.72821917
-31.39618973
22.53289534
19.17780184
39.87840088
2.88622490
78.03706951
-13.61110464
10.00542997
84.92888125
-4.41484684
27.61975727
67.70599693
130.88927423
