3.78454112
47.43496583
26.08813177
26.43898920
-6.60341973
10.18600157
33.76295738
17.03214816
26.00355217
38.82601732
87.61685888
27.60616426
33.04095015
14.65256780
8.55050914
10.01118916
12.61150331
16.51328649
63.68332468
124.29741448
13.01315045
41.49332242
15.70159621
26.26534035
17.72571320
20.51749012
32.11382785
-13.18802474
-20.35294392
74.90382927
16.39711551
12.11701222
50.24506399
42.32664049
19.44659729
29.52665095
-4.86970566
23.63173811
18.09693717
25.53427476
-1.30276973
0.00000000
79.83189183
34.68663984
63.23163251
-7.26640099
31.63296833
43.52586265
18.64285494
6.47988230
6.56783199
47.43766292
12.78646494
10.11488290
2.92638124
32.18931465
16.10725142
82.44089325
69.01447420
-4.92439627
2.97677978
27.68580458
6.90614189
28.17387555
10.33879363
61.05027681
21.79487022
-6.35750163
7.72576509
-13.17705242
11.81466346
33.30328589
7.89943189
21.43708103
48.27754424
23.69588009
-2.85365987
-27.99149122
-2.99943255
10.26197852
18.10874888
30.37114247
6.77975635
32.42854082
55.04310896
76.46845030
26.56457867
76.97458025
37.15262458
30.20458106
10.33192002
19.54465382
23.67625712
26.86509358
60.31426091
9.13412777
49.51973454
27.84766327
39.14034890
48.63330086
34.94750807
14.64818784
-24.91934924
-19.29611879
31.28603188
8.32844552
17.86039308
39.85800956
31.37034856
17.19879995
28.68465117
-3.08014499
35.81279079
51.01534932
23.55419003
-2.12990937
0.00000000
-46.50356686
23.56276585
53.41904342
-15.06699711
10.96309092
51.32953223
20.87645445
5.79807459
0.74977501
15.89148969
29.57003558
12.14363569
-7.76629776
67.16364238
9.73494751
24.10142690
45.34354031
-0.50552762
-8.59606436
19.03883643
8.87706841
14.23912781
12.02895464
59.35359560
16.27152491
-12.66248079
-5.53389669
-8.13127578
13.41584651
23.03786971
9.98687349
23.25822228
41.09290477
