102.97673391
103.30717548
25.68057228
7.25357060
62.77496671
26.86594739
46.31317179
28.58789089
20.22589347
21.71906579
121.95404240
50.09379417
82.81843298
50.51634828
44.70924686
33.88684819
21.30289635
17.25962062
93.09283277
93.35090523
41.61004478
95.55339740
25.12091363
67.09971553
54.84624526
39.90792204
44.49295963
-11.76995866
-9.43779148
61.11829996
27.49728134
19.46095547
53.86658103
19.50301072
14.95511635
38.19951763
21.37375554
36.13696916
26.39625314
28.90411718
6.23138884
0.00000000
135.21815189
36.09793041
106.14174596
-5.54797856
33.76688344
37.58847877
30.14566782
14.99281519
23.11112189
96.94217178
30.09666184
48.86540924
1.95677898
54.47113641
28.18184580
137.27876034
93.83504212
32.85476574
13.89884795
50.38050864
58.21075443
24.59135605
36.34869858
76.73151208
35.61108808
-1.90001579
18.58089465
-2.92619213
26.61894060
20.29500504
23.77020660
13.25114044
49.91129579
70.26593106
80.53508753
-17.46059412
7.50256139
54.49647311
20.54229498
19.56104589
9.00367670
39.64242007
37.69233461
156.91847664
59.34197933
77.84204975
65.34208790
81.10173472
27.31662117
21.34998364
36.25494265
56.89814061
142.22676801
32.78268018
92.92379567
32.17869557
68.17250074
101.43368903
78.82271869
109.15525206
-44.61813778
-14.87032930
63.03489666
13.79773412
19.49324212
29.17448313
17.04363312
25.12438899
33.57451784
11.16243496
33.05014317
72.73925074
59.18435975
17.48613903
0.00000000
81.90847081
31.33785565
71.56858226
-6.41363719
21.58966323
31.39777103
19.74888429
32.87592253
7.60167403
50.73777085
61.31152405
43.34810985
19.49208699
143.32599305
59.20014121
89.42940204
77.40562812
27.12571575
12.93477634
36.42378639
62.76485244
22.77700866
35.35887863
91.70233584
18.39031204
8.18178886
28.48109171
3.84793910
13.94055423
27.47849611
21.53255459
31.09626469
50.43457945
