-137.71171585
-275.02524630
130.50479651
106.34479260
93.88328226
110.11458909
57.96405981
81.57371045
-33.03759170
-34.53394784
-191.05739503
44.70565568
-5.44747967
50.30960601
378.46402412
280.87785129
74.82095792
124.41576476
-326.99521579
-343.07888224
-48.95823371
-93.32420300
64.20547926
-277.01898129
-306.60912291
52.69152627
-42.89941665
299.29733368
398.29664011
-74.91236262
-118.43606192
111.26849867
87.58757030
-101.21598923
10.39257056
62.77482422
-77.25820017
-39.94020410
19.14324097
32.66439068
33.97488089
0.00000000
-315.92561765
-24.20796470
-98.62691561
238.57094112
21.13065715
84.83468932
74.77130109
46.17017663
32.38110854
-148.69324662
180.67396442
320.83865532
260.30205533
72.08540831
18.14807508
-245.85002793
-293.44418399
-310.98640399
-18.57957622
-12.66607046
340.33759578
60.73243923
0.15137507
-156.97985353
-5.11484696
192.96255388
168.55279482
311.08384944
201.69573387
-67.76599043
-47.58441268
-51.18208526
94.72840525
-431.53430051
-100.03436005
137.41997448
-426.86616783
-80.14890718
20.26158461
-4.48423516
-26.44518991
-36.20228057
-121.95211402
-291.25292767
-235.21213397
15.73135420
36.71601403
-72.89637409
191.85628860
-162.94337863
-66.02657134
-194.74240329
-409.46131105
-87.83630595
-115.10995458
48.13568188
-233.66909625
-366.65933879
-458.86041283
-199.82185545
-149.97855217
95.49119483
-184.91722535
-162.95868875
96.61869045
-506.20157823
-572.35927278
-122.36947921
-648.64866927
137.38280237
-218.96666266
-162.21932422
-157.20230657
-267.90104105
0.00000000
-167.68160464
5.74646682
-173.79316823
-42.97959219
-70.99337650
-4.73747471
-293.76621880
-224.86992675
79.01064209
-118.26046891
-182.81298758
-66.31837859
-59.72617769
-337.75456866
-278.68765497
-293.38517633
-461.81895818
-336.21161417
-88.81047756
-107.16850702
-328.33729712
-94.61095754
-125.24417308
-247.56018798
-46.51562187
-97.12405946
-240.45161070
141.54517338
-200.86325429
-138.00089405
-59.81488270
-407.53842188
-349.89547247
