63.42752491
-4.68752719
-105.98719571
-28.48157316
44.64354955
-12.17732437
-9.91920240
-11.27705353
-61.11793456
-36.57470694
-53.39357733
-49.52046675
-86.30552705
-87.05234960
-24.13595055
-46.68387902
-38.61235193
-40.17046671
42.74685719
-101.40131230
-2.01981672
-74.27162150
-19.28887116
40.09911484
-84.52848292
-59.23647675
-105.52039946
-7.92048678
20.95078080
-71.67099101
79.16252166
-7.01474981
-36.30424476
-68.74755501
-47.58933664
-23.97420854
-25.95941106
-44.08166387
-112.57958463
-91.52699262
-25.79265743
0.00000000
-61.68206662
0.93733861
-15.12494412
-24.75539489
-35.35813457
-14.97050450
-15.51423254
-41.83609224
-10.05499685
-0.51713825
-63.62915411
-18.31476902
-11.91992028
-52.15402011
-37.15784403
-8.88075612
-56.64694690
-14.49096758
-6.18820313
-9.51321588
-210.96078009
48.24966330
42.74523154
-23.21663741
-22.79700745
-54.28605814
-16.01833445
-4.96166784
61.84344165
-51.42341260
-10.13677565
-37.82379513
-12.47010004
35.05485684
-86.71653733
-68.26480272
-136.83632288
-15.45742816
-38.70986927
-44.02457121
-39.45116528
-26.05236692
-34.47919733
-68.60300204
-103.80058532
-57.18939417
-77.87752444
-122.26724977
-64.73722548
-77.33144288
-57.46128354
-106.57099187
-82.94411788
-84.83569529
-54.95939693
-9.92481693
22.51963375
-213.41419659
-255.71558017
-152.12500060
-211.74570441
-82.88772335
-47.96660870
27.69235003
-22.47730412
-143.95431519
-120.56653922
-96.49180773
-158.99505021
-26.22135437
-81.77424936
-123.88613757
-25.35375661
-61.07567525
0.00000000
-118.94371142
0.50250923
-55.48651741
-77.36077753
-62.74818117
-11.40004024
-108.75149774
-71.90211244
-28.17748452
-18.09920678
-65.19931505
-70.01124066
-52.79643871
-149.21230748
-118.12355518
-98.47345289
-132.95410651
-13.49095998
-49.95545616
-35.76219998
-127.84625238
-8.04758385
-3.81146959
-68.40196757
-31.34570516
-147.93007332
-82.07773575
-68.02783820
36.39576617
-17.15945190
-41.06063951
-109.88064034
-118.46389367
