-52.06851446
-123.47593242
-49.35842814
-116.66436602
-93.83713721
-53.33871469
-45.67210345
-14.31522084
-3.07212268
-69.11582889
18.14778006
-113.40535449
-88.90612807
-118.20495679
-99.90464856
-110.48041742
-61.47081943
-69.48015624
-152.46723665
-19.71214523
-143.98774726
-56.53510485
-20.70233494
-36.74849737
-19.71917643
-138.25059509
-86.68705262
-76.06439835
-90.59302773
21.29846356
-29.44394576
-49.70655612
-99.95741255
-153.19313841
-62.39362321
-127.18376393
-61.66416257
-138.97455023
-87.64903505
-73.85952508
-55.02028245
0.00000000
-33.67569167
-26.92564189
-23.25826889
-48.87595914
12.54312576
-41.91923094
-86.14528184
-32.90531898
-1.72129322
-67.61036352
-77.64224793
-57.26167793
-69.73144993
-29.80554044
9.77733585
-92.45302144
-22.60689445
-195.83046070
-55.03295175
-45.32787285
-120.98140571
-4.60532412
-53.27533140
-19.57127417
-32.29957488
-75.17862451
-88.94897932
-49.13930610
-38.14026031
7.64339658
-76.27543447
-112.21287902
-100.33422501
-0.49780507
-35.15707163
10.04819416
-11.59030351
10.16586651
-4.94433233
4.49409884
15.55227956
-14.17061766
-29.96328650
2.21699033
-64.61705838
-27.37035306
-60.49752738
-6.44002034
-37.55598158
-29.70364552
-32.80895521
-33.36927120
-57.36161326
-37.22829359
-38.24695097
14.49462915
-7.15972431
19.72845540
60.08003867
74.80361273
10.13111700
38.02313654
25.20479829
-5.72056375
-26.82368034
-23.93527578
-12.63854051
-48.33098960
28.61524172
-72.22345522
-14.00812398
-68.28264357
-47.04131005
-1.11035469
0.00000000
-87.43707947
-6.68097354
3.14420072
18.74804468
45.57304655
-7.23241320
-61.69277026
-15.35374063
21.19357157
30.35288712
-22.39161554
12.36609139
-25.38343971
203.21979508
72.00276557
2.35686310
53.71795535
-59.51553257
27.42081897
3.48365546
-105.27318114
-9.38400943
-6.19246484
40.76813542
-8.11446212
47.92732579
-24.40817213
23.08875014
-12.12566848
14.62150141
-20.78236082
-14.73153949
-2.56015210
