225.05859644
310.58007726
13.38019979
166.92499042
151.76171612
76.64385333
80.92747428
86.38476728
84.39736511
109.55485958
173.57203129
231.53213706
295.92245454
214.69800472
143.83065001
181.56212519
91.85694395
108.81814664
492.44022106
216.76687694
142.43771634
163.60085548
61.08496360
202.15704452
195.59490359
196.94361325
40.50876537
87.25783013
128.77929466
80.81929483
134.81835713
30.79573883
157.19114045
281.85898396
131.76097129
186.10147839
94.68126879
210.95101734
146.23514277
185.09548964
78.80530212
0.00000000
271.76561513
220.44115096
233.43219467
90.37603443
47.64538963
86.91545408
112.91786802
92.09108197
47.48555577
316.01883625
104.40630433
136.48566428
180.97545624
169.55072066
100.46503559
474.02607932
218.11211006
392.79328804
172.22422264
130.54021444
200.03666837
65.87643530
122.73103419
116.67267245
62.90682820
136.76944550
170.49700226
133.00531418
78.60511148
72.78183273
155.79077195
263.01880135
141.93328455
158.08971881
92.68837559
68.42440431
70.63026806
176.48155984
59.83659224
87.65677751
64.12910990
99.40056712
130.32670301
131.02902969
214.76727212
222.77809920
313.03389287
32.66050496
115.50249367
161.52926284
149.92325230
178.15196727
122.51116906
22.56939410
172.02431436
87.81818804
196.36247224
80.37542624
-5.30461162
44.04751822
-102.81856852
20.91282356
53.64391019
61.80202603
45.72705551
154.69741711
173.03698272
119.36879054
136.22336736
76.48645310
214.56016990
283.96980658
260.12749045
116.80449545
0.00000000
169.50996335
227.17468622
145.64798896
91.22315526
43.23948368
166.24595907
136.60198660
115.62767060
39.69209568
190.22640717
173.83213050
147.41693652
114.50731546
-98.92947105
-5.71352436
386.35282070
100.93927401
253.26748357
123.61434960
88.40586549
216.86468760
51.81433399
175.50439635
104.56754076
54.67437738
12.69692432
190.31700981
80.50171211
115.25853116
76.02695186
146.84713233
190.02507313
155.52330745
