53.10544690
-58.83478381
192.59350154
-30.05222863
30.88796980
56.88485315
31.97196425
18.10975883
14.91717481
54.82779662
96.28052117
-66.46223965
5.56944971
-87.98097345
104.72507621
112.63481127
-27.66313615
-18.05394994
-98.96891640
138.82460689
60.66711211
11.26843793
12.42419452
60.77316579
159.81396384
110.53853289
244.91711423
57.69317601
41.79485684
152.72699832
22.57473503
20.22197203
-33.10894836
-85.01569556
-54.85240404
32.76540305
66.56654432
-24.70098488
-55.81690476
-42.00851047
4.09287478
0.00000000
-28.22043626
-6.61816770
7.05058960
16.22997187
59.44927664
-33.32566730
8.23587864
-14.84635073
21.21493684
-62.57602710
20.93187469
86.21167766
48.07677515
41.18168414
70.33440958
-94.13381463
89.23508131
-6.16722275
-18.15399558
-10.66453460
44.32365037
41.32698303
5.28493229
74.15709372
15.62796882
67.42489553
-22.79206331
13.41959399
48.62281508
37.30708169
-12.04290378
-7.96208378
-11.90798892
57.99722095
3.55937138
126.85267615
34.71031253
166.74127203
37.33205142
29.12789327
6.07929169
23.09831569
15.26042779
85.62059825
-45.12082043
-58.67124335
-166.55136444
164.22113164
98.26088260
6.16822658
-3.49207179
47.61156902
196.02188236
41.45514504
-23.17490764
4.70910760
38.00865656
198.47534511
216.20661023
319.14161382
275.84185292
161.96976376
197.20820849
29.16086723
-3.24967731
9.53965393
-5.94519662
17.03078173
56.67586705
27.17106436
-49.40900875
-56.86646260
-43.11531818
23.45717744
0.00000000
-35.49243380
-3.51213946
-4.73187473
81.52253250
81.63462533
-7.12816031
26.73028241
19.90666366
-16.45382626
-62.13682699
70.08548114
81.35661621
99.60337439
399.19515901
245.13930501
-45.05751660
186.84719624
-140.56406752
-11.85532501
-24.44002042
13.83999397
5.64566371
12.27221175
118.47772289
13.98585981
137.92324234
13.05851591
60.48910999
67.88328687
81.20445689
-13.96106888
-12.69233109
-4.35663219
