-253.65678431
107.64366755
-319.09347293
23.77950493
-97.79371695
55.08564089
-35.55571528
-23.61638548
-39.01225187
-71.06141637
-17.92355392
48.40801609
-46.37291197
43.81260901
83.88695945
-102.49443828
33.45555908
53.15327464
229.33427413
20.59662832
-55.80752227
-5.59598892
-17.78880388
-282.79732268
-97.13225423
-67.49435668
-277.93398487
-167.69025939
-118.32156271
-144.31649998
-206.64439733
20.55519035
21.47203570
25.42604091
24.75138635
-2.16927841
-117.03611006
-14.74021091
132.26899586
76.56352573
39.81603021
0.00000000
167.37733945
-114.40529114
37.24274421
-52.93203983
-80.43267465
46.15749155
-7.61551600
68.46395739
-51.90969137
39.39376480
78.43502448
115.77994240
29.58786278
18.86939283
-107.66380316
98.24444859
-54.78376270
106.96186831
33.64576972
4.34830683
81.61736873
-114.86888540
-32.90807013
-87.07728108
9.37059276
-109.15750677
59.87167170
-7.52820141
-12.45758845
-60.99053712
-40.21588513
53.74230711
69.66456964
-290.86375765
78.22861759
-248.97176158
-246.34323288
-234.01163136
20.95581211
-63.43625505
-57.88440586
-17.56233567
-36.38464812
-66.35732864
-222.17883826
-85.28283254
-110.04469916
-236.98468058
-143.39462612
-64.95130098
-59.88634617
42.28658019
-44.21908251
-74.86894024
18.16957184
-13.40196025
-168.60265625
-143.30699292
-334.06431193
-299.70203150
-516.16868778
-379.17413509
-250.04690304
-156.24128120
-35.97664711
-108.35025343
-220.50964528
-94.30131538
-119.10154595
4.02766465
-97.86780228
-32.47248945
-100.82181910
-60.14319793
0.00000000
112.33914394
-69.47392375
9.06078679
-263.39488686
-125.17089443
13.23934458
-36.72740781
-71.85116314
-19.25529644
55.50923231
-234.14518611
-116.16609004
-175.67272068
-402.39917920
-279.06895644
62.19942160
-226.66708246
30.83786661
7.69602574
-4.68296459
23.78451841
-63.25052685
-27.63819292
-155.20128217
-3.29979327
-318.65957836
-235.98752977
-175.16654169
-101.39343243
-81.45769108
-15.31064459
-120.93037378
-26.71978045
