176.69114761
307.48680791
232.92833944
50.91534869
183.00727955
138.86610189
91.47264725
77.06584110
219.71366036
230.08318768
318.28553284
89.12971780
216.27038945
96.66808359
207.21668295
195.84940343
79.71997789
64.45163175
340.92187460
479.81843096
172.02424499
227.73673153
108.91762168
200.82333801
486.13102627
138.50180132
378.38775031
195.55384662
150.53523655
310.78206370
4.15066593
52.44783748
102.59991853
152.18010505
99.60503083
99.96403677
98.53000691
124.03640872
91.80415004
75.73939483
91.99165749
0.00000000
341.25602499
103.84547652
208.80288820
81.53721492
187.56259985
65.03405268
67.87477008
72.62694512
49.98568736
230.66910505
141.72380669
134.36248678
113.50067533
266.68636669
241.30421352
474.65228751
464.55414765
293.37592259
118.43649378
115.84385231
225.87513348
29.76936649
84.87920360
310.68684453
125.94909749
146.27005056
31.89944587
32.34949372
56.80328216
245.66742464
89.70340159
184.00347305
76.19239499
229.53127436
320.48306682
216.76602749
289.10984616
395.53666700
153.78842372
85.48444140
71.28734282
185.72686848
234.60752651
513.79977895
199.53718648
275.95793434
113.14743686
404.17657241
190.55283863
156.64419765
117.15192961
343.48545647
524.81360015
216.41157109
213.32554400
66.22178803
181.65118193
507.84628221
377.93034838
428.20327829
430.69473614
316.40888405
404.87649901
41.57245406
78.54425826
296.92525723
426.41062436
172.35905181
360.50453425
80.35474968
249.86344933
178.05429224
135.75614847
196.12934639
0.00000000
433.99591377
64.32105005
260.73827320
213.90609753
189.11893220
48.71696325
209.48428189
173.78419419
52.12002378
220.67534651
269.37977150
264.81983051
243.04254697
588.31465299
430.88447780
404.32363996
593.16171514
400.11221755
165.63186725
141.11630339
269.47517602
69.69034509
137.11690960
382.07661411
128.02011804
340.54910280
198.59262606
132.87450927
105.28997223
241.36353318
139.40597936
346.10830075
254.05720590
