110.51314820
51.40985340
220.01875563
15.72164284
96.60160404
54.43050494
56.52828230
100.78374627
201.60443266
134.08165380
147.76860011
42.63775133
80.84384003
43.22934644
75.76486637
131.84289522
47.03126340
21.38550609
73.38522033
241.67384925
48.05659344
57.82553043
53.27482106
124.25274436
315.59215591
83.46021567
296.15902798
276.66704939
186.50531452
277.48979661
11.69679135
20.69004643
63.39268281
81.28919941
49.97781667
54.18745177
54.75931335
87.14458257
18.83331923
33.21093016
46.65685886
0.00000000
53.72766244
54.68932549
99.60928809
103.72369395
189.64382804
28.38495942
22.64760565
34.08582118
28.32470834
59.86209776
34.40567828
11.93684548
66.61021930
245.70087032
194.24357068
151.38909030
270.35769756
179.81970596
20.98379616
30.01231351
77.28966260
17.85164595
21.67564774
228.57730240
93.46682586
181.75189207
-16.72531055
51.60085767
-2.13211465
187.55408525
45.22259742
117.49818668
21.59791452
158.28023223
138.22891057
291.53600073
232.16619844
212.47594684
81.72195805
76.82176236
94.24247576
171.23405705
186.77292817
299.40977254
167.58868595
232.86949575
122.20352781
311.52181368
158.66110347
92.80767568
71.30435668
209.00123057
299.88734546
109.49458412
97.18084415
31.48462591
90.35710433
500.62089377
390.77513947
448.61958269
521.77547550
419.11651629
349.89866194
32.51892249
57.90577754
203.91909154
344.35336185
111.26295259
347.50015558
17.17325550
186.92241611
124.50345545
69.30987522
188.66479110
0.00000000
121.73463774
36.78114851
172.96539189
246.88200835
224.39264711
9.53817890
139.52216943
133.94892471
33.19883316
107.09369216
195.95940190
157.56470789
211.82084614
632.16594920
447.22696690
199.05752604
425.02132990
305.23524365
104.45412585
91.52384223
127.54450195
39.33725994
55.48957899
282.67307951
106.63683582
430.61460772
199.88988500
184.88269663
42.21400629
216.60691294
98.19729086
280.76225682
194.85991634
