-2.05239937
132.02815936
145.89015578
56.66111263
29.62754922
8.64015018
18.43908124
41.59037011
44.89926330
65.06302660
116.59341759
-25.94073368
-85.76703600
-85.58883619
67.17741419
63.79301373
15.68860888
9.39638546
164.58841970
151.56621051
63.93347827
93.72268712
5.55918108
-40.15601830
172.94036506
174.88581732
210.09431220
117.18110474
109.03602152
131.04690617
-2.46838351
-5.94674766
-6.38775476
-0.98342096
-26.76252385
126.10524877
31.85804824
14.20611261
-34.59359059
-14.08656663
64.45533348
0.00000000
149.30576033
-32.46776744
115.70177754
84.50836688
90.24788797
-57.34028070
9.06230139
5.27625083
-1.17866829
121.73138435
35.48664569
48.75644132
44.30496988
120.14923870
118.38737490
174.94317731
155.79392571
171.06829584
64.02278251
30.77621620
22.28999393
-8.41399903
-32.98984363
114.69027970
28.96700983
140.62033677
47.20069176
52.48923055
-7.93490609
55.24372704
21.68143275
49.71137578
7.46405734
-1.94563290
64.70976967
96.51313008
73.32993873
37.84452894
-3.01243949
25.07845854
17.03223293
64.51820943
57.27522333
105.93759222
3.28274311
-52.08834947
-116.09156962
92.79178714
50.35488568
-20.97715171
-19.70748598
56.80526857
118.03207882
23.43860250
73.23342632
-14.25217466
-35.79684152
160.43014271
128.27642614
90.87433341
66.29822009
20.23664979
130.32286788
-8.70509585
-45.08541343
-53.31929896
-8.32451988
-55.26215857
59.21912473
-19.80474245
-58.45797905
-23.14476063
-60.08329700
64.96628906
0.00000000
46.11266094
-75.02852768
71.79378456
49.20874407
76.55275597
-54.76485343
-27.60573591
17.86746722
-26.46400815
69.32155176
67.75545229
52.24905830
69.77744188
176.20219047
165.27679191
81.52425564
124.56084084
36.84312592
10.53862205
18.81463412
74.46056735
-30.87839349
-36.52737329
95.48191881
26.48462085
67.34834959
45.23069966
16.22793423
-22.10998879
89.62064569
-2.57914339
20.40364230
-31.03615265
