-74.69079821
91.51276813
-190.52881767
-11.25000436
97.64699794
130.50711322
12.01299059
28.53234323
20.90158156
-50.31455906
62.06608544
62.57750784
150.29774791
97.13624123
239.47217662
72.65884507
31.02093567
68.00170612
249.82642748
105.93953624
-56.89851597
8.14807424
5.34001182
-105.83606602
-46.81889122
-73.21091894
-164.21628253
-78.74952169
7.61588141
10.01507304
-144.56627226
71.10938951
27.78701727
-33.64558072
5.83758331
-15.90796078
-75.57865436
-2.25855788
117.42066245
67.93956268
6.55433187
0.00000000
186.22235558
-49.15241162
63.22808797
-10.02427032
-3.02498466
88.82583567
-8.93210049
60.86273130
-9.78314794
65.24408431
127.37707951
247.13147387
140.37133095
82.49403363
6.67149652
191.24918730
38.12326496
109.12031447
0.83801947
9.29630945
211.44935740
-23.12878729
41.16915464
-22.27719137
30.84964039
-48.61786900
79.91459497
81.61559125
94.87949515
10.44424441
-19.17091471
38.71980371
45.02951643
-212.79099812
56.88307926
-53.09914611
-280.38285346
-45.96935736
86.50938218
-6.91678211
-14.52404029
42.16644078
-12.73394454
7.22489017
-168.65026755
17.98645827
-27.22882797
-57.71779426
26.77197408
-44.71705383
6.20069809
87.50496854
61.97348326
-87.40201259
12.84225814
-1.78483845
-73.02934802
-30.49269649
-269.47390728
-61.94088632
-322.57604148
-120.01959107
-45.73007527
-121.79445681
61.48251783
-167.98298810
-254.97829353
-93.88693167
-152.56813428
3.86178462
-93.97090719
41.88094395
2.91902583
-60.73965536
0.00000000
125.70236930
-27.28022035
27.67631921
-121.87360980
-15.89980840
110.04199967
-72.11149534
-53.87247362
-22.27235686
71.78645336
-90.04353764
29.41422655
-47.54297121
-189.89233305
-70.68468059
192.29662803
-64.60793700
122.58441016
-14.66009309
-43.46653697
21.01384053
-10.59346882
80.46067609
-23.80045670
12.57160218
-123.26743548
-141.20144898
-17.86743798
-5.29774325
17.06119011
-46.83184935
-91.32753917
-80.12024639
