-105.14472941
-64.68857458
-96.85147338
-85.85005696
-142.67589036
-73.13032932
-44.35544145
-19.26114091
-2.27921223
-27.65791887
76.28044821
-78.77086970
-115.96653502
-80.06388576
-98.34562948
-113.86966277
-57.56425929
-65.51625473
-44.23784187
50.77270335
-102.93337064
-14.78895307
-23.78666589
-96.38217834
44.32911572
-98.56665264
-68.83766650
-55.78877391
-65.84321449
21.14395648
-58.36528742
-75.66786317
-107.62099695
-125.60841551
-64.28747561
-112.65318751
-62.62040639
-113.52262612
-56.42279873
-45.82366101
-28.07770928
0.00000000
19.90221153
-55.33558375
28.47210742
-41.37324057
-1.72507868
-51.53273237
-90.41210161
-20.51565466
-9.81730507
-11.58905265
-57.90753973
-67.95648035
-65.70748427
-16.62188906
10.86736668
-9.84602362
0.69713732
-127.36879051
-10.57665946
-11.40079139
-108.15741761
-50.18167843
-70.95400726
-0.23644988
-31.93148083
-65.81391406
-51.54169158
-41.08337738
-71.66732164
13.49328652
-51.34425712
-70.90480381
-103.64267568
-67.62771241
34.22572566
-41.77309370
21.05412278
-46.71859523
-20.96355030
5.21963863
11.42668005
-7.51810168
8.83867465
50.39831098
-29.26892291
-89.65975319
-71.35644562
-33.89842412
-61.33835304
-11.13942942
-49.09621379
48.00349105
30.94900727
-12.46970321
2.53055292
9.89837237
-67.27051409
69.95986601
83.32204410
52.23981523
-1.88322370
-5.56038289
35.53690756
-20.81303576
-58.37492234
-22.21369984
-6.57898805
-73.14042762
66.66243551
-33.33106988
5.74418053
-94.67336131
-41.67525958
17.68234912
0.00000000
-11.86975448
-23.05395192
46.86588550
14.81890372
27.46647205
-39.41534317
-58.63781675
-21.10258365
21.87376620
94.91121058
-21.08135806
-2.53767613
-33.72133957
115.70655132
77.77117381
108.82850684
82.79191166
74.62367333
69.52610166
33.06219435
-63.80089029
-45.37342824
-32.31531951
56.16447843
-8.76842866
38.15227250
9.69760876
14.42160957
-52.71742221
25.96310690
25.36878792
36.51732942
15.83102966
