75.70342188
44.27098325
-99.11086920
-12.48990271
35.83398664
-8.42876152
-1.68175271
-7.08397674
-47.11366321
-7.77318185
-5.12338410
-38.75110944
-74.52120288
-72.49696397
0.65671699
-35.25909585
-15.74886782
-34.73565524
73.34137363
-43.70265391
14.67885786
-14.20173811
-3.85953734
28.93923923
-21.55182002
-62.17400793
-134.28516465
-32.62887997
22.70860382
-78.02258844
61.27896951
10.59845788
14.62759799
-14.83079329
5.25496659
-10.54259084
-22.12862635
-22.00906047
-90.73768107
-88.65441668
-7.91105395
0.00000000
40.20518658
27.21873129
19.23814797
-22.23184959
-42.22333686
-4.06959131
25.67430718
-32.25412028
-1.41185385
38.40231926
-43.45139936
-7.74931940
7.11512199
-20.41037176
-34.95121850
6.87332457
-43.04969504
39.04895914
30.71352888
15.31319383
-220.36995111
32.84864693
37.75758572
-20.90986424
-15.67813816
-75.23455042
-1.60394682
-7.21724292
53.92378814
-35.63866722
8.20329396
14.28911983
36.69630449
31.75008939
-8.60829720
-81.08451349
-105.45423002
-36.91118064
-35.17289680
-32.73651063
-22.65921700
-18.34301935
-17.16813112
-57.59119062
-106.84866098
-71.62092844
-80.18722753
-133.83020828
-59.13640797
-39.74986348
-44.39270111
-28.50235551
-56.66564430
-29.95463562
-13.49937774
9.48059891
16.14462622
-151.76793029
-221.53565232
-183.02932285
-231.25153094
-92.75155294
-74.74610811
20.12614882
-4.28241604
-43.23424448
-52.99271324
-42.56552203
-103.67795547
3.98601681
-13.94665239
-95.18327966
-26.90909432
-41.57575628
0.00000000
-22.94899770
1.97496862
-10.19555081
-80.01721276
-64.35922400
-1.30883884
-22.86414953
-71.47023826
-6.62222758
38.14936586
-76.37920827
-52.09436820
-58.20410652
-130.08506158
-155.61364473
-41.21773632
-120.49779663
4.45080249
0.21818842
-3.93092227
-140.87217788
-2.00181354
-18.04053145
-53.40523939
-27.99051014
-170.23248185
-107.41301690
-75.01088877
38.37763553
-15.95861951
-4.44615235
-52.35388521
-45.70762641
