189.51496095
-146.72667201
295.41305194
144.13619139
112.15412764
-60.11923120
55.77101464
115.54924617
27.99042678
22.08370650
-255.40377912
66.70952987
-32.08793715
-2.81948647
-15.68612288
146.90458080
43.11502823
4.74191204
-141.21196924
-261.77938060
-11.29229041
-184.53839644
24.86830369
204.35368724
-78.57581660
190.74166178
313.51324503
320.00344856
223.86860094
77.94897132
192.67218227
-37.22420653
88.04415392
75.19998692
47.31380904
175.51659442
129.14822304
183.56156617
-140.72943271
-18.59729417
61.28922325
0.00000000
-412.73385450
162.15685684
-182.74605041
158.63427611
143.66948796
-33.12417841
59.80718261
-1.63716416
70.49259743
-229.93632071
-29.47794868
-104.95241415
71.72540145
71.54522255
66.15994687
-272.45281738
-100.42963355
78.79457455
-49.47298513
-39.83923793
-204.86128552
120.52127759
40.49553463
-28.30605188
20.97992926
269.90364724
51.52419173
134.51745170
21.02231051
9.54368964
117.56412888
99.72746762
103.76618731
209.23096321
-319.88916352
255.92436605
179.57886295
97.65422435
-75.19733916
14.57510474
82.14883382
0.74832863
-50.83599774
-241.01112397
152.96253886
101.34213213
35.75188789
74.21092637
97.89583449
89.63023980
66.85498610
-214.95266823
-136.19945951
-82.56757683
-169.83642507
-14.59575394
132.42174341
-190.90308570
11.90589555
197.75334142
276.52080000
298.61931089
86.33240832
117.12479163
1.04627626
27.81393602
71.11024766
107.62851717
-20.52276073
-60.84729090
-17.97351657
39.89591733
60.64940903
73.76441378
0.00000000
-508.61361167
124.14751937
-174.68251057
191.51442340
89.12659426
-8.06044857
95.68366086
105.85447188
3.98891062
-310.10539426
82.26753205
-50.44001965
128.17358320
-142.31224456
54.39983811
-359.42357870
-180.08354863
-62.10283791
-147.12440035
-78.75588573
12.47906227
51.48641213
-12.82051579
-114.52648703
-9.42774057
201.85085737
183.08365790
158.18302466
39.01333435
-2.49614556
-53.31264021
-19.44554075
-16.34553396
