305.46023396
-350.88867856
-30.64298000
-169.01592310
241.26693101
82.62326697
-13.81064118
-18.40020884
-35.83573215
-222.73773301
-92.04811603
-86.66448569
297.76211415
-6.77433539
-14.96788786
-11.18012294
19.40123201
30.01238182
-514.95921483
-8.44591006
-168.24250153
-295.34416846
-41.17188479
398.50088124
260.09264797
-26.27385350
-35.79494169
-48.24017080
-175.83717116
60.25798006
170.47157087
73.95988788
-69.48616011
-108.57699620
32.86281112
-76.79899435
-36.64403125
-340.31397093
8.66214365
47.32097337
-63.60867873
0.00000000
-240.52838800
96.03184454
-299.62057591
-47.37346454
36.32389519
44.29353604
-17.57511886
15.06397208
60.39031343
-297.39104741
36.25511480
25.33708412
-56.48682820
11.80885112
46.17371762
-528.87724465
99.92904623
-375.36042529
-329.00363509
-218.47499159
179.61498935
177.91500271
142.89259186
14.31623652
-21.67962204
26.58227176
-72.68679234
-72.17730236
112.44663099
-1.04401947
-218.89349584
-173.13642304
-143.40261656
493.89435810
-309.32826076
29.13954084
111.82270550
450.81674023
149.84658439
96.14539973
60.79692427
-43.45622540
-131.56643722
23.82019020
203.19698466
575.87758767
196.20018250
338.16075776
143.08832356
24.53582536
139.05626269
-135.10298215
-60.13443551
-167.87059559
-279.16497914
-15.57011833
543.95248344
125.84493181
277.57632052
261.10862857
255.51304691
147.67737392
115.33498202
158.73061509
52.38633403
28.83866906
198.48442204
125.12052194
83.18043599
-79.66576601
-15.94896392
215.77191175
94.21759122
-17.59369731
0.00000000
-388.67845295
137.36735033
-172.61082753
79.96533493
98.62871867
107.71108069
20.82583006
159.14520340
16.86747171
-312.87858276
258.48643473
234.20414637
137.25221833
261.93414628
221.81596219
-343.29709766
68.44643568
-369.83845750
-239.80035484
-200.56419633
245.70511347
185.44699450
245.09328320
52.34208508
9.75310926
190.23305384
222.92069343
82.01022040
329.60351282
15.03803761
-189.15580901
-25.46096874
-26.42949296
