369.78658159
387.59940081
309.85283328
117.66519923
403.66663191
222.94681011
153.27103486
100.07036801
203.02741667
236.25031604
290.64937230
154.88696933
400.63909996
175.09265550
339.11348497
309.26053915
125.27341438
129.39965115
451.72568240
474.45820541
174.38534021
237.67023486
144.53953911
401.53127086
545.96792684
211.50381817
524.23591013
265.64536776
214.27137474
353.92718402
113.17962355
92.25343036
164.38004989
173.08580619
146.03749567
197.81724629
168.10691673
187.41475382
137.22682791
112.65602241
118.30738306
0.00000000
390.78742782
197.35390151
164.92201609
135.86114598
231.23749522
130.98083044
132.55275876
107.14379904
104.26888833
195.23632814
225.66308526
259.32558600
189.02738941
256.47478447
301.95921506
547.80934293
512.12995758
324.63178660
127.18557361
124.43440998
286.96552697
120.48086449
195.80761194
314.78795397
141.06537474
227.24900003
118.33327237
91.85933231
196.66534194
259.71506967
154.08664016
195.87914339
145.28717513
421.08849179
289.00149713
242.57678888
347.76965316
630.53264407
220.73190676
121.18501373
99.42517868
155.45253233
186.89562673
516.72556525
298.96323834
467.42880388
204.91039914
537.05816849
286.59916208
235.82747372
221.58528146
322.78400095
542.67390013
194.43029489
178.95591907
80.15254526
402.73021102
402.99484149
322.43081230
454.97755255
421.85975294
330.12558141
435.25948322
104.66121049
138.18007075
332.16736431
422.52239329
261.60635270
263.29035226
90.75619227
236.13700400
292.54591847
250.95370834
174.80105977
0.00000000
408.95159416
119.55883817
206.82767028
241.82732247
179.65790658
153.83632090
271.09216195
246.70442853
61.86353184
143.33208753
391.02288522
367.97747946
306.14771621
427.71111013
420.28315882
341.43504887
579.79781407
386.33749774
97.68940732
98.08718740
417.07213611
149.35164841
277.94100231
350.64790926
123.11675063
337.59476849
276.75111634
157.46387052
265.81667813
217.21603131
107.42835886
305.68208656
230.15438950
