7.64070006
45.97655193
-20.16414164
39.26553352
-40.85435009
-26.11220833
8.49822542
-7.25959383
6.66127340
4.55050798
34.20078406
18.81194827
29.55064535
10.54711504
41.59537303
-32.97280091
-9.43012516
-2.32504162
86.69614997
37.09865411
17.62721358
45.02043330
-20.51162693
-9.79150428
125.49784132
48.02850515
46.55189465
-4.51243845
-7.65078157
31.69008397
-15.75904371
-17.91587194
29.88963957
10.08247577
-33.17803993
20.84612850
-6.71559873
6.31087388
-6.18319316
-12.41223288
-1.09442266
0.00000000
82.70031246
-63.99181690
20.63543207
14.49331088
-2.74433817
16.52473900
-2.88771400
-5.55387513
-21.19925186
34.29526233
19.76303146
2.79816496
12.17471462
54.84110028
41.06157016
29.31714363
63.53297847
34.05929757
3.20166328
4.05318318
1.93448880
-19.61299001
-10.52202920
23.31570681
-4.01252203
14.20079396
22.34701104
-0.33824356
-43.23965873
18.61853778
3.88492844
20.88188658
22.77856308
-1.26739065
27.11694570
-38.15142976
-19.83729082
6.58708591
-37.18609101
-4.35016037
-8.51154189
-2.56878599
-13.87000928
-7.20479583
-23.78283651
-53.73642810
-66.77563578
2.00610472
-53.50852521
-25.86863109
-21.61261021
43.19845095
50.69483966
21.61011931
20.77060091
-9.58214743
-23.49618751
75.84076732
-16.50574195
-20.94021871
-88.85389341
-71.81404088
23.34532766
-4.71164081
-15.20804692
29.58650633
-41.85143649
-10.26640576
-9.62102319
-15.79767646
-23.95264202
-22.75612892
-12.10174511
-17.55734393
0.00000000
46.00573110
-35.96802814
2.87821911
-16.88413354
-17.72963304
0.10922955
-42.43646708
-20.94973747
-34.28168040
16.31932926
10.07434001
3.99345671
-1.29241108
71.88718359
38.05715670
0.02497093
53.65494646
19.40566900
0.35030271
0.17323343
-51.59626560
-18.43466752
-39.62307653
17.66601068
-16.62819228
-47.52346149
-30.93182133
-26.77635126
-34.49563230
17.47137481
-12.17224647
-3.65607610
4.60077586
