9.62743200
-73.97557197
-3.72056048
-0.46676813
12.26303772
-2.54890233
-18.61247146
1.50649431
17.88618505
-15.97005532
6.77298137
-8.71435823
-18.44934268
-15.36976273
-14.15524293
-13.16073225
-4.17782507
-6.19578079
-32.72391838
36.65949172
-68.81003437
-27.13370698
-11.76235851
26.79777737
21.00999795
-36.93434201
-32.60186001
-29.91190223
-20.73014745
7.98108053
28.71645992
-23.80326558
4.13311092
-54.54637675
-19.87154886
-69.04715816
-28.35056482
-26.36780096
-5.82062508
-8.90366474
5.39576729
0.00000000
-31.84420571
-12.98850552
-3.76480930
-3.82103233
4.67491492
2.55251229
8.54795682
0.22967537
-9.09652037
-44.27190467
-4.71432061
-20.66905519
-16.35874678
-4.09564390
9.88554741
-89.37838443
-44.66847518
-50.53640488
-24.56964872
-31.00221239
-66.69724075
-7.76005190
18.22741513
-12.89467528
5.54318420
-29.97436236
-18.01399694
-11.76566498
3.48533522
20.54612512
-11.23567844
-13.36827450
-5.55967490
42.74697760
-52.26134541
28.48182728
60.32029831
69.20524095
8.23019096
12.93722771
7.70080316
6.95765134
-18.34357868
24.31239334
24.65390217
58.99800820
23.67853502
13.75878965
0.12824654
16.46908896
6.96274066
-31.10855886
-13.97051329
-26.43970216
-22.13597079
2.34226613
50.12402851
22.47708845
90.09692847
38.50325057
20.05410331
34.50722573
4.85181445
25.71493281
9.43354055
23.71319030
52.30473557
26.19890380
85.21754013
-25.87729648
-1.82925710
19.43856820
22.32972894
41.56184349
0.00000000
-78.19247943
17.32216691
0.76183510
19.97033780
27.23622414
14.02724524
39.33972858
15.90127541
4.75209678
19.97469487
16.57713439
11.63800814
6.01860290
167.15725473
38.01526749
-85.56618309
-3.37370199
3.58518637
5.48354706
-1.36482390
-20.43639524
12.84736827
37.77506746
15.31974397
6.48092452
40.36247888
28.83997753
10.76941005
67.14657770
15.61894028
-10.54447335
17.92335690
25.27500997
