23.51038991
18.53041307
-78.52447875
50.25628982
-11.78905800
-37.69130178
-18.56079250
-21.14522041
-4.35918779
7.43297043
-4.85756364
18.39762614
-15.77964077
21.03946494
-11.66361617
-70.72522885
-14.92554374
-6.85424686
68.71399243
-4.25201084
25.25963568
31.65013235
-44.34391567
2.65348953
47.19534983
16.17677240
-74.36939907
-49.66601396
-33.36829771
-63.62561881
23.14877536
-19.42505109
23.08710257
2.28165629
-28.20147704
-16.47366838
-20.05703462
5.75839924
-32.55283306
-58.88747531
4.02794214
0.00000000
35.61252880
-89.97308434
15.13123252
-4.16160162
-42.42024163
5.60727797
-13.14365459
-26.39742177
-41.38654135
55.25054890
-1.71860924
-27.90377760
-23.18291990
-2.82689014
0.36354420
3.15483362
20.05037825
13.50057249
19.35289513
3.92647515
-156.05084997
-1.80991464
8.26197736
-18.86641238
-3.83673298
-23.28990275
14.06241697
-32.54333934
4.19831425
-5.52160332
7.49260631
6.61392733
6.31490671
28.78294790
4.27626351
-83.38360852
1.04275935
-2.98713662
-36.67724472
-26.88307569
-13.37225351
-7.49577576
-8.27963647
-59.15695506
-22.97731109
-61.51932198
-2.12907814
-78.23900449
-73.40285502
-31.25089896
-27.25850735
8.26246224
34.37661210
4.76098042
18.04738304
-31.34636471
-1.84170678
-21.51545108
-14.40513235
-106.50491288
-121.59216052
-92.49377164
-42.80421452
8.73716926
-17.73070005
35.07732733
-48.16966021
-56.20460639
-13.05736608
-20.24727896
-44.58429416
-45.78428173
33.36590019
-16.14599904
0.00000000
20.93860169
-69.75177884
0.02088920
-33.76771442
-47.00468566
-9.85400911
-56.83810549
-64.08510155
-45.50145414
66.65541852
-16.95024442
-11.34606881
-52.35185814
55.94260061
-36.22096664
-2.67502604
14.15097462
38.99013811
9.26251524
5.01719496
-79.55698402
-12.59860206
-13.67158520
-2.49734462
-23.47556823
-86.69713593
-52.05760908
-57.07283336
5.58738023
-11.04434016
-9.05236611
-16.63689445
10.43200769
