-57.03708899
124.88358158
83.86479871
94.11953167
-64.66446537
-2.94686191
44.72599312
21.48448202
15.58801966
104.29884951
19.41645461
22.05778429
-42.21994626
-45.97948363
26.29149341
4.80006265
24.00693498
15.78925477
177.78878895
57.01662015
76.52568418
110.74881675
10.92736830
-59.97543551
-94.37307716
51.58799450
109.57460244
74.14681573
63.09316382
52.56342979
-58.48361993
-15.75447143
49.46964395
100.53345173
37.70539667
70.27926100
60.74211060
70.66652336
16.72464124
-6.68995823
39.16129612
0.00000000
75.34764527
-8.81711696
70.72712101
57.80851011
40.23840594
-5.07881306
28.37912974
17.38307780
12.91701959
139.72862253
-12.49336645
26.94285178
23.95730218
-57.13792564
16.53840793
208.09700044
70.32679956
142.04965837
121.23047546
67.48301212
29.58608595
-38.39301390
-15.98001198
30.18117770
18.43709337
64.99828136
35.36249487
26.72070647
-30.37947035
11.25189015
72.41797297
51.31956674
63.59677330
-100.94486133
64.83713981
69.41780475
-17.65873684
-135.59004190
-26.56224505
-3.56314918
24.47527665
0.35106180
77.53985177
59.85076721
-16.28164049
-100.47989216
-1.13736015
-80.26502902
-24.00210636
-24.75332309
-53.12313236
87.79611393
90.68094943
38.48166293
66.21082339
-13.06217898
-115.47612911
-118.47845384
-67.90567888
-9.49163876
-7.70798564
-37.42913957
11.09452424
-42.37329163
-12.83200716
-68.54667758
-32.07331994
-33.73917377
-62.08854379
-7.10291679
-20.85212134
-26.39995813
-21.63940240
-8.17122654
0.00000000
127.81734520
-96.18261211
46.32425623
-2.45182570
-10.69551114
-67.30722344
-17.62636536
-13.60037764
-20.74997615
76.47730530
-70.27990755
-45.27432859
-28.92930661
-215.93416371
-93.34660147
170.37848932
5.02534864
139.16699044
30.72886657
39.58325050
-52.12962963
-72.10447277
-57.03865686
30.06587055
12.20541963
-25.05253966
-29.83969507
-25.85426571
-77.74553807
-9.99166864
-10.10581331
-41.49299212
-71.79281235
