-124.55309719
-89.86325411
-104.38419788
-51.22417630
-131.33903973
-65.15893199
-42.26385502
-23.47914126
-33.59466243
-77.38210397
-114.63928280
-60.51019189
-96.74191053
-34.49210846
-30.09520966
-108.09672243
-40.07789954
-41.23400441
-113.09018353
-119.43766403
-56.45855925
-87.59988705
-48.35414960
-97.89552569
-16.46986310
-49.22596923
-72.43218899
-1.17061622
-31.16959145
-36.56771182
-53.92946319
-15.29793452
-59.18282109
-72.24222087
-46.79392947
-88.61691328
-33.24248245
-75.77617853
-39.18698530
-34.13355817
-52.53500310
0.00000000
-68.47626330
-92.16817312
-90.50593325
-29.59836589
-34.74919769
-38.15940198
-66.13059551
-28.82649116
-32.14091684
-80.12897851
-13.30461207
-54.63091893
-46.30266952
-37.63891907
-23.77493442
-141.25706223
-87.99016773
-131.10464374
-39.01984118
-59.44366846
-32.23497295
-20.58152463
-49.53669527
-78.82420171
-44.49214565
-11.58546900
-16.35247861
-25.90288431
-53.31523574
-22.03225113
-52.62426051
-66.25613756
-70.46765699
-125.67590164
-53.57152698
-58.34820838
-67.90378847
-130.68778588
-47.60940636
-27.98495503
-15.13308756
-24.05392340
-48.23264633
-115.73595541
-69.85511977
-52.62750864
-50.71854278
-44.46266096
-68.23898040
-69.78594354
-61.99100901
-39.88818208
-110.82474495
-63.20379956
-71.34622955
-49.60989794
-105.46826279
-9.14065679
-34.67970337
-78.00648243
-22.76703460
-57.83251847
-55.76149903
-39.38702092
-41.91779548
-112.50046311
-79.64066052
-107.92730276
-71.00747043
-17.04335734
-44.97385232
-73.88427694
-93.08859198
-46.65417929
0.00000000
-70.59970584
-85.70529213
-63.09041594
-35.96905289
-12.15778810
-72.56332273
-101.88083059
-39.98087701
-14.09758496
-55.91938006
-58.01569349
-43.74583696
-43.24241015
-60.46843601
-24.69347464
-84.67360629
-105.47894546
-64.72107034
-46.20254657
-38.71443203
-78.09894227
-32.00753000
-89.65032716
-66.45452218
-35.22419730
-14.68201040
-38.55158687
-16.56646956
-86.86945338
-6.64696105
-44.36820971
-41.61430603
-78.94063299
