1.35526423
89.82782772
123.55894125
50.37515542
-4.79179482
1.77278958
18.35275737
18.87369835
25.18216516
107.50885266
11.21333916
1.07268284
-59.04612075
-50.72348108
31.69409281
24.46716484
23.33006537
21.57730328
126.40936103
41.19408352
65.36405954
88.81571419
19.89091536
-29.25070037
-89.45818652
57.24958515
145.34942111
66.08724869
58.76543122
87.79436222
-23.19446137
6.29882219
38.47664162
60.25367533
40.15031551
34.76263269
63.16130976
88.41295230
-9.69451829
-18.04123381
32.38187220
0.00000000
93.15133129
31.93232055
48.74992220
32.06792873
54.60329710
14.12573335
23.17475233
6.94106120
18.13556133
98.93867983
-18.03901582
21.00703059
51.62911953
-1.00686863
37.23077143
131.78262668
58.77983958
82.66677314
82.09116232
38.50794041
-0.39766473
-6.92099852
10.39817303
37.09561335
23.75830929
84.86759962
6.20419575
33.95425805
-3.72690718
9.93371736
66.84919042
60.25495070
54.90920623
-45.86484308
43.99429307
96.09210271
-83.48543199
-3.63194302
-13.72326746
-14.67791699
12.34631305
16.19072560
81.84468259
65.06591880
-33.48504947
-4.75308008
43.76912790
-66.72059539
6.24096208
-39.99590235
-46.60316164
80.32961021
51.96914069
34.48499825
55.74639379
-4.86536632
-58.73469513
-80.02026884
-119.54060907
11.38162238
-20.84229767
-21.90536204
41.01636272
-26.93782733
2.74601806
-81.66567184
-31.32388554
-19.02857106
-90.95735869
28.85089891
1.39171315
2.69350307
-12.35761040
-25.01544998
0.00000000
97.46895742
-37.99636032
39.36456946
-12.32838652
15.20302740
-34.33736209
-28.35613266
-35.00112226
-2.38372947
37.50960392
-77.19034003
-15.67285378
1.48935741
-174.15034260
-75.16986274
113.85391345
3.15834419
57.95510892
13.35067382
18.99729617
-62.63853254
-36.55087346
-50.26279059
36.22924976
9.82326062
-12.18131475
-45.87422243
7.85760916
-54.12824797
14.13966355
-4.01585562
-25.57280388
-66.41435820
