-128.74961892
-97.93122555
-158.22103994
34.69132265
-145.60052428
-55.26750437
-9.67397636
-27.07101227
-64.47509344
-87.76026108
-53.39194627
-27.19590867
-61.38743932
-36.83228759
-48.91455156
-80.59696752
-16.70143063
-9.94656492
-115.13363505
-93.78536529
-34.08934906
-34.97083236
-33.34114586
-104.35305208
-177.40699151
-21.05693472
-170.38255810
-66.48259110
-43.88190536
-133.72015444
-75.44751322
-19.44571567
-9.48472079
-21.43895565
-22.99824615
-50.86538493
-77.77783236
-112.18594115
-13.92453069
-13.65301265
-5.18049470
0.00000000
-113.97395636
-88.76927867
-31.60119306
-15.83820567
-67.86957050
-24.18485216
-25.34377931
-18.52144155
-49.75857710
-20.11043655
-0.66339224
-63.01376660
-56.46951731
-81.70550779
-65.74293070
-84.95352093
-121.92291463
-122.59866564
-11.41719547
-26.69633084
-22.17894929
-52.38003205
-47.80312300
-85.28863378
-33.02891755
-42.74415456
2.51150387
-23.72955915
-70.40801746
-66.56918715
-55.25947691
-71.68711036
-33.92627877
-155.42613332
-102.67003397
-111.28206568
-67.22499884
-273.54607497
-58.10205747
-39.48088082
-29.46110596
-55.78572548
-86.76026875
-80.96398953
-83.28753075
-179.71834230
-117.38025042
-143.90230522
-108.43021914
-44.10077171
-40.53940010
-123.45594159
-134.37725754
-73.87861485
-34.30116884
-40.99657844
-133.81795604
-213.30103751
-131.48964472
-173.71637275
-146.87855525
-78.49508594
-122.45601048
-56.87941952
-30.42556794
-84.28143160
-117.58496971
-59.95008637
-113.71915848
-69.14190523
-126.43484905
-99.50396871
-70.66104610
-53.56321121
0.00000000
-99.45830586
-71.69935735
-47.27875993
-52.16146339
-65.97099135
-66.26844839
-78.44021298
-59.16630878
-44.19076467
-49.34991009
-102.56387137
-139.33161909
-112.07969706
-200.61497722
-159.81810732
-96.01601579
-158.99140347
-80.69530973
-65.01447320
-43.57315313
-97.17263924
-29.95454724
-73.69200133
-89.24637151
-40.84148447
-123.21880196
-97.26879932
-61.24423592
-128.59737638
-78.32040253
-75.39977265
-140.39953278
-94.87262070
