65.39050456
0.49807699
-34.70205358
0.22028727
85.73915561
18.94832200
2.11181294
11.10310656
-10.23400730
-21.91427486
-29.32692194
3.15349616
-14.80232326
-18.73021810
13.80230960
8.72325152
-19.43279163
-2.33550250
88.64133661
-8.43640606
-1.10666086
-72.46148464
-10.37071329
63.82154247
13.18832738
20.03934581
32.79888554
82.18605597
62.41189543
11.27460391
56.76946134
-4.67810556
-24.00569487
-35.03685489
-48.00801568
22.80410457
-4.44194137
-9.99655895
-39.56226107
-7.40680177
-14.53263033
0.00000000
-75.29295606
-8.90351277
-17.71302438
20.20003932
23.41607209
-0.28766574
-24.48208966
-5.60788170
-5.79284441
-12.98772381
-22.67026481
15.55204488
13.16135367
14.78169888
31.20591960
89.64450566
38.41785092
4.99065910
-9.93630704
-15.07832969
-47.15504221
42.36309099
39.97771959
29.08988205
0.66368154
52.47954765
13.76096233
27.14161078
49.31845343
5.58770747
-1.92009685
-19.61133920
-10.68641727
75.03162439
-95.76947473
14.46979094
-57.37341986
80.03534207
4.04157027
-14.04682294
-14.66652275
6.28855287
-1.00983106
24.08850498
-10.51341498
39.06633469
-2.26357668
21.37576502
-9.30552980
-31.75608565
-4.83644723
-79.16492889
40.76293358
-92.87830973
-44.80954753
-19.47413024
45.27226583
-80.99925215
-132.60658952
35.16888431
-43.65838265
19.76831491
52.76960485
19.93722465
-16.17664895
-138.12909406
-79.95154142
-54.12649584
-104.91941832
-52.34126202
-113.08650695
-29.86231511
10.74585486
-29.13990588
0.00000000
-112.31408115
-3.05922066
-42.57329051
-8.93818272
-4.34021871
12.49950334
-84.07076346
5.57457409
-37.07525311
-33.98284249
32.79136912
-3.84029927
16.97125250
-33.95834484
40.02590656
-61.10881944
3.21540616
23.10541303
-69.63442375
-39.90907972
6.19713922
2.58611265
31.56014888
1.56160622
-2.23151552
-12.26375206
22.13066291
-6.17981215
26.59946279
28.34896551
-61.67152342
-86.01228680
-126.43295231
