-10.45659424
-144.21621503
-48.68154173
-53.67270641
-10.58940205
-21.05454748
-26.85629094
-21.63414475
-27.10666281
-57.23920066
-52.29772876
-40.00932317
-54.52284114
-17.60308765
-75.63996710
-64.57916255
-28.47368496
-30.51608445
-138.12080322
-33.31876099
-89.72931463
-80.58947198
-30.15752109
-6.21471560
-81.73244578
-68.94383214
-134.35731622
-84.74465071
-68.40966694
-83.34717375
-2.72589055
-23.74287044
-26.08604320
-71.41402070
-20.89591980
-123.83435811
-60.44189582
-125.69721769
-5.94822506
-12.57427929
-19.48166975
0.00000000
-163.57905237
-24.37200479
-52.51536401
-48.39786152
-41.20564109
-1.20958942
-28.97630826
-10.97364697
-35.28282570
-94.31234202
-35.06269403
-48.82745737
-50.22395612
-73.23369022
-57.67336939
-138.67886244
-125.95047693
-149.00270290
-42.60132177
-60.86790133
-86.15312266
-15.50352716
-11.85843928
-89.18943397
-16.00727538
-53.96572306
-41.73049329
-34.97559844
-23.89045143
-36.34688617
-51.51849893
-73.09635202
-47.56527314
36.37468885
-109.24904327
-25.51106151
-12.37058725
13.03015004
9.11728436
4.99959674
9.02229479
-33.10449599
-45.91654569
-29.95977562
8.69088537
-8.27416825
64.74216114
-12.04007634
-4.20171593
-2.65068168
-8.28430252
-71.57468834
-64.82706003
-68.00460172
-54.23445880
-6.49212744
16.95805269
-69.13642182
49.00626352
12.07853847
-32.52461202
-9.67422494
-54.92744924
7.37152006
3.78341253
28.09094317
-8.90675813
-17.29712957
31.96200351
-19.65023586
-25.69867127
-28.17639861
24.99385754
-19.35313800
0.00000000
-81.07830518
-3.70633501
-26.27696021
-20.53171465
-8.19184226
0.30227596
8.02650078
-19.64785944
0.58006485
-15.89941934
11.05026953
14.43488109
-18.36087572
25.37405820
-33.49025601
-81.39595389
-73.45442866
-10.49819159
-13.63455023
-24.01450782
-48.01642854
0.13579305
15.93541247
-33.68541943
-13.39418112
18.60779831
24.24083949
7.65348258
24.03492736
-30.92611218
-31.99344057
-32.57090930
-0.61741284
