-167.53930131
-86.44694799
-134.67138497
-75.52087228
-196.14925102
-97.60481218
-56.84070299
-41.09902087
-45.39742038
-54.35027915
-35.15696295
-75.20152630
-158.55796105
-58.57706958
-94.26970279
-136.09098114
-62.32817223
-66.23112240
-97.77358647
-62.49735257
-68.20230996
-56.56328747
-45.95381772
-151.97600492
-21.96435900
-91.11490872
-96.77310294
-42.71276367
-55.95915163
-44.24477254
-78.82288149
-64.45643398
-107.26045241
-104.17441990
-65.13866982
-123.71861758
-56.11565216
-109.97261154
-48.21502358
-34.86903871
-47.21425282
0.00000000
-47.63616255
-97.21094015
-44.15741164
-48.59166974
-47.68753966
-63.98568609
-94.57421552
-31.55619424
-29.95979089
-53.36296775
-47.26054565
-93.54564663
-72.81364662
-65.93344670
-41.84668209
-99.80254652
-85.07124918
-152.54334901
-27.86091322
-34.16564332
-75.55671851
-64.17175573
-83.30387815
-65.25459125
-56.76945686
-62.44821071
-35.75714911
-42.47183627
-98.11907945
-27.23574699
-57.43422889
-79.35037227
-112.12673023
-161.60365591
-14.70029655
-89.76045082
-42.22348600
-160.54036443
-59.69650842
-28.94584777
-19.50730384
-39.54583632
-28.89757192
-57.36982366
-63.70536980
-154.74083866
-108.01838216
-87.10915422
-97.61288556
-56.81571666
-87.70405021
-14.63275512
-59.15658020
-36.11389545
-40.85684735
-34.00415599
-151.45152056
-30.75566604
-18.06971034
-65.95911817
-42.15739083
-72.98187853
-45.33289600
-42.15518697
-76.84877141
-107.88721425
-78.20388492
-124.09234676
-33.17571165
-20.71664008
-40.98315312
-132.73400511
-97.67205116
-35.06441645
0.00000000
-49.66783822
-75.13505067
-19.99396762
-34.55022854
-24.69426084
-98.90794602
-99.35805699
-51.30966411
-2.62779142
9.40290945
-74.84927848
-67.66063254
-65.62481900
-96.03199455
-27.50295703
4.35969673
-55.69675103
22.29858027
9.23622556
-5.07913686
-95.07311766
-62.74924840
-105.32742951
-32.50753950
-39.99724326
-25.51649964
-24.11992061
-18.74686593
-113.22705634
-15.17433088
-11.30409559
-20.01694470
-62.70066486
