-994.39520203
-844.79158321
-400.52523870
-170.93958146
-783.46909417
-376.02992691
-276.93652786
-225.23793781
-295.00237864
-127.15620253
-502.84110602
-424.82010588
-1212.21843457
-545.38491654
-461.71873769
-457.38899089
-159.24818190
-270.56440102
-989.05001590
-775.30817086
-215.73918829
-371.83757159
-110.87610523
-1197.05994858
-1238.32091596
-404.35780826
-779.54167764
-454.97345757
-308.85533513
-666.30090974
-533.19195940
-177.22479167
-221.92690241
-394.40347467
-244.99062841
-300.91059392
-374.44716367
-328.11494653
-455.54010029
-452.66739386
-101.09717921
0.00000000
-1028.85197718
-469.23010883
-350.51055555
-216.42439623
-389.36096515
-307.40496663
-192.07227835
-265.95191652
-184.59922630
-431.21937921
-351.90843812
-445.53026773
-324.24262188
-423.20696971
-540.44549516
-989.95883005
-914.59177655
-672.00094604
-180.47737583
-139.04638127
-489.53619587
-335.27281623
-532.42232259
-540.80153254
-198.97803127
-476.39813973
-277.55507006
-170.60713731
-383.68383140
-388.22639477
-322.18017903
-346.21930582
-144.57136798
-1267.00121195
-495.65762452
-460.31589160
-683.34218064
-1348.72293638
-487.12830214
-378.69774147
-337.52870696
-267.45624077
-258.78432860
-807.99335812
-772.94169563
-1333.33902144
-799.93356466
-1051.38620031
-591.71252683
-468.78440350
-550.38233784
-542.69591433
-691.96964284
-193.59689364
-326.45069997
-144.15598910
-1346.50682682
-924.30997670
-873.96224893
-1038.71872000
-840.13509359
-649.81963684
-703.94725117
-382.56235558
-263.94423187
-787.03160466
-860.85379299
-488.13324254
-773.10017178
-146.65049706
-534.15206309
-912.77178087
-682.05280849
-420.57309388
0.00000000
-635.29101097
-450.97881283
-414.54168711
-507.68396789
-440.44212840
-517.73451203
-548.75647807
-632.09068078
-101.04267462
-307.53172441
-912.33881853
-829.06457252
-634.24829115
-903.14124373
-877.63699247
-701.41576693
-943.27391441
-522.55535267
-229.04767633
-154.11805413
-1015.87279517
-496.28297662
-866.28822295
-605.52449184
-229.30484149
-746.08138709
-779.96485506
-381.01468370
-958.48828262
-416.89850529
-263.79697078
-618.62632456
-584.30240684
