30.67413762
6.66361997
15.08181743
-6.57971365
61.19699244
18.74031223
9.91438327
-18.37597224
23.29333889
37.93878431
-12.07983421
-31.79029843
-34.01201142
-67.22758517
-29.39852147
-50.89783084
16.81724949
15.23416834
-15.53710492
6.73160153
-21.21124179
38.92184901
11.97526503
12.73207162
-4.68167766
-58.31873988
-0.55400252
-46.65262384
-94.20517273
25.01346742
-24.10686432
14.87769529
12.42360864
-25.89280243
33.18615624
-71.00229555
-24.06422303
-63.39367081
0.14830412
-13.94749146
-1.86725619
0.00000000
-15.14185297
-0.65622194
13.56402125
-25.39744671
1.61901497
23.77617104
29.32233545
8.47821312
-4.80320901
39.92859921
-13.89466169
3.16845141
-28.79429915
-4.99583134
9.42665776
52.97546466
-10.31467260
-33.60940085
7.20118789
2.56539487
-15.36344828
-24.39414417
-17.04223508
31.06041996
26.34202335
-27.15331062
-41.73633040
-51.85634818
-19.30366193
34.84510219
-15.06106869
-20.72337845
-39.99568381
85.46518189
58.92677495
31.19128789
140.57708331
33.00588299
59.38152233
40.84671182
42.76228429
8.90743083
7.03576234
96.16126392
99.36360973
54.44281320
98.39669931
102.28723571
46.97837726
68.77695453
65.23899657
53.21276582
73.49228778
34.33365951
34.68458946
5.47246922
36.44617156
91.24706561
120.97685338
57.29843669
188.15589763
125.88397351
23.85584684
-5.14035851
47.26355124
147.50970885
147.58933003
70.55767586
116.26962902
-3.86942681
65.01741607
88.30322199
76.86957701
65.86517051
0.00000000
94.06738028
-26.41367018
55.87388489
109.42700992
20.92865358
24.77872900
89.86713348
55.36491108
0.71996052
56.09117716
80.05334991
93.12820563
13.54041487
67.78196411
43.90200197
78.36290289
90.11061011
171.88502605
28.02624160
30.38900695
48.14866442
55.88740110
49.66677789
65.55355933
26.21187134
99.59203040
64.34573924
58.83386851
5.34395314
17.74141376
25.13907927
94.95868555
101.18522030
