25.40675370
40.55778629
177.50205938
52.18442701
45.15318482
14.73472997
23.62599436
44.18901736
43.89188788
61.20951397
98.83957059
35.24579800
50.20956314
37.64376172
76.01737829
49.02298018
12.49151009
7.22833464
17.07516059
75.71214213
51.02274000
61.09364423
16.28291463
-8.77386033
90.61112003
73.21698446
221.65616769
90.25024024
89.25829793
120.58501281
-23.99018997
-12.45759808
9.37567772
24.25876335
24.73502552
26.06734322
15.50656084
36.83672919
6.53681912
31.30383948
30.70578591
0.00000000
-0.23190844
0.71946500
59.76076833
60.61005078
50.20047278
-5.63842369
14.17209019
22.64401358
5.72037789
20.72158303
61.61246815
63.40889106
35.88656081
63.15253216
78.49588207
27.93899266
61.29700722
24.86432720
3.72037032
32.55361221
99.51970626
-28.54903406
-18.45586916
86.59449768
37.06884087
88.15475709
31.20959707
49.26736687
-40.68461114
34.07385391
14.27700593
25.80054607
5.03786323
10.79218870
48.10360788
86.00222801
32.71343869
157.12410725
13.37405510
37.48403868
19.34309573
48.44694704
37.84005988
66.46609541
42.98772424
-24.83022773
2.75612530
139.12528939
42.01209965
20.91517740
7.48059575
73.60117885
135.93155086
70.78476589
54.34634184
22.99059887
-19.90091494
154.27266144
127.12975080
116.85657762
103.50344445
38.75527808
116.01556475
-11.08170511
20.12443412
17.76265856
39.91923886
58.03033210
72.49875682
38.92295614
32.23314776
42.38079138
-11.06345215
30.89853833
0.00000000
71.87895000
35.30389647
38.59789769
51.89977707
50.11399731
21.80166868
31.32351830
20.09895711
9.32532065
11.46980913
81.86452153
97.66835377
83.92907093
124.27784879
129.91293857
49.96903210
99.61076775
5.90289560
27.02977683
32.16002923
53.07806000
-28.51182075
-12.96540549
76.42253093
36.50356771
92.86049779
53.93319693
54.49549063
-25.07986364
65.53226734
24.46455091
50.55051940
31.05452214
