215.21061517
159.94057774
311.63969818
89.99912323
189.19989572
107.59463106
104.63283665
84.46781194
71.58042265
86.59030209
74.10922678
134.96966492
227.54976431
193.56871637
239.93821139
291.83947364
64.43781258
89.92147767
54.74944857
123.47268285
148.93214323
98.38912479
79.69906381
177.14673889
165.66052315
161.31269513
351.03764849
274.14732210
289.97088838
148.56086876
66.09664339
57.90255132
77.65340598
93.32866624
61.00290393
94.89347194
132.66173033
133.87753218
137.46231403
132.73788053
65.34511745
0.00000000
88.42983049
126.77687036
46.53528118
131.26725663
110.52667107
89.56500163
53.17290097
75.66088012
54.85084735
82.57791012
172.99275241
184.63755224
205.83583319
118.14659042
103.44791741
60.97077822
120.88359673
162.73063052
76.05345519
59.44480420
241.51058119
47.08248950
81.78302690
98.08206658
73.29399804
204.50639112
116.69852984
145.01115273
51.71158278
68.54567888
92.29060146
104.50958830
74.76764906
192.06586925
121.48294750
224.70444798
215.25400065
261.40829552
115.63941089
115.66542942
74.02712589
53.79821736
37.66450814
116.09798738
180.89596981
223.84543422
180.82889726
336.98331858
279.53599953
96.30987610
100.87224551
89.62272727
126.18804717
129.03136609
69.09436993
54.49124219
141.85424081
146.31910322
239.55078474
267.70283170
445.12404177
379.26881860
166.25131774
52.09216596
33.64235882
99.64609261
146.56000785
110.13416006
127.97587563
99.74696744
87.66810452
171.82069149
167.58678933
97.22713845
0.00000000
139.23888771
103.09605491
43.20275577
214.36320500
97.94549749
82.98342466
153.82990603
117.42133992
56.83076910
47.86436528
240.15971696
216.49536361
253.84436315
93.60648496
174.89769906
76.68684461
140.31344010
26.40779833
60.96043939
37.17226930
215.72652461
35.17154526
117.67888119
97.16236631
62.25165099
252.99805112
211.92680714
220.32127771
72.84723633
67.39889711
85.59086225
112.96470669
116.82597973
