-5.67274954
-22.30725267
-101.46317404
-3.60656630
38.69980685
39.64335551
-2.56432866
0.32980489
21.13500157
41.98828534
-40.90613660
-35.76588494
-88.96670126
-63.31327425
59.34538717
5.12034082
-0.58401232
-10.27583714
116.10545467
-14.03375023
-105.24610060
0.87838394
-0.70504520
-25.87807975
-57.15932376
-86.88841852
-82.40587844
-8.52730294
-36.35936833
-2.54201185
-11.01321263
-8.71716148
31.42611652
15.01759609
16.35418706
-15.32406535
-11.40988435
-5.99845747
-20.92044445
-19.19674632
-9.48045274
0.00000000
5.48127969
-14.63917404
24.21876178
5.31437395
-15.87172371
6.03611235
47.37264398
0.23595360
-11.51219798
-5.34672331
23.67069069
50.83934788
54.26899542
-15.02976491
-8.91999448
40.05473044
10.80617768
65.57883135
12.13344299
2.46612622
-59.86601411
-42.61757215
-7.37167759
-27.03461566
3.51569289
-36.63539823
11.06975773
9.32572127
-0.00086604
33.97891791
10.48609737
38.26706354
45.27131900
-21.86131476
-92.91265837
-8.21045206
-18.66481255
-27.41062625
27.06233741
-1.36669840
-28.29135898
-15.11066300
36.74703984
24.88603225
-40.36845441
-13.09131725
4.13709430
2.70320337
-0.00564668
7.91425364
-29.06464658
16.32413503
-83.91385417
-79.87355505
0.68803632
-25.54701051
-51.67604401
-93.56068625
-149.47842280
-140.91697736
-178.18717348
-67.52768116
-83.78287043
-12.36969129
5.84911998
-2.39188177
40.19437617
5.73863764
-21.69521095
-88.22551503
-20.44996338
13.80895769
-42.49571730
-1.60126544
0.00000000
-108.86727594
-52.86215322
30.34414426
-16.94776121
-39.53271172
-41.25932701
69.35782558
8.06864395
-41.68680624
12.84798197
-14.92183600
3.48736919
13.69647472
-119.88881721
-119.68077587
-58.99059763
-2.23904982
44.41398458
-40.44912719
-2.59157627
15.10093385
-2.95242651
-11.63344795
-42.20662409
4.25999361
-64.58323266
-4.49602922
-21.73283351
-14.70722285
-34.23434898
-21.76983753
-1.57398212
30.83491058
