-19.94208527
23.29999933
68.92780432
-38.68111300
-43.60219925
17.88602048
24.78210510
17.72870568
9.83274141
14.20763707
-74.45904867
-26.98237837
2.08500975
-39.52998438
48.30591751
48.85764470
-4.70857473
4.23975875
-99.86518251
-136.35270074
-9.31530209
22.44237098
13.49979956
27.21133828
-47.25963311
-60.06144809
120.04163320
45.88606163
38.07323118
96.11792934
12.38622857
7.76936811
-13.98646060
-37.31073958
-6.11491187
-7.00658723
76.13682112
52.24090418
-9.16835507
-7.17417280
-31.11009717
0.00000000
47.30604790
42.73008707
-34.62154374
16.41630545
34.74506008
10.08736049
13.50240673
-11.52039435
46.91979593
1.01496261
5.93448024
33.40034835
37.41767637
-17.27531860
24.65577759
-102.54926982
-62.64549801
-1.41363526
-42.41310320
5.28041407
50.18292197
18.68947469
24.21043144
30.83949089
0.36586739
-12.44090921
-15.88350204
10.22678881
37.88547822
22.98755285
20.25762027
-31.27182022
-6.72964491
-30.05487972
42.29738004
118.70884610
21.77157970
45.86811726
27.83978161
25.00806048
6.41525381
12.03799486
12.05828366
-28.38021568
36.61402136
83.83828673
-2.14153480
147.79718891
75.25342812
29.64116174
33.72015047
10.90558527
-77.46472368
43.79068425
-10.78518459
4.59313446
40.01183573
76.49774730
17.06655501
109.75844378
133.60332872
126.20279220
66.84591627
21.15131698
21.57604018
26.07154128
43.18284200
32.92723027
4.52278264
26.29765866
100.57439751
50.40954310
32.89141779
22.44199127
0.00000000
-35.50733705
32.07575872
-19.55938207
54.44223846
47.23452645
14.89659106
40.90056663
47.76242446
36.15352099
-67.53069338
29.03470029
36.80745768
94.61743727
21.53137337
72.48695456
1.54574250
8.43748376
-120.45040813
-0.38486812
1.36173855
43.95662720
45.97543872
44.03403452
37.33989953
10.02634972
69.05470206
31.07894924
54.12417070
48.37373071
21.14295103
41.38298363
54.60909494
50.63267699
