-94.43380280
1.10354395
-155.97753258
-32.59218184
-100.32567670
-76.23998917
-42.53673886
-45.79789233
-58.24141410
-48.20432842
-47.36566109
-50.87237344
-38.73213185
-43.58183836
-67.41504723
-104.47268321
-32.99597706
-24.33298399
-10.53076945
-62.02349183
9.01248108
-30.69681471
-27.60859053
-87.29865861
-147.00971051
-41.57220321
-160.59359261
-128.93857330
-74.63443551
-139.38104910
-64.00437802
-52.19197897
-61.71490722
-10.23236009
-36.73902679
-62.15319181
-36.07837354
-57.95904794
-41.73834621
-57.49735741
-37.06067409
0.00000000
-45.78305553
-79.84850989
-33.78644372
-75.36525038
-94.30327494
-17.76222007
-61.30757185
-41.33012124
-42.14044700
27.23948683
-49.24395158
-72.90167997
-58.82237420
-74.13084615
-95.19455385
-18.53814022
-153.65166380
-56.02696710
11.73321907
-19.50464608
-21.01604570
-25.81948955
-44.72567340
-88.11192217
-37.78620908
-66.37425557
-21.00979793
-38.88037102
-67.87410459
-65.77242092
-29.92337173
-60.39496455
-63.65149091
-96.33527038
-51.50582693
-139.23692922
-124.05008659
-145.14478205
-84.97094745
-44.71677931
-34.75644588
-33.84758660
-44.58104645
-59.24059897
-86.54570719
-43.26497617
-78.29457284
-109.94337460
-110.63157817
-80.52877282
-78.59373360
-46.80970680
-47.12501042
-82.00995979
-15.63538749
-22.54457529
-55.75627658
-77.71346523
-149.18024133
-184.13743220
-211.21980125
-154.12806342
-116.78847665
-41.00721233
-61.33493367
-143.62850564
-127.33264490
-73.96848438
-149.54543721
-10.44924237
-43.73286824
-72.15828393
-45.21743339
-84.10030563
0.00000000
-15.51037932
-81.87068661
-41.52410538
-110.20325983
-108.19111192
-62.13648173
-116.61807263
-89.01741028
-33.16845851
6.95989568
-84.99952345
-87.28858663
-78.84716319
-183.76338016
-131.17150050
-64.94019095
-152.65826363
6.93037867
-40.67317608
-23.01109079
9.83931855
-80.17349084
-66.25573525
-82.47995364
-47.31916467
-164.29916706
-107.35683102
-73.68887008
-92.76077379
-41.97665014
-19.27310883
-85.37924933
-138.80769966
