124.45230601
-183.21148729
-292.02348627
-207.97247010
43.69543658
-38.89729285
-140.89508566
-233.81157872
-298.52215888
-157.75854532
-377.06456270
-73.86484543
-53.57435799
34.15478605
-204.14158894
-134.44255814
-81.91574047
-28.33506326
-397.51169675
-481.37090990
-77.06675716
-149.19591046
-42.79370973
79.81644105
-414.31677381
-302.01451362
-399.18097363
-345.76043145
-306.53167047
-381.34699836
90.63064825
-41.37685236
-144.49760568
-1.35092606
53.96832492
-231.16756748
22.15698228
-97.99536675
109.20803250
38.46774566
-200.43764433
0.00000000
-206.39742991
56.17990536
-306.29419487
-257.41680172
-340.12401274
17.22159382
-53.56576915
-69.67126828
-37.39516880
-231.76663820
-120.96379254
-87.25145758
-133.21089543
-438.65313065
-374.31716394
-470.66819153
-434.11210289
-316.48553371
-160.24571502
-103.34569073
-19.51812113
-42.33520645
20.46881192
-331.18256123
-160.83794923
-326.40067301
-116.90725698
-207.02409781
-45.05314765
-275.47224959
-68.28754155
-258.06082310
-180.94598274
160.49674439
-276.77815577
-383.61050934
-159.66586359
65.33977119
-9.30857197
-92.04376589
-181.88169051
-291.99877570
-177.22422748
-358.06071744
15.85441721
-87.60137272
158.93041431
-93.25484741
-96.27225761
-84.70250868
-82.75855342
-275.41900852
-507.24986294
-102.48581038
-192.14911185
-78.73556458
57.75110832
-480.51703209
-406.57093780
-547.86955906
-348.36946096
-402.91971957
-427.91574403
81.91759324
-64.77644330
-75.12586573
-88.20702058
-19.69760079
-319.93887686
-72.48143483
-122.40873032
60.87633800
-4.24980167
-236.99902143
0.00000000
-278.51356150
-43.51263402
-267.44029334
-314.57317260
-349.93221385
-31.94579243
1.73884430
-68.27508441
-72.16318605
-284.58354673
-39.87156488
-38.78943740
-93.96189606
-767.63761094
-582.95936837
-443.06838413
-425.17486801
-433.39844468
-185.57781909
-113.16841934
66.34195487
9.50798817
37.68449917
-337.01197986
-141.89722942
-451.74934188
-79.81677387
-230.41100268
67.28932822
-302.04416825
-133.89842702
-207.31580001
-158.60632686
