-43.44854554
-69.50050689
-49.71640308
-25.47073939
-59.43834608
9.25464734
18.44433431
3.30830260
9.83933851
7.48267102
81.57316764
15.04755475
39.60605442
60.84925834
-54.91187586
-35.31227317
23.71930317
20.71363253
-18.32187776
120.38297503
-5.27202006
2.38614271
23.80749464
8.27847002
65.15421059
5.20801806
13.49802828
4.73624423
-49.50420415
5.79436011
-31.56303185
25.27050850
59.62100906
105.72497821
65.56164547
74.60177327
17.76178781
24.65048296
50.19419939
49.31759911
14.60545923
0.00000000
-10.48863340
38.71184226
0.48349713
-19.68084916
8.71947231
20.10466316
11.69866544
22.61616329
22.97626227
-39.03144031
2.37840538
-6.70945518
-50.70590967
-67.03646062
7.38939968
51.51348635
73.73497529
-9.00485912
30.90736804
23.17816223
64.94127878
4.31014751
-5.88782515
16.92293718
1.99533228
17.75606962
-1.40758550
-14.01034888
-22.13427430
30.35300869
15.05229686
17.33815282
40.30465116
-20.21672407
-23.39349621
-9.16080963
43.65187110
12.72545459
20.45590826
11.61785309
21.80178467
-12.62790405
47.85984913
107.28365956
57.53098073
35.83135285
84.96448363
0.12379521
-29.19264574
58.90775573
48.89644220
49.65820408
65.68536086
-15.77738881
15.73435399
17.76459444
12.10261669
60.19181231
90.07621717
72.65096368
44.50634768
-56.31643854
36.76588639
-10.65396559
21.73402948
145.37332290
118.54253393
54.35906150
97.72384057
-6.29178105
66.07773362
26.86581095
29.97849923
10.52596667
0.00000000
15.51842248
26.09812130
38.10888647
9.18378127
19.06012149
26.27293184
77.92928758
47.94611446
12.66684654
-19.56639425
34.25799726
24.31415208
-22.45471480
-85.97784248
-8.77265688
107.14343081
93.27303731
10.70586399
21.03962137
26.58319940
18.99128295
7.85296921
10.18243853
69.40737604
10.96430744
60.13335823
47.73090227
6.78673832
-18.66317738
-10.29693230
30.80789198
75.49517753
103.39849977
