-19.02467180
-64.98305257
-24.37043120
-17.13934773
12.54753920
-2.33339073
-26.50303976
-12.29109264
-3.79914099
1.85822323
-13.70048444
3.66721725
-12.80734494
-17.22547505
-6.27790853
21.01573468
14.38474775
3.43042655
-92.72600959
-57.43289821
-22.47102171
-25.37090911
16.04723044
-22.32359586
-84.76419922
-17.82174983
-69.61918098
-13.08300066
-5.17520268
-50.88734356
-15.92178939
-0.85916448
-9.97165402
-43.13736362
2.61802136
-27.19360365
-26.38032982
-28.73216070
10.01419999
-1.81707092
-5.24059066
0.00000000
-77.30115378
22.12720962
-4.31892543
-0.00302809
-35.85554704
-8.66502173
1.92375754
-0.52274845
-0.74952704
-42.40995361
-16.67980361
-15.18059059
9.91672582
0.78268382
-60.01766737
-83.41206934
-99.43277160
-61.75701172
-48.12127913
-17.76963401
12.42538468
3.01988377
-2.02817963
-30.36321377
-6.37828412
-18.52944250
-27.18537156
-7.17647315
-9.78397844
-39.73369838
-32.52118114
-17.73795700
2.07896299
-27.65232290
-9.84997125
-41.18015773
-19.69930594
-66.34780332
-6.57436129
-9.34736587
-27.82109331
-5.05594843
-8.84650740
-46.88760462
-15.13044950
-41.74465107
-4.67459417
-26.34185486
-2.86187327
-3.41358762
-1.05875357
-50.02181036
-82.84915399
-3.95775216
-6.09468681
12.20067229
-29.71300958
-45.28591157
-34.27236120
-68.90034848
-40.59304591
-24.95825929
-55.48875579
-16.20534578
-0.79532940
-28.77145088
-17.99304272
24.13764077
-33.97637652
7.70052700
-6.77761376
-3.30872860
-39.02809732
-23.31440335
0.00000000
-17.65360294
32.87780560
-16.09278489
-40.29487672
-26.05122952
1.37842941
-10.09063361
-13.62469025
5.70425185
-10.35512971
-37.51391882
-27.31756286
-12.59075681
-53.59066273
-56.90321120
-64.50444009
-92.84858566
-45.34385629
-20.00572193
-10.98799691
-23.70129122
-6.15933164
-12.46847057
-45.15592989
-7.68623947
-33.89723168
-34.57043447
-4.80039549
-44.54003783
-28.05177983
-10.81050402
-28.45851472
-13.66599908
