-23.27745852
-124.70063497
-32.33257268
-95.27640508
-38.07686429
-26.45265250
-11.57979636
-25.65727140
-55.28864286
-87.64174718
-83.44158565
-85.81189185
-76.13693039
-70.17835544
-62.22884180
-38.62822323
-42.50973045
-43.33538631
-159.79352070
-82.34803944
-75.20723149
-92.19805614
-33.23881710
-25.92586126
-92.04651445
-36.03563367
-106.29562013
-56.72445601
-37.50035148
-71.58607588
-11.24685588
-6.25345135
-62.81774750
-93.55596338
-49.30962062
-89.25891887
-41.47738311
-165.84509952
-16.88857357
-25.40659303
-38.06255642
0.00000000
-153.03386018
-22.33500657
-64.37855132
-48.40948229
-33.53197525
-18.19448862
-60.06657373
-23.85874752
-34.48789822
-92.25471772
-46.59620878
-41.56415866
-26.16493268
-61.62038334
-59.27467058
-125.91788070
-112.80262170
-142.01658162
-44.37974240
-73.14134040
-33.82571751
2.60502195
-29.76434947
-99.73404777
-38.50640509
-18.66878161
-39.06521272
-17.23071445
-21.32405889
-63.83324759
-64.58828772
-95.47372299
-68.17288129
10.92681334
-116.71140107
-19.98464521
-76.83072407
-78.80701674
2.21572061
0.46297297
5.53766311
-48.65378266
-59.42307708
-71.79243625
-30.79842161
-29.26826016
10.33714783
-10.11424956
21.95910968
-44.43030581
-30.16566726
-89.62086366
-131.53094840
-88.34956356
-68.17833826
-20.31235464
-6.45360031
-92.01452786
0.89507147
21.41189986
-24.87578116
-1.90307852
-47.32419417
-0.18304483
-23.60193846
-24.96886455
-100.24242549
-95.91402663
-50.00037019
-13.13993748
-51.37821574
-74.35768541
-22.35719310
-59.90741566
0.00000000
-94.94725482
-32.17723254
-42.86450214
-29.36200780
-7.21961443
-30.02124654
-58.01152001
-30.46316430
-3.71090565
-65.91502090
-1.59176290
-3.66537260
-1.78635386
-60.59520190
-28.85054468
-76.67948473
-100.93569701
-63.45257334
-34.91090876
-53.90072148
-47.56320505
-8.94597745
-15.99740034
-62.42320404
-30.08761078
14.16376455
13.25468236
10.71841273
-8.60290008
-41.76840861
-43.59255505
-77.80249914
-49.21124721
