126.47679506
27.18813312
139.99593828
92.42857360
96.08464976
80.56106471
75.69982388
32.85715133
67.50915938
58.67162186
-11.88972575
123.08886052
170.33503967
146.95188489
116.34388032
135.61802285
84.81637068
90.74738860
-37.05563571
-15.04187521
50.30626472
43.76382184
88.47375378
118.28428468
222.35203850
136.34623834
289.85708098
202.27331855
163.84629946
134.11612167
38.44874643
51.90045887
123.22215753
111.61124761
98.38691870
153.73849346
92.57594049
94.83631466
154.71774426
102.29907587
65.95151881
0.00000000
-77.30164730
158.78288150
5.54752822
57.94620801
77.71787101
88.67566283
52.51532240
62.05394156
58.75943844
-32.42840765
88.17822547
96.66671601
74.01859873
114.81073551
107.80914186
10.28735885
131.79172622
88.33112636
21.64998343
41.06672778
238.49342447
42.51250896
45.88321418
105.41947418
42.87350738
143.56669034
77.68351795
28.65388737
57.13887193
88.30444850
66.93358543
66.26660496
77.29004422
109.48301555
40.25015183
70.52301769
169.39497591
194.12137295
81.30591598
42.52503505
40.87859351
26.20025628
36.89668472
45.03989135
164.12343035
156.94762350
149.73367390
181.89350552
97.95294630
139.60689181
129.71083712
34.07405053
27.45891313
87.64264816
25.27895099
82.15092401
86.33150731
138.37979516
163.48522215
188.49152143
327.56906019
193.05039945
118.54381301
27.40946169
22.51513026
243.56386638
164.43176002
137.80158327
159.09574242
36.85446959
107.22554515
193.21379387
141.65951828
96.23422324
0.00000000
2.73476622
121.34912027
10.24993873
119.22755448
36.96941914
106.97546109
175.89714564
141.17133235
64.27316191
-54.57562206
164.76436900
138.01754379
117.11116959
41.30272547
121.95633145
25.55984409
162.59154278
-5.26625477
43.51169228
43.21382424
201.20321665
32.04149277
102.70804903
103.31892930
48.02807750
148.37526368
141.11603241
41.63434542
50.09687208
31.65688416
54.33299762
136.05596269
153.90559198
