63.62065838
78.93361168
31.19715229
34.75991385
93.36335917
37.89454372
-1.47855429
28.19972651
46.11980207
24.94546457
21.13510906
67.31652664
51.02795104
73.62089070
39.06418773
53.68573198
13.28156364
29.35359712
162.30650412
107.28260336
27.67025474
-5.61649654
9.61593304
61.62549118
121.37915211
76.70273071
122.33858408
113.58788207
77.07382333
76.72826970
18.23772646
5.76742995
15.27492297
61.45842731
4.83955220
60.54088426
36.34680915
67.94126006
37.90882224
73.21717730
1.83194834
0.00000000
21.18232065
2.72406393
6.98625433
46.06831032
63.33677954
14.83552226
-5.95885810
29.35035716
5.18208625
25.77708063
27.44344203
35.77240181
37.86228549
86.86859322
83.67440206
192.50380585
153.21253388
90.51642681
25.86161026
9.50545060
85.66756566
12.01392269
23.74429163
79.34415052
26.19187113
110.70139214
44.03515805
38.04865394
19.27357144
60.88154049
30.06871646
40.98451747
20.20536963
97.99851460
5.16879873
61.97683395
41.80699428
162.23646347
39.59401252
14.97058777
14.98628012
47.07593259
66.16439340
106.62121995
74.63328977
106.97446236
82.21076810
141.73333704
39.55987002
44.87154762
44.17710259
44.91055893
179.37652242
-19.31456167
13.89437555
-12.50352559
50.83425136
104.41218278
19.95295465
163.08899713
83.72664671
88.97999309
113.97228028
9.29257030
0.64180881
-40.31718050
35.73518578
26.99970595
12.93434302
-27.84431237
-47.78611542
74.64765236
42.61447561
20.80711183
0.00000000
20.07030817
-6.39837867
17.55333743
45.97374586
43.41148236
28.98208545
22.46375894
68.09148331
-19.47732830
18.62841596
108.31847182
64.92732383
82.27777932
98.79318374
165.78605984
74.54570200
171.84130253
78.61925528
-17.33496312
3.86475945
143.65711564
11.31729114
47.88234644
81.03205107
31.64688844
95.10289358
99.07564135
41.05855918
15.99928257
73.56691894
-19.73566207
17.43609122
-49.63030158
