16.34301242
-67.90401150
28.56237788
-80.09389231
6.50409186
-8.83761260
-16.58886882
-18.91197215
-9.53463585
-45.59042003
-40.15773523
-78.22914041
-30.70208299
-110.76055145
-30.76317722
19.85832485
-4.96172604
-21.14089439
-125.98820662
-59.53511727
-47.31130829
-25.35601138
9.77161374
24.59211287
-37.04264920
-112.81605536
-25.29733941
-35.21163830
-17.71665947
34.56865819
36.83814416
26.67383934
-33.26896998
-82.06712824
-11.83919573
-80.69017665
10.67921209
-20.31915259
-38.24209164
-58.47665876
-43.60227813
0.00000000
-6.60995625
30.29914525
-23.81427010
-38.50125633
-8.40536427
-1.73515560
-14.28684919
-22.18092460
15.34275189
-51.54309286
-45.31868086
-37.45154226
3.13491700
-19.60610704
-11.18360947
-137.87115855
-38.71708430
-78.14705957
-32.05054556
-25.97223101
-14.59987439
18.47639073
5.86043756
-3.00241295
-14.95922523
-57.09438962
-58.25049491
-19.26290491
10.18635849
-13.64312502
-8.98972687
-32.97849870
-28.91683581
41.97071275
5.66546610
40.58722386
48.15631293
-40.55203288
16.84150478
9.70188287
8.69207624
-5.92328697
-17.66490399
-28.83603466
5.55824305
121.16595684
26.55106246
-2.60604393
39.78144138
3.73348177
14.24418863
-23.72304205
-121.07581106
11.67512583
-23.30826048
2.37015805
56.11852198
9.47321115
67.29851318
36.22513294
183.45633592
159.08110704
0.42353450
33.70032105
20.08857211
53.72024886
26.73462588
-33.59936068
46.88275644
35.10766266
68.92726345
4.37826428
-28.11429250
26.53551050
0.00000000
-56.40397713
35.06712348
2.83757844
81.32425015
26.85959918
14.61617822
17.59585199
23.16895569
31.61856930
-27.71706503
-28.62938058
-15.04071196
15.67698924
48.76419831
23.27486828
-61.35844753
-11.96618806
-24.20368416
37.04921120
-10.28469840
-48.99469088
36.77335100
22.94799940
-7.99001417
0.48886167
82.14909562
9.84422612
47.86747936
44.95575007
-3.95380737
41.15248972
53.16876783
80.16569646
