62.16209554
158.61402259
161.64463065
102.76028094
103.20722859
61.33401023
38.02949967
43.18321124
85.10246456
110.86278873
39.32943711
77.82754254
152.33773926
65.07301108
117.89098355
129.04536079
58.50043346
63.10107779
169.63647798
79.42338862
134.17606965
116.59951028
48.81533857
49.84624304
134.30883432
102.74121710
130.66336204
58.82338077
92.30884362
38.56402042
35.67760781
42.32852852
71.80114205
47.21210461
52.69708474
103.54257065
40.70662529
88.01948807
44.57134805
23.28911529
70.97984076
0.00000000
130.24856680
67.40902837
88.41717408
68.97911169
32.75014024
48.47199257
59.91695736
28.79126580
19.04719546
120.21938924
66.67025643
62.85871459
90.09961348
114.78903223
54.15923658
192.16175009
95.37792757
121.18971630
75.97769020
67.43043531
104.81654638
46.95418209
52.36852071
37.75682571
72.40335616
83.90573423
66.65317461
57.63370964
80.11845815
45.14913903
62.60410989
98.88065766
83.02155061
50.03947642
126.41126303
56.81364683
69.04333855
124.86523088
41.72712795
32.62287930
27.13298940
79.09916451
57.93266345
-6.38590070
57.89703509
135.51131695
37.35077597
85.26900003
105.50691688
53.21539137
56.83307895
96.80216438
113.30192037
102.07854475
107.59376328
52.01204611
94.06620460
140.28015393
107.26907091
60.69576277
96.77900805
38.41158700
39.39891622
13.76886183
45.85398093
88.45063542
41.23134149
52.77961656
68.49045612
93.68139889
101.47738582
72.54167419
78.62071528
55.72278967
0.00000000
201.39799561
58.49090709
49.10846853
55.36691171
27.37416393
61.51821639
34.91351141
20.48972093
34.22583755
78.41398912
54.45637852
77.15386611
80.05262482
159.67187455
105.37907492
124.21024995
78.81124222
66.78523563
78.50960454
64.01088849
97.44800484
5.78536650
65.61587113
22.58386718
47.54939248
73.39323245
24.30532251
37.90014672
71.88038812
40.53563557
83.89575081
80.51307988
103.54401707
