-13.29554183
-46.87490636
-145.64014877
-10.70865606
-187.45395180
-54.22405632
-21.81447876
-31.68316998
22.04542667
20.01255644
72.10192186
-2.00732488
95.83686206
12.89444690
-296.62837091
-322.83078301
92.94638796
47.05598670
-123.06766265
129.54010902
-77.95779878
12.77044566
-12.56587645
150.68763202
184.37243452
47.33132634
-96.18369834
-210.23869438
-358.73820443
10.53118975
45.73838811
11.26943311
54.41364393
133.38352322
63.36733695
52.75330224
-57.81607163
-113.08466533
14.39126174
49.39693461
45.14418291
0.00000000
73.00474292
50.81686181
20.96871492
-93.05627242
-23.41422136
14.98665624
68.76774337
22.54689074
11.29556450
41.47353968
-56.19865326
-204.82383392
-286.71200791
1.69829567
-21.71586233
-100.47527072
98.66086905
25.23371162
3.49048130
-6.96489371
-100.12097575
54.28967907
-9.11384300
72.25278814
2.80084290
-100.22699066
-45.69952136
-189.27086438
-51.16613483
16.04954495
-76.41845055
22.92700117
6.58581168
194.07923237
19.55760697
-207.74042742
313.56561759
-60.92443417
-3.49104894
11.95422688
47.19601068
21.03123996
88.02638584
127.86566211
269.63998014
105.73141323
74.01757141
-68.32000613
-226.50407881
177.65577233
146.91802104
151.16102453
81.41974646
27.00356822
23.11772578
56.54161302
189.22773028
371.71694642
500.89301596
48.88904688
62.54362954
-204.11572865
28.09687322
73.98140453
-34.20282925
361.04652824
449.42379902
178.69851214
452.98764425
-81.65229479
237.06083803
84.64915167
122.76454820
152.97723817
0.00000000
-52.57493984
53.52195047
70.96942034
27.15026136
40.29796635
26.10466072
156.63731470
147.24028028
28.17779213
54.29919211
82.50433871
-17.49052715
-122.94636317
468.14140709
186.10226283
76.68173137
246.24108173
92.84235308
62.48785910
89.39858466
117.98557275
30.60705558
69.46512543
112.02502099
40.51474804
36.94353464
167.80923023
-169.07950154
165.03227202
40.47651260
85.18991431
260.70041165
241.33451868
