34.99383478
90.62966472
103.70765006
123.84479258
85.66792542
44.38386733
60.84152948
46.06025132
13.81960379
85.00032427
63.46482067
83.72681600
17.21474074
66.30163059
87.47377324
96.29296377
52.93500570
61.25143857
93.96261909
72.15168689
73.43927996
93.54068570
27.65517830
-8.69463646
-9.83627520
133.98778406
119.69241061
107.07817765
124.41147879
45.41157631
11.88651095
27.21406776
61.48745619
94.71276681
37.73651871
84.48128665
41.53264431
51.40563961
75.77865133
58.89000460
56.60309802
0.00000000
77.40204125
23.21281798
55.54188012
79.77479485
64.67963932
26.36035715
15.22422154
49.98999004
6.47167965
57.58304146
39.00575707
102.38334324
73.20996043
23.64894478
26.53143413
68.43332544
24.35179036
96.08326876
44.30926932
31.84447450
44.81486501
-1.98193499
15.03088608
62.31587284
40.17716478
74.79483347
80.48917897
73.76535587
40.43979061
16.42541308
37.61914941
70.42664480
39.31431952
1.77653295
111.86990953
41.45069703
91.40972655
84.36849659
21.67723271
29.22604215
29.77411736
31.94913176
51.35914498
50.86180321
32.34895264
-37.50751392
-45.78810947
39.75433907
72.66701091
47.87568994
47.76808312
69.58643641
103.68033549
59.89340206
59.75992764
17.34178732
-23.57838074
43.00559411
61.60919949
58.52155688
70.72267130
55.76269476
72.57681367
-6.36124471
4.39046743
23.16853049
-2.99591002
12.54197219
37.51476436
53.98757375
3.54333379
19.31256770
27.65001300
51.85043563
0.00000000
98.31826260
-4.48056554
40.47158565
42.81582221
31.69159441
15.70323794
30.79809037
44.10205320
6.43004038
60.13570572
16.79683669
51.12143945
51.44087008
-23.49185127
14.16590720
101.38024645
27.36301871
156.65511220
32.89143099
25.08133935
81.85145088
-5.67972599
-0.64640126
55.05616922
21.70767055
15.95051221
36.08634401
23.19422516
11.38194018
41.76762940
44.18616123
25.60932161
-17.61449040
