-128.12315735
-96.34531160
-169.05488228
-41.73227023
-135.64959248
-77.66467344
-40.06332209
-38.18703619
-62.42206759
-89.04192170
-11.30774940
-63.86502715
-119.50877348
-80.30278364
-106.50704292
-113.16735266
-41.51861662
-35.68885139
-82.53244639
-72.72990310
-71.43067002
-44.23434738
-54.42213683
-125.02660079
-208.78347007
-93.77218761
-204.53859817
-137.98254123
-115.45439373
-124.96460430
-81.13701063
-58.85360925
-67.97689874
-74.63099326
-57.80409766
-116.76708120
-94.30563947
-99.66011015
-37.06270606
-45.03919280
-27.22539586
0.00000000
-80.52002135
-110.75128187
-10.24640188
-62.50432602
-83.43722704
-38.25290616
-55.77629530
-28.41598789
-61.25715559
-16.06153559
-53.20756152
-82.34182462
-83.71617795
-112.05406615
-94.93810412
-95.48587105
-144.79506063
-111.32417603
-25.92448676
-23.97504283
-90.92335086
-93.36795955
-74.63550883
-79.74306635
-40.57718163
-114.44890866
-52.90413016
-54.01737037
-108.48264199
-69.32739035
-58.56892731
-85.05230142
-63.20104991
-124.74482221
-67.13200824
-117.76421456
-70.10059817
-222.42287848
-58.01592855
-37.57951783
-37.88541120
-43.46582217
-63.51998873
-42.09153980
-73.64260537
-165.79955673
-39.26495776
-167.65867053
-110.10425252
-60.98149830
-65.72135366
-42.52152242
-102.77229494
-52.98166715
-27.59044769
-35.99031829
-136.14478471
-135.80692606
-94.15787791
-159.46582176
-171.33054401
-101.78680768
-107.73957276
-45.18169431
-32.57590752
-71.31169333
-88.66582527
-61.96375689
-51.77963366
-54.83168399
-79.11597501
-84.84404134
-62.23049058
-41.42723387
0.00000000
-70.88795739
-54.88598799
-22.53549857
-70.02322845
-58.63652973
-61.52139077
-86.12057760
-77.63283099
-37.07563894
2.67223659
-116.98526601
-114.22161878
-114.94738688
-177.83319847
-153.85322588
-31.04770324
-122.33577776
-75.88663592
-21.79194058
-31.05074072
-124.27270482
-36.61071913
-71.12906969
-77.95195572
-31.87159902
-127.03385566
-90.31137244
-59.89341125
-121.89752316
-70.15245049
-40.99172303
-77.79014949
-39.08611679
