-0.06061521
30.51414553
26.32278230
65.32109968
47.30131133
15.23240850
4.78680827
15.02005123
6.93840630
62.48341941
36.15030234
45.85099338
-18.21557963
12.57292889
15.77946752
39.14713689
41.06517214
34.02084625
17.43562652
5.33631648
38.99171221
52.73537054
27.69796932
-22.74083363
-73.52285114
68.34470091
12.01780309
28.87209721
43.39869494
-10.36327961
3.75741657
16.94662222
24.28546307
25.23468070
24.90367678
27.78729912
7.29860018
7.30059730
26.53999622
12.81730021
34.01642114
0.00000000
6.78855957
22.88589189
52.76275777
34.90631788
9.28467240
6.35241824
7.96294599
21.76166461
-2.09213715
35.91649700
1.07275739
31.71416360
26.66197140
8.20138608
-21.26830972
10.97545907
-28.93871764
24.43693776
11.72174582
16.02242954
-11.61405378
3.56342205
8.32196450
31.03670611
25.01920778
20.11504585
19.64437141
20.24318425
17.77250207
-21.84483596
1.98249222
23.49770802
17.51482269
-15.71997764
86.93643626
-25.43771915
53.90569459
3.38029888
4.16206124
7.84459761
-3.65042123
25.57749788
44.22129816
10.95368996
11.34285424
-45.27717443
-21.31741604
-3.30618481
25.30209845
27.33908998
26.16031465
26.02206647
16.40934710
44.57993501
52.73936514
21.41007747
-24.23643774
11.11934688
34.16520417
-33.72985572
-0.95153221
-10.69117341
11.71215233
-10.78237729
2.51993511
15.07272938
12.50686880
10.58197585
33.34768593
48.41733530
26.27254326
-9.00806982
-3.16991538
30.51501130
0.00000000
83.62472349
14.93440032
35.57763022
2.15422215
1.92374710
5.93249232
9.32485010
9.73095791
7.58031098
65.73369095
-13.64917883
9.10543623
16.60159874
-17.40129018
-8.45343825
73.08272691
-10.61902405
92.28294392
30.96246929
29.53997452
38.62670782
-7.67054341
-0.73166332
19.18092679
15.42983968
-8.15214860
-1.79790982
3.02479118
-19.17251061
18.73179044
45.25186356
27.25571881
13.99216617
