-52.25162622
48.80441269
-65.46323495
-18.82037445
-92.89688961
-34.49164969
-15.36354519
-29.64469934
-31.77255950
-58.16575695
-24.99873717
-20.67530769
-33.82124657
-50.46212249
-96.14267129
-74.57162302
-22.38521943
-20.38175377
46.35704596
-25.54536308
23.51305807
-24.55953331
-3.01144096
-0.88266384
-64.77180847
28.78272652
-36.34488417
-22.81563999
-40.03170090
-46.69475021
18.57665272
25.53393127
-26.17219450
-36.00324285
-39.84576782
46.22252859
10.96687999
-1.36312767
-35.49690180
-46.40471291
-5.27870888
0.00000000
28.38759728
16.75038244
-22.15975037
-33.12141558
-8.15094001
1.53310905
-21.92287808
-12.88902451
5.55947402
12.19172209
-70.34958459
-70.97042438
-52.60933084
-4.34959356
-22.99594143
40.70534596
-18.36634071
-4.12989616
37.52349274
-3.62969233
-102.57849804
37.15863551
20.14312573
-46.93088974
-20.12342164
22.52070109
-19.13469671
-9.78229612
15.45411173
-36.47039396
11.83619357
-4.90945240
17.18054287
-71.44454333
3.29642027
-47.52180783
-127.39302172
-272.46071954
-58.23616533
-56.14202848
-28.46855553
-33.94973803
-35.94841983
-23.79778833
-123.59229282
-58.18083001
-101.33685796
-222.00845574
-90.27155083
-38.63279081
-36.04225477
-35.17579111
-40.02482124
-29.36161125
-15.79104917
6.68702581
-15.20531652
-143.68315614
-128.36184128
-38.37593323
-104.59146097
-100.18359088
-54.67951227
2.41553445
-6.12550018
-74.50429131
-118.87077274
-50.99814785
-101.34805407
29.68514416
-27.27663995
-110.54525259
-37.59197157
-56.26147859
0.00000000
70.26412763
23.17015358
-20.82629560
-86.22727672
-29.98134259
-22.44538114
-72.29841016
-51.11611346
12.97254546
-4.15553569
-159.03946703
-168.12796343
-118.79650549
-151.77425504
-72.77796022
16.02449836
-72.06194367
-50.89233081
-0.39197601
-19.77397707
-104.04756764
-10.81615810
-22.86027168
-64.33164608
-17.99115619
-79.58738806
-96.86860682
-59.17871130
-11.84754468
-44.72764093
-5.48654160
-74.75864223
-64.88301588
