-40.73661746
4.33967748
26.34705966
29.98350796
-21.01259543
-15.04747544
-3.98652434
-2.64442886
2.10293519
-11.84533113
24.29892166
38.28874339
21.90992581
51.90907184
-14.42217643
-1.04576606
1.34186201
-6.46015144
14.85202117
15.36219031
6.71723545
1.99779038
-10.31290122
-34.40982086
32.76349858
64.94729243
-17.74316989
-58.26234829
-5.63977604
-14.68448285
-18.50808342
0.71123069
12.80084983
32.99721104
-17.96225764
59.57844034
-14.41195916
63.94787952
23.54037247
0.80905327
44.08474082
0.00000000
-13.96323618
-24.18812888
44.86375925
-4.42331375
-12.77750022
4.75214339
5.01502924
9.30163959
-6.92086066
35.85211188
27.11738864
-12.73153271
-9.66355222
94.71083339
23.81242678
-5.52349035
18.81569271
50.94349517
22.88684239
15.97512577
16.20595317
-7.13933119
-2.43834823
19.46494088
6.47083343
-14.31466271
24.04603582
2.32504597
-16.94427225
-7.89278371
20.03312588
38.49716383
34.33413966
-55.99265843
-32.97108114
-9.24846556
-22.66847193
-111.03576455
-24.18570922
-8.17996802
-5.36270822
-3.91526223
-12.75770398
-24.63953740
10.99860001
39.27968367
57.80037258
-67.50050303
-19.65467828
-43.37873485
-20.66009278
-44.39739326
-18.72007084
-14.83244034
-3.83540386
-8.99096976
-14.38344904
4.30158478
-11.17162973
-62.31234417
-80.76468205
-50.00582257
-33.27236872
-11.40648858
-7.85760571
10.65121522
-77.81835326
-37.97597379
5.48177725
6.62287991
-31.74695272
5.98512162
18.83623157
8.21841696
0.00000000
-25.75812486
7.84535432
7.83949852
-29.82946379
-18.90030810
23.61895333
-27.71673394
-41.82826291
2.57278099
16.55538565
-27.98027655
-39.35758314
-45.39945382
-17.35525221
-30.83419937
-14.91524399
-51.79262435
-44.98130887
4.02396212
-7.54522645
0.93217510
-10.73663096
-4.24083120
-21.94588870
-0.10854503
-63.38666134
-20.99147987
-27.56578614
-17.70048175
-8.86569764
-5.76513781
-10.62915559
39.67812193
