-80.51107449
148.68885887
110.63791265
-0.77505904
-86.62171203
-24.18554576
20.27360037
23.19542757
54.63267796
80.74810314
234.70855585
-48.31165896
-139.98423044
-122.60653784
-119.93848232
-101.45140008
-0.36701543
-32.43211546
222.76597485
269.48571643
69.11936458
127.56674917
-13.23270474
-64.48547059
112.47756613
38.31467256
181.77679354
0.06358954
-55.06891678
148.20998222
-7.57030197
18.60066515
25.57447379
-20.48130428
-59.11371033
62.16862816
11.95230539
1.56021788
-113.61597424
-50.33900889
42.14189816
0.00000000
180.29000339
-70.40377096
158.60158492
14.30941261
92.13596134
-59.01333323
56.69243139
-9.98374083
13.81325673
143.37304045
-64.28042518
-68.87389212
-87.18357119
-17.78045540
89.32582501
251.76227315
218.09113870
163.86791328
71.51078801
60.81273348
-120.59802700
-28.41315133
-50.67144365
174.95096776
28.79944945
29.59721516
-45.08538216
-17.74825148
-48.25993129
77.48978001
22.52068657
58.73866363
47.44523991
-47.09509070
215.77095147
117.01027755
94.51303416
-76.35207626
-26.09204746
17.50427711
49.79609429
70.91553062
97.08304430
287.98328632
-7.55886349
-139.82385112
-150.46786614
-51.78829731
-65.69024673
51.54584595
19.47595223
141.15247778
294.46883748
119.01672168
139.16376817
15.70988294
-55.31969331
135.36227656
229.53235397
217.49846809
134.04668822
33.78156725
165.75361853
0.87391505
23.70161469
97.57949968
143.21267383
35.44896568
228.01077010
45.06970037
97.97996117
-96.05550062
-33.09938282
86.73700062
0.00000000
261.82275297
-35.70472462
177.40119345
106.41477866
114.44401010
-49.65824904
91.94227930
39.84631487
4.83755939
175.44989451
-11.21508337
-49.32658614
-38.46097532
216.99050522
225.78724702
285.83053559
296.02920072
248.36466554
124.55518665
87.59451641
-87.77271861
13.12212100
-68.19898082
202.25000867
49.72634752
182.53512488
55.23852585
38.15029129
4.28662894
86.92845860
98.09106310
147.87429265
103.06383968
