24.54899315
52.31299201
118.03710659
77.80912677
65.55105928
39.96014064
67.78723100
33.91560442
-4.80018962
38.42173414
9.75368173
67.81124785
41.15855065
81.70417501
93.07500469
111.69754689
21.82794145
41.01863286
29.96851928
23.25302938
51.34399041
49.84857067
8.53577094
-14.59494509
-36.48939319
73.47644095
109.30958790
97.97319505
119.42599164
30.04618707
8.33314323
6.19787352
33.94492321
76.65459441
10.20485176
61.79177375
46.58302514
71.57071364
84.42527466
71.89876165
28.66846685
0.00000000
44.04084582
22.53214566
-14.02593688
59.70745600
50.17412441
17.06103451
1.57672313
38.23640378
17.66616503
1.92779355
36.25113371
94.50878602
78.02401062
-19.07899503
-3.34523820
-1.51215774
-28.41853405
73.54473043
4.81912288
15.58296663
98.70109935
-8.19771356
3.47125417
5.20852589
16.07544003
51.77516973
70.61217675
81.01415420
32.30162993
7.05123876
37.92735599
55.56962757
27.02132940
-17.36113312
44.27917931
67.70393247
18.65426337
82.40056875
10.02874143
15.75912341
20.08679801
-3.73049180
-0.35488337
-10.53244431
6.35614505
-64.61453204
-60.81209593
8.35470357
69.80677841
17.12016685
19.42033862
11.42513670
42.26771267
35.68405257
3.34686644
5.66258336
-43.91064216
-47.57330210
-10.21795081
71.95180702
66.67030778
69.54475749
26.77386384
-1.65467466
-8.46061479
-37.88764398
-84.44953191
-0.47642813
-47.19339407
38.47297276
-41.61247040
15.17814989
21.87432602
1.55065741
0.00000000
14.06372312
8.20083977
-25.01638096
13.36906899
11.33823067
9.07837742
-3.35432743
26.42103301
11.41398038
-34.46596000
-10.58314438
22.67274283
36.71210480
-109.02737494
-44.22582025
-17.57499493
-60.12119085
62.73689831
-9.72755112
-17.94484740
42.23919935
-17.51344497
-18.32117440
-7.36723874
-0.61524970
-11.77109700
22.71043238
18.81260825
14.54999858
-9.39160220
0.82292063
-43.00245917
-81.80320483
