224.78219928
325.07296129
-37.55190674
95.14852243
302.41763432
213.03735349
105.78268365
95.33243610
111.95190915
67.95203067
254.72477701
213.23401804
459.30450319
258.51799155
365.22919084
262.06293670
96.00551780
150.38570973
546.98870937
332.15413563
76.62509574
178.67239755
69.77407230
197.29189357
246.47074721
102.03107055
27.20306597
67.49369918
154.97295387
166.85715954
36.66216768
110.78073902
139.21294674
150.28599027
100.67431800
123.94901187
43.46668350
132.62000655
221.64468594
189.62584748
51.87918219
0.00000000
424.14226369
149.26121286
242.94906727
86.18432383
80.62949360
165.65114095
89.14617838
117.84561659
52.31234097
301.91177872
213.61988972
361.36961680
266.53605842
210.45340168
164.02748710
565.00968722
293.47951636
327.93390741
124.56196165
109.01854523
400.26859517
80.70157986
175.33701517
141.36998522
85.02930875
102.99345638
192.27585469
172.68805641
204.60825799
117.78891861
102.75240435
189.33186860
118.88174849
80.89705395
185.16898000
92.64614521
-92.71847999
283.52726882
177.63846053
106.44932065
63.98376023
128.33444023
108.71826356
231.93159375
104.37211926
321.13986862
281.99350141
161.17841968
206.34010562
114.03447135
168.65521953
260.72708339
232.87954878
-2.85226207
164.69692838
81.39550594
218.61996947
182.46368486
-66.29050935
131.10820631
-134.92481006
56.78957676
135.33742475
-9.29992383
134.07260076
35.06683486
2.97093683
62.48803482
18.69934799
86.26163240
126.09485396
300.61377139
250.86279624
48.67111449
0.00000000
326.14903919
155.60937260
169.12319883
57.53828954
78.38603514
253.75960237
59.86080180
83.91432794
30.33090608
232.87330291
186.65214253
256.10270662
131.98621514
17.21061248
101.73655217
486.32226641
199.68242813
299.50108550
96.72625311
39.83513104
239.36270320
78.97377198
274.24940354
166.26124539
70.05118057
44.59869545
105.34910063
108.35939639
181.60807521
122.87613430
83.60237220
114.95657982
70.72230933
