-36.27404183
46.37217299
-61.64871710
88.25607611
-30.96477919
3.83204910
7.89910618
4.30275713
20.71959562
-12.93458285
35.36174782
57.71921762
70.18188346
60.84981986
-7.21894357
-41.14386278
30.51416472
9.75095829
67.00785422
59.26836236
15.81297510
42.40367058
9.16704102
-0.24651711
70.14237243
97.61849513
-57.97379582
-42.51590678
-15.00417579
-23.40567613
-4.17696421
40.47382847
79.95282695
88.12661337
20.74381525
106.49404494
-10.29687956
49.50943454
11.52984227
-0.29756509
62.15749764
0.00000000
38.80617749
-1.76947167
69.02780687
6.10455094
-3.05592092
15.38157299
47.62484277
7.91569691
2.83367994
93.52381451
57.88813414
-17.28742359
-27.69945804
103.30086188
56.86201404
90.02456385
91.34103188
93.95873000
66.08724229
25.43143362
-7.83793244
33.97956214
22.20974725
35.23978178
22.67655860
27.26952244
51.22110471
-10.97377253
24.02248088
5.18613519
20.39661993
51.65729793
80.40059705
-45.17233287
10.45618790
-56.80700988
1.15877851
-142.71486461
-21.76920597
-6.60243131
7.32228538
9.34946164
4.03288427
8.27748803
-1.16729316
27.31483958
25.32971148
-72.93133733
-69.42791674
9.97410176
26.50800452
-42.95469958
-11.99206763
-29.00305726
35.96522842
4.91074801
17.53187801
-13.40365770
-5.34832781
-100.24220560
-121.37843881
-79.72767377
-50.91501200
-20.26382918
4.50445752
71.42070627
-13.78317364
-7.34753540
24.75471790
-1.64568853
-5.90857605
-0.67552459
35.24121578
22.32038248
0.00000000
46.26186044
-4.00891634
40.79875759
-24.17496621
-14.15109199
40.52295009
3.93640279
-18.09386181
5.10315808
54.32494145
-4.57225150
-50.80834468
-65.48411463
67.21819958
-3.97096596
29.44169770
-16.94466574
13.20249381
5.64279392
18.45359382
33.40872925
1.36357637
25.03389065
6.37687092
10.57044184
-54.92932338
-34.71891593
-51.54512384
-11.52785067
2.43643719
2.27854611
-6.16129606
50.60145565
