-47.88485901
-63.56140979
-66.72400457
6.66197536
-12.31512356
-32.10182436
-52.93693847
3.76378514
-0.79821354
-42.11962059
-53.50823053
-5.79911886
-64.05648579
-16.74691180
-40.40646563
-45.78978228
-4.88405429
-15.29673527
-22.86136707
-75.67780233
14.51384575
-68.50690224
6.89930485
-38.85652718
-104.29840083
13.86995909
-38.82259427
-5.86737181
-13.62633013
-3.56249073
-10.76091393
-22.26693073
-26.98896391
34.00040354
-5.24171324
37.78906745
25.79347208
34.93093858
-59.64486268
-26.46904416
0.35432218
0.00000000
-100.36330589
6.26511473
-64.12810656
-3.67997613
-11.76129176
-16.63666655
-24.73019095
-28.44187147
10.36181594
-49.57266986
-19.42920340
-38.17414580
-14.30014904
52.07745303
9.52560728
4.41405026
-6.35122429
-41.78711875
1.69051635
-10.38122247
-121.48956539
8.98069277
12.71863261
-9.72395341
-15.04306268
27.43790152
-3.88683222
27.20731327
18.02311777
-19.15818636
16.08191391
-7.06135845
-14.92691384
-46.80704602
-48.29499075
-27.97049434
-105.21804902
-61.43817419
-50.25882484
-31.45632572
-27.04123441
12.84870198
-5.57913592
-40.89739380
-73.00259211
-9.92057330
-57.67673384
-88.83366396
-70.05905625
-69.17809159
-75.98715157
-27.85033641
-64.83068258
-38.54289600
-34.13145097
13.43066285
9.58371534
-14.17274782
-79.12238664
-77.64895473
-116.76523379
-83.30296536
-15.85438795
-13.89101584
0.21152132
-98.36015187
-67.13804877
-48.80428050
-74.10446422
56.29182801
32.92957681
-70.85862641
-37.06061591
-59.98245585
0.00000000
-12.82983603
18.10370787
-30.93826964
-37.27441577
-23.48391880
-34.08081464
-83.84341806
-88.28970441
18.66414046
-62.08327342
-65.90601996
-81.27092252
-47.13161315
-26.76057512
11.32245861
-4.62278780
-41.56776136
-5.49946149
-2.08686006
-16.08825468
-14.24590738
-16.85271818
0.56409312
-10.24314665
-14.03443164
-24.03489453
-85.01645566
1.37694719
-14.76796494
5.91370506
33.71949423
-19.80753942
-87.56340550
