114.12677345
331.88476096
48.33656339
-34.77450940
80.22564176
44.83514168
27.26105235
-0.70227727
13.23640866
55.88842884
254.08903020
14.62431082
-49.02757456
-28.85350760
18.42149781
16.21477115
6.88870764
24.83803234
468.35904693
420.34777840
65.30714168
139.79092231
24.79011045
35.99272923
348.99297725
56.94648689
186.49817261
26.16441402
-19.98346067
143.99009115
28.85297114
-22.34746624
35.94838548
8.32850033
29.33519134
35.46702489
36.42819462
72.48989847
47.20431515
73.61493916
6.30853775
0.00000000
345.06694519
-25.80666776
219.71278927
-13.00801327
46.42797169
8.97477127
78.18036860
53.60825300
-21.21955216
166.68222716
-3.39069904
48.62674535
16.45684668
56.30274056
83.23993337
375.81733714
224.40870197
279.17803028
108.07306403
71.70892539
45.15725506
-79.05535570
-43.08409862
144.79942602
32.49042366
55.93185658
-9.68826241
-5.19754192
-54.90549342
71.57890226
74.94517949
98.13244261
32.94623618
176.91302086
220.14648373
91.86503126
252.51170437
237.91233593
74.12772844
75.34030871
23.82725743
53.35700445
93.16983007
408.92766993
144.24517728
85.02929068
15.56863474
201.12645413
61.62063304
233.60154229
170.13564166
208.37444480
407.76212935
85.78849391
167.38268744
-3.03423416
84.20298275
286.43380032
212.31350893
352.98648913
139.95305891
74.42481316
230.07544788
52.50728665
30.29326732
322.40890764
328.52005653
147.20247893
310.31362770
6.33280531
152.63751181
154.34079237
94.55324061
186.16356843
0.00000000
236.65456385
-15.70345302
226.66248962
101.63675246
103.29551522
72.59050394
279.84494436
214.03213018
-30.75765832
226.55573918
205.05491938
160.74966024
104.78364010
253.23349642
251.84011503
328.31857230
370.22072210
376.20741556
167.19666652
121.22144422
250.12645261
59.92211152
59.50460175
184.65195703
57.30216638
196.48403574
214.08557986
74.33177232
30.43528210
116.62831847
124.44276651
262.51859316
302.15414095
