-324.55603571
-23.34229642
153.77637329
-64.64077715
-517.77406409
-339.87529649
-111.60546790
2.90639464
-70.12092783
-32.46721265
-147.73234249
-94.44398726
-228.80847939
-126.50755421
-420.17760415
-279.23728243
-169.71995324
-161.64148271
-254.47977658
-409.16554257
-8.66597662
84.85397693
-126.00675123
-140.92317200
-538.41406782
-159.09576363
-141.63692852
-68.90680295
39.56839966
-148.92782539
-17.95573119
-59.19215032
-202.99486193
-150.49500780
-274.27578429
-265.93123928
-26.56383568
2.97518976
-316.64600840
-160.53900415
-98.79028961
0.00000000
-36.34783798
-186.20494590
23.51269183
-58.89116183
-86.96698151
-187.58155866
-167.43205703
-113.93987991
-61.66506236
58.75434238
-249.97604497
-387.51941163
-298.00573830
-244.72154567
-196.57705076
-127.94834283
-545.52258433
-172.75748206
30.90354015
57.05817328
-625.84524848
-0.24629901
-213.10256344
-214.59645030
-105.89528249
-156.25848917
-133.28532883
-27.87012650
-262.85764723
-117.10092477
40.26599209
-187.57576289
-170.33130289
-404.89710829
130.82540401
52.16995639
-41.31328094
-625.73262277
-282.95456593
-103.70117700
46.78571312
-34.64188419
-29.72941130
-389.53733828
-221.00342538
-864.01675744
-422.77926393
-402.74259403
-223.02074486
-212.64822951
-234.02612494
-243.31560785
-309.09337298
101.26898859
49.88317559
-68.61131091
-412.63723763
-147.16184143
196.80659312
65.75118489
281.77454335
218.08184391
-110.39851254
-39.59252581
-51.59433051
-235.19816993
-371.97577525
-327.92043804
-25.40594339
-52.80907976
-207.09226085
-559.63184189
-293.21953500
-40.56863019
0.00000000
35.98625066
-183.45000009
-9.15330120
87.14121200
23.29697811
-282.35832111
-299.58308388
-227.56482543
-55.19598452
139.22493505
-346.21291277
-418.82950626
-270.31279029
198.61094522
24.33269310
-8.39057411
-300.57183059
36.48343460
118.96524731
71.48373416
-739.38854653
-83.14840731
-323.23511965
-122.36369921
-82.00479977
112.27886154
-173.01766738
76.08790743
-167.90553264
-21.81492033
23.11225789
-122.85488674
-181.35064191
