35.54749828
-224.17143540
-113.56560903
-182.96868495
-34.04434305
-22.93676703
-103.41106166
-169.28916047
-226.52239394
-107.17098158
-262.26346284
-127.54977296
-92.36162009
-66.06034749
-79.28463446
-44.24683194
-99.78715538
-58.13964597
-446.76241120
-330.50864952
-19.31722090
-136.71191104
-33.08510976
13.61859561
-281.42573791
-171.50440226
-206.26774723
-257.87149436
-209.07066213
-237.90950726
27.15464836
-31.67234202
-156.69404711
-89.61955990
-18.95308022
-190.23523322
29.38658070
-123.07853641
9.95769258
-27.70933341
-152.12924169
0.00000000
-236.28163484
4.67596450
-254.32265416
-194.21095060
-238.24225464
-38.62053803
-71.27558890
-76.12552858
-31.81478712
-238.21930542
-76.94478826
-30.16335326
-69.93168617
-299.83621080
-266.39735502
-484.88468049
-331.33784227
-311.09437276
-146.29939601
-97.33548806
10.09406929
-17.83241284
-15.43100669
-248.63448046
-122.27096904
-232.11993151
-116.06593932
-148.22723146
-35.20447727
-202.54115993
-89.94832993
-214.03711188
-159.89819459
42.47693115
-250.45063340
-231.56162623
-173.46690590
53.25636655
-20.02955736
-83.25626726
-156.75443154
-212.41172956
-159.63188589
-296.99070762
-112.35768344
-200.13805311
-85.27029731
-37.06936096
-42.33503486
-117.96004481
-120.09471008
-240.81518464
-319.32416835
-66.75962808
-189.76264541
-67.40474990
-31.70632739
-325.82786283
-251.39690269
-270.73161517
-154.54319579
-225.31597690
-244.57968479
41.93374282
-78.90518760
-138.88479667
-172.90314227
-66.54442619
-286.44830796
-47.74865905
-181.57214540
-73.06693676
-102.31374850
-197.21287085
0.00000000
-279.07588721
-51.54355445
-247.52879384
-223.57561762
-231.38269140
-73.79765786
-58.68279036
-93.78160053
-67.38172074
-291.62982386
-71.80377213
-38.14215116
-45.67396734
-367.94427251
-351.64192950
-426.49596232
-299.76393044
-505.98783548
-169.25536714
-124.03445262
-33.93371271
-22.71402357
-33.17767211
-226.80259138
-116.06832432
-319.41155022
-138.97111564
-154.49665631
8.96043797
-193.48297908
-145.60641954
-235.62879225
-180.00647806
