295.70322795
348.60380626
170.29731093
295.30286031
461.63906318
354.80862440
219.95184839
181.58350378
119.44931364
64.76166397
150.64379307
353.05906568
653.40254459
406.14624190
662.78999310
470.09621237
220.18986475
333.20698246
450.54546519
176.81745520
112.02457373
203.58647153
145.06169447
237.49184778
444.66505843
332.83747785
255.82651890
466.69370383
497.55264030
189.82846124
97.95425163
209.75049916
282.24896063
239.92205635
216.78141187
319.62053228
84.45618884
171.09624524
404.47524109
360.65870075
158.41918131
0.00000000
436.15736228
218.54168719
199.97156426
355.09022651
178.48597447
295.09357713
234.28320748
249.43898834
109.52930657
219.99377969
434.05639488
618.85669668
447.71192085
335.53741348
277.88128434
495.56984286
270.74076272
184.17014386
191.87618005
118.13771881
705.17690542
173.77436613
293.47182310
147.80706181
125.01204662
419.46788734
400.38995361
381.48629589
420.61661199
128.44656388
139.84874513
235.89343576
268.39410663
178.92916969
304.42325930
184.43461033
-74.83452690
573.62028553
305.36859030
189.28823609
124.28249639
105.13772395
49.76466474
209.26920164
171.09698898
796.13165422
522.25398051
375.26946399
420.08819692
125.63895971
246.44831813
206.75985800
-14.43415496
40.80211833
163.53987296
166.23755452
473.64504451
120.13266244
-103.41256519
104.74834546
-19.16095140
142.03335261
31.84550108
-15.05932304
200.86694792
1.27030562
-73.36943120
182.57590661
-213.83714716
273.71953822
137.03727726
398.09007735
228.60389859
-33.32708706
0.00000000
367.96198085
264.23947857
119.97412393
84.40745235
65.94272728
304.72263803
54.94997753
120.04543809
161.01238107
167.65332954
247.10196688
360.76491341
196.51792853
-46.29729719
5.79244133
194.00916021
-0.25453771
-15.45323377
111.85400887
45.53777171
352.33783291
136.23643568
355.02342179
27.87192336
94.67786112
72.87019856
103.46496491
194.28005431
284.59973451
32.78169238
163.15098950
-57.56480771
47.51649834
