-46.49469243
-24.75143084
28.91704317
-54.17626783
-73.94361923
6.65129825
16.14250245
14.87805055
3.90843357
5.19505676
-8.51049641
-15.42296300
5.05619329
0.83357883
-12.95334695
23.53824243
7.05680925
3.70004094
-101.14472504
-38.26026679
2.29717244
16.64502302
23.16576865
10.40142412
-17.20286643
-51.36648246
73.97570088
29.50425684
22.98860816
54.05334378
-1.04691427
27.97707399
20.43311926
34.91612704
33.22636418
35.85546052
72.82651446
63.42681339
9.85989972
8.64933219
-18.04405010
0.00000000
26.62922156
60.02832375
-22.49509585
-5.48080808
19.23302176
11.20836573
4.40082842
-2.66741228
46.31039512
-24.29382947
-8.91068180
2.93363684
1.68899620
-56.29523924
9.50526117
-70.27874924
-14.33407476
-10.68642676
-6.80793681
19.78822236
47.65949798
21.20833149
12.11061912
24.18117129
-1.96560964
-6.85975206
-13.67716400
5.60018706
14.81135575
14.39943326
28.36502966
-9.89534939
29.76515566
-44.26819408
27.95666250
71.65703562
16.93741145
23.06946459
20.02646307
16.06553866
11.76055624
3.67124347
46.92857923
8.77195279
36.41447327
71.12474561
41.40948107
75.39821611
34.67541394
48.19335216
42.93289916
29.65544659
-40.40879703
28.90493587
4.55275301
15.29623848
26.03885065
68.09160364
51.60999656
112.98792716
108.66281491
60.22166716
57.08340622
12.59752731
23.65417510
99.97259425
63.19363420
23.21803676
50.03713914
43.74868909
117.33472330
17.74056812
21.30792820
10.74252666
0.00000000
-9.10152878
48.26803735
7.92214235
31.97097100
40.53098310
26.59803041
62.86132099
43.65266834
44.06460882
-54.55571581
11.07896210
21.01674272
54.97482713
-63.36686074
34.98195447
71.62785450
36.59220819
-111.10482517
31.20535758
17.76127623
16.18229819
26.57710878
23.72867319
56.39332791
11.16084106
74.49557235
33.49798722
39.58671597
19.18587291
6.63263852
64.66202758
81.06340209
103.82838412
