305.67119401
196.17995757
86.52382113
-16.71505703
246.27275137
46.46534857
75.96314968
15.52357283
60.86903240
-85.43854300
177.40892679
7.89689281
472.00356656
119.80773080
97.16609760
134.99820402
-139.19883080
-102.51213150
145.06069836
143.12965742
116.09922665
91.96284819
-73.20768508
448.38941913
321.75137470
9.14180884
91.56630580
-27.07000396
62.49187159
99.92792474
218.57353334
-14.17635983
-139.80189959
-111.08388607
-109.30275038
-65.59793556
99.75149788
13.68841901
69.54253925
-78.31551645
-72.87732272
0.00000000
343.80688678
21.31864478
41.92648646
-15.07397558
62.35253855
5.65586563
-154.83852710
-64.71331865
8.85340769
105.86023362
12.95742183
23.74516928
58.04857087
10.85789679
156.95044068
270.07363530
263.18592645
-64.54112035
-36.22853574
-35.63609791
9.38187058
134.64901604
245.79567797
134.22212411
19.12364888
-38.50773811
-0.04943163
-64.17421752
176.94288809
80.07068753
38.63745439
-88.40693346
-136.14316481
436.18347597
140.85020647
66.46930004
47.65852842
318.46327740
79.09173933
82.37024004
65.81364715
58.40252207
-63.98215564
69.58013199
56.33100344
400.86910617
109.98751349
290.48689828
173.58089605
-110.14642129
8.14569316
28.97868374
144.33696637
58.58628745
50.08432063
-18.33479768
488.52874713
204.35565806
185.67743200
99.63169160
172.34896935
173.20534510
172.92674125
147.07208381
42.73263375
36.72718867
-52.34007691
-44.35175366
36.74675333
72.84255610
6.11356485
158.96688137
162.29236545
-3.40409555
0.00000000
325.87180091
82.22584661
17.40007040
62.14079103
107.22610367
166.19232761
-158.41063049
0.27407165
2.53162498
37.41914955
209.93318367
230.89900726
205.98541627
407.79396865
265.76811997
80.60966549
194.29373288
-152.52036880
-25.92413047
-61.22671171
221.49902628
178.83291243
295.62967927
150.44202056
5.91719894
74.52890152
42.30016958
27.79089982
385.01708925
126.14326394
-44.64444109
-19.90189458
-57.81757628
