-20.94320258
77.53694509
47.97607413
128.77583914
-4.60318977
45.44151155
53.46494469
61.60226219
58.93589110
61.65438807
-1.03178455
65.66137249
34.25852163
5.11021946
69.48983865
28.17794749
42.25426362
28.46193920
156.82171489
21.33177400
47.88418683
60.67100942
25.57860876
12.60032667
-5.93792172
78.94084587
129.58991242
142.66949973
88.96644848
121.73740645
-16.80849281
-0.58316555
83.10576227
121.11119417
59.85887764
160.92818881
78.26736138
95.29932513
33.34645907
19.19672789
56.81337623
0.00000000
0.41638519
24.33124044
46.30670065
108.49829297
83.45960956
15.10545118
53.19178774
32.13238338
37.56141746
76.72195313
23.90750195
67.41391177
40.50310601
40.18547310
99.09896599
216.26421144
170.52189952
163.64830025
100.29994523
69.47273432
36.23235121
1.03632275
38.91852464
86.89692592
31.72751756
106.89082370
70.83762373
59.54595368
63.06984798
59.65114339
85.00983857
65.49036672
89.83266724
-49.48021113
54.80961053
90.61651936
30.06247368
-99.72773854
10.39420002
17.46744152
33.23173035
36.78660076
75.88401615
50.84533425
19.87571146
-9.19636840
11.38060967
-29.10425615
0.51790701
24.53910145
-4.83185177
91.88019971
47.06475411
42.14217111
36.91905785
15.81060385
-15.39909638
-25.00228367
19.35380162
45.01922796
36.98401179
0.05901677
63.47611493
-16.25536271
36.98595365
19.87194703
22.19597028
2.30709743
25.73526308
22.47383086
49.18251177
-0.03669819
12.06367254
23.93288239
0.00000000
84.32927031
-31.43796801
42.68354599
53.44572575
38.38092755
-13.51562543
29.69962806
22.31395006
6.23941537
20.20784023
-16.38738730
-27.24254568
-9.41364334
-51.40283739
40.67715966
192.63290410
100.73833908
146.35287071
53.96702914
39.92455982
6.00885876
-15.37352436
37.64673420
71.47466401
36.22870991
65.72352369
7.28247390
0.32327081
22.00880638
25.79613411
35.63829220
19.88156909
-3.79702496
