387.48217868
117.31111101
384.27024266
151.73916979
398.71460090
139.14754105
145.83645435
138.07579065
130.66575311
126.16674226
-1.77795443
130.02116260
290.35437287
119.11416276
257.17979465
309.73743777
106.97107332
99.88809459
160.43786305
103.98742915
57.88053511
7.40071018
103.17210626
419.26072407
289.25168331
233.08738947
544.23409242
384.64541429
291.40537146
287.01350268
202.59719139
58.30396460
153.83442555
98.20945884
108.41497251
229.90331955
181.48779207
205.01176337
11.66485940
52.76759461
99.13959835
0.00000000
-18.09322611
213.58026934
-51.43021414
196.93692142
246.84305643
88.76470090
121.36305745
69.13645185
119.95654411
-79.24415939
147.47716136
157.57897083
180.41740450
187.50957015
248.86749533
133.01184482
242.22361116
188.88008692
16.32317567
27.83750278
81.12802299
178.58998289
178.14654360
163.77027949
97.85714145
322.14136932
121.02302886
159.68674516
198.02724062
164.39205944
157.38860078
135.43714098
149.98096223
422.32338166
-37.47997610
323.86038323
299.90434232
514.06510796
123.71616601
96.99813187
122.26221546
80.54202809
44.47064788
153.64203493
274.10549172
423.88129435
161.39266288
434.45032072
276.38286628
196.25520315
202.93195173
45.86862254
230.98546917
39.64969611
-33.12466426
35.28029697
392.45203080
119.49997608
190.32856540
427.45461382
444.53690854
409.96446638
334.08604557
140.35714869
118.66543539
187.29702504
242.89280824
229.39734351
82.15699927
13.07098465
89.94446020
222.71566951
204.24001898
120.32520039
0.00000000
-87.77404742
135.18916422
-14.05965882
269.41287722
172.03904479
130.70472563
206.14275985
220.87923465
38.81596233
-142.40957308
318.13899706
232.45883903
278.25486012
177.54553058
318.18471495
-67.65145192
233.99087323
160.05147756
-72.38178685
-24.48875251
283.88530220
150.25914696
212.05323535
127.71895027
63.92695142
350.59135734
281.52573739
209.41637235
246.98247582
123.23377930
-3.26790897
121.88258722
86.77936423
