166.34348815
-61.28105097
85.17879562
62.62419196
170.76606205
84.41741363
47.12766058
12.61398085
88.11082878
54.95189668
9.56183580
110.33708942
194.38965593
147.09123898
87.98705025
95.00119608
91.84974362
89.22093159
-20.68258412
-8.58185315
-14.36675693
-0.91372607
86.93009177
167.43519519
356.28853131
113.90334499
302.45704304
170.96353395
75.77491055
205.00393473
69.89648725
52.14539065
141.88672769
122.87722932
123.62208648
174.86014739
87.81991218
123.88631471
146.63425655
89.61939791
51.75316161
0.00000000
-107.21079713
194.36474370
-12.96307028
37.09786099
100.47491945
85.37873204
67.05219128
45.00651952
77.33041680
-117.50557804
60.53046416
80.36203372
33.98853063
159.56868137
184.57168767
37.90144955
240.25495006
47.64635548
-2.08634559
15.97509847
229.10694839
77.03759918
79.30225542
153.04777979
25.82950070
150.21496381
39.80568138
-8.48308800
104.53474160
125.48916194
80.77187876
81.42876628
73.30504824
164.99309275
-32.18825158
66.04277343
57.90189887
329.53014617
82.04759219
3.39239098
28.17596347
33.24766867
52.16002740
98.53827089
158.20336764
251.10140978
208.87764986
164.25735702
39.09065605
132.07565178
131.33565914
44.25553864
45.34226226
33.68379774
-1.43714213
81.03579246
168.76237647
161.97066605
74.09030516
194.82138769
207.73566420
80.90474182
182.12977483
42.95578850
57.74815497
272.96176008
185.17849279
158.45748574
113.18524994
1.32969171
142.92940984
235.66529424
146.34292063
60.65568235
0.00000000
-76.16543412
155.00514498
16.78736369
65.59370199
47.88122784
139.86318499
139.25279439
125.86082782
71.63595168
-114.69039689
160.74478277
144.42904129
79.24856641
125.05151861
142.09391927
23.24101253
249.06048874
14.00112904
15.03382582
29.15807964
185.65946261
65.77803713
142.17232090
161.07238221
32.63620583
127.29203921
104.74052953
-23.44996158
104.52367462
53.09221914
29.36028904
143.78795709
143.54904764
