17.08539416
28.15367754
89.21527011
27.13118103
-12.30344598
-1.07493857
29.33718475
18.95338864
19.04892136
13.94545699
56.47972714
28.05104693
83.48254549
35.90068346
76.56257522
20.03486494
-2.38614913
0.71213815
19.17783087
34.90731999
23.03197497
37.45022281
4.39505257
0.33815467
106.60246344
50.91244042
161.42265427
50.28435834
44.51862936
98.01582789
-29.53887332
-9.05416557
15.85931423
12.68018283
-7.72463192
15.95228412
7.36896532
10.97519032
18.62858953
29.80057194
-1.55275817
0.00000000
23.87442124
-13.82577941
20.12675587
32.96959558
26.83955072
20.58814297
1.20575176
14.72018833
-0.00512048
-5.77258401
46.25527521
42.92839317
36.91467784
65.32840964
59.19732052
1.68174052
50.87592841
-1.28301545
-16.85769764
9.13568593
118.15484397
-21.52466410
-11.49486354
48.37985647
9.06606551
53.95186472
25.01211449
34.82185030
-51.43942778
21.32134386
1.69512510
14.30947935
14.10632612
-1.46574748
27.36793764
32.25744432
-26.61218766
72.98015611
-8.80555759
22.91532892
6.19965115
12.02716942
-4.68693929
21.59637550
6.84013941
-16.96230006
-33.85219794
92.30688270
2.98870696
-1.59442352
-2.29729650
58.14119941
70.17524776
45.00413673
22.63915784
16.84273234
-15.60784974
122.71438378
36.99380996
79.39451349
21.29883395
-3.75340973
80.08564743
-8.91977719
10.92532594
23.63205883
-12.89152275
39.46111424
10.75701613
22.42858642
22.89789370
20.43276399
-17.69627185
-12.67538458
0.00000000
53.83521509
28.56276334
5.53167986
16.99975490
18.29109411
25.44669537
-5.88282523
12.07402123
-0.96932215
-28.32023749
47.21317677
50.87661109
56.81301621
74.41242143
93.07141631
7.57890742
66.15309557
-15.12506342
6.26487034
5.16641072
1.16115627
-20.79459463
-26.44348884
34.15473541
7.08288677
35.24890111
15.21735796
27.88800682
-35.42503566
36.56465524
5.12918086
16.97224991
13.99277307
