76.24064048
31.80929136
-23.02746758
41.82905134
97.28669540
98.50664188
33.35957115
51.46736160
74.69841889
60.59571304
-42.94771622
11.60753146
10.44139438
-24.52297828
126.48511309
48.20783287
40.16055965
40.45348872
131.88460908
-11.84343245
-72.38123010
27.53203645
34.38300234
70.17130705
10.67324654
9.51760668
57.69362790
83.86130480
35.72767097
122.26151858
39.37786007
35.45897405
88.77405935
26.31987102
67.48969385
72.60509040
33.08860771
58.53475695
14.86913404
1.37219396
27.80690565
0.00000000
59.68819062
63.46694495
46.80183492
46.87563524
63.48487029
73.05182997
78.62958720
28.39249450
18.48158333
13.58578333
44.61199982
100.42185048
105.45314457
99.68980997
88.84164191
80.76390085
103.20297818
108.92085325
18.38445613
17.38278960
8.05282394
23.37035179
70.69470220
59.08357234
44.99758836
56.85513764
46.42862515
47.10772648
114.24596060
76.53385408
44.73812402
77.99177748
96.70428190
53.82541017
-21.41693673
57.37414474
5.26687060
87.72502234
77.43915487
22.65153088
-1.73059639
46.04066497
77.11063794
56.19510968
14.10561007
175.55616305
83.82321543
42.26754123
58.87596359
76.50269969
63.62623233
79.79616633
-92.46839263
-20.31734025
22.98537618
23.50874338
73.98407339
47.25894882
-79.86910865
-17.21675951
-78.42246398
-2.23490258
15.46685535
11.00070746
59.77217882
100.78492458
99.43534655
74.00642811
51.74734093
1.91069816
81.70024831
102.87492479
36.57796648
43.04487499
0.00000000
-56.49078471
39.28268637
50.70232494
36.87268013
43.81870248
60.95095857
125.04726364
59.24645244
1.06021783
-12.32896132
18.21613308
61.30597337
60.09850298
7.25419091
14.07112187
14.53855831
95.56916690
23.63915230
5.02961677
11.97849568
82.48104478
60.42732219
72.66567899
22.63488225
42.22702643
31.95803031
30.56602675
17.19535382
86.64851055
33.12748318
40.67982763
79.61384587
108.23416399
