21.58987836
-56.87605643
4.18120777
-66.66263763
37.80885917
-4.73029512
-14.29148641
-33.50423909
-6.00657782
-12.80385031
-29.96620688
-71.17714854
-54.22490168
-102.46435888
-75.07057138
-43.55198218
5.19945720
-11.57462866
-106.31570506
-27.88126397
-34.80750367
-0.98768579
11.76558196
3.75111784
-54.28624805
-116.61951687
-67.40797721
-78.20271583
-90.01522660
-8.15546828
-4.77030787
31.88283531
-13.46862999
-49.71055083
27.47968724
-102.43801486
-21.35387412
-70.59711255
-25.08917067
-48.38569891
-30.89373749
0.00000000
-50.71842231
17.26247416
-10.58404742
-60.48108134
-27.61367182
10.80193795
-2.36550157
-10.76889985
-3.58056252
-16.01752016
-51.84057264
-41.31290678
-35.93755807
-41.37647584
-28.86631692
-47.43735737
-36.60688841
-91.96253097
-5.51529000
-13.32527159
-35.99504604
-8.67026463
-21.89623003
-3.07934503
2.60515344
-64.05426870
-69.63947744
-55.54593143
-22.58036097
-9.34679824
-22.10513820
-38.72584697
-45.62116800
75.90296434
36.19128959
5.32826016
96.57091784
-31.76922788
41.91183290
22.68728955
31.12266218
-9.16073635
-2.47251755
31.83776766
55.79274684
75.31123608
99.82096347
20.79996633
36.65014423
42.30203639
43.75363036
17.31248509
-26.31853576
24.00201864
9.69994541
5.37769787
36.68678445
26.94540662
104.75421492
29.00039446
205.58362289
145.98604774
-14.32361873
8.22437449
41.38719117
143.13731089
94.15168142
6.42653897
95.41786877
32.26313146
80.18392081
32.32575055
23.62425682
37.94555569
0.00000000
49.36802163
1.43336248
40.48957373
101.24262036
9.79336213
22.10806474
61.06860282
29.72479788
19.51456874
24.70336502
17.08513622
40.36085830
-7.45445249
3.00165402
1.48679153
38.26157251
35.81918828
107.64908614
50.16221797
15.36732994
-20.42440532
46.19563305
27.82653786
22.52686148
12.10677098
97.65065304
35.93254210
57.75439210
3.65154963
-9.25681335
45.53400965
86.95721306
120.33855618
