-455.42376421
29.44753404
-148.66341958
-2.71883832
-689.14402303
-324.83168425
-124.40723579
-69.02748161
-48.71185720
90.25255935
-16.69086901
-68.95002923
-365.72652060
-144.10619620
-611.80164714
-563.42304534
-18.92776497
-83.16554956
-86.90042394
-132.15451840
-39.04560486
148.04111895
-72.67384548
-277.27401663
-344.67877369
-81.60575635
-270.48252376
-317.39044756
-350.56418636
-194.25776752
-118.75441051
-85.63790476
-43.75058187
80.63612801
-108.87356445
-90.80460630
-107.83264156
-13.82872019
-206.31320004
-93.36610332
12.53135695
0.00000000
53.97241813
-150.48223720
138.24287671
-161.20212356
-152.83549857
-149.42349500
-24.05914785
-65.11095318
-79.29347108
168.79259980
-264.73740531
-497.14981855
-484.57540659
-199.04756643
-239.47201158
-26.62812471
-332.40691562
67.38964633
147.27314462
108.56410140
-586.32476433
-102.24665109
-281.44931541
-113.18562837
-70.44179408
-271.82270017
-132.11839471
-222.30857845
-335.53144771
-95.98692357
-1.74533618
-26.77366461
-33.26522864
-385.72234243
170.43348639
-288.55494340
205.41106234
-760.11693897
-278.58856630
-134.38947464
-4.90182253
-21.88462441
115.42510550
-141.11036358
-14.36660049
-804.56338397
-346.50289603
-573.21386711
-514.13073083
34.97779018
-93.66436353
33.13005560
-95.52400343
128.06852508
147.09307629
3.80958627
-456.02138612
123.49669437
378.12121626
-154.88603516
-33.09436738
-280.07008341
-181.82696239
-63.81886686
-136.42658676
187.50481221
132.93363690
-87.42494442
373.16586428
-114.73068488
83.14544466
-398.50408508
-162.30781419
119.61030048
0.00000000
63.74815798
-171.06988939
117.92633415
-40.26697284
-63.65711499
-249.64979546
-8.79797774
-79.87675978
-34.35071948
249.77886011
-320.16195426
-446.81317916
-416.23837358
279.32044272
-30.02183373
172.72581160
-34.87700882
271.73184562
217.05089069
215.31221753
-459.04687021
-160.96175030
-328.94346333
-43.24939339
-28.78320207
-94.69207999
-90.91026068
-233.44950162
-213.30169171
-36.93389665
155.87318136
176.15133327
139.47058294
