51.25768902
85.76599927
216.51339839
107.01574730
95.80470198
51.99225462
54.93122526
54.49961583
62.79490128
86.76473357
30.37116242
74.52510526
121.22298793
71.85507768
154.90126096
163.93222982
48.09404458
68.83482919
105.75339173
58.27602004
108.68382103
66.43258388
29.19456722
27.35996954
146.26424321
150.37476710
190.74687746
105.10910994
148.52362580
64.49238641
2.64689000
29.55989055
51.53603490
28.66402263
29.45263674
98.24378634
22.85680886
56.09134156
77.92736149
45.89938413
69.96672161
0.00000000
49.39135230
16.83525651
63.56534157
101.24134040
53.46493236
51.78337332
27.58375096
47.34378705
-2.79721039
52.40344947
79.98166930
96.16035607
115.30547438
152.46447117
77.13818573
104.80796182
60.94165231
52.92605761
48.23409949
39.39270009
158.65422465
14.92890111
36.10602806
45.54441768
58.64803771
108.21149863
86.25831937
91.77496392
44.38144873
51.42493513
47.73887020
83.15432905
48.09251979
20.53426120
32.00971611
110.89144071
75.58106517
89.76785834
44.71342832
41.78346581
35.92561970
61.80127075
20.37336306
-11.82094099
72.39289641
160.69781923
35.64699911
127.41214664
145.48113469
10.27211020
36.45218058
59.86512710
113.71216356
63.28376401
51.81042201
16.30963895
56.48119819
164.52629550
108.08954348
110.44369126
155.21840640
101.94480423
87.39395720
0.67933905
37.05504566
27.51601526
-21.57515554
20.10013378
36.02108437
50.31842827
11.53906646
87.62701515
48.50619037
53.21630836
0.00000000
72.07648087
19.44149382
18.40402950
83.33236499
42.70913543
41.36537559
12.41518169
25.35301390
4.84536075
23.97995918
59.66644412
86.62666719
95.12760617
100.29417859
101.67763902
52.21549940
59.58461957
18.41977422
32.15541709
16.84679305
86.74404525
10.75644309
32.53395616
22.19555366
32.60289957
79.48183616
44.15329262
65.45865734
40.76630201
52.45373807
27.92124222
36.00325947
53.98596474
