242.33574535
-97.73864673
-147.61803978
-103.03896180
191.04254534
13.12898979
-52.90220220
-100.13454602
-127.16398225
-86.20533144
-243.92450911
27.26965147
81.60415036
117.20457844
-137.37058817
-42.43645635
-2.49281712
32.41418220
-167.45132419
-291.72347178
-102.14518010
-101.55679095
-12.85976418
206.08136622
-162.78643512
-180.51424886
-162.16821315
-60.45004619
-106.60686407
-144.60733913
150.96195191
-6.34518638
-26.60948759
69.18131136
92.55514293
-87.09613199
46.03356763
10.90856225
135.98886069
83.94058469
-120.51273699
0.00000000
-112.51656674
104.57104743
-181.95089233
-97.97960900
-139.47475195
79.64324587
12.40523712
-12.84190491
5.46666462
-151.52944653
-78.07695774
-45.77095900
-62.98737619
-219.44082002
-159.55289496
-234.04900491
-202.07276519
-102.62562234
-106.48625769
-69.12480802
-11.45819844
6.00807161
73.47775520
-137.93281846
-70.92643989
-99.84432479
-42.62614462
-90.31470568
23.40708806
-121.19815209
8.69095626
-131.20527127
-88.01756387
300.18423800
-156.76278834
-132.65179485
36.08182067
189.38554409
53.88122581
6.55411558
-43.10101860
-142.41343422
-50.11539303
-144.16063312
203.59556100
208.85900440
348.27011736
87.85974250
22.08557981
38.81430244
53.22990374
-99.38364021
-297.67137739
-76.40621913
-101.55175661
-34.27675491
210.06189829
-119.71675193
-116.96542073
-218.71048559
-37.69327428
-102.50444719
-178.94988121
109.82150313
23.21079502
89.45033294
133.16577504
91.58054563
-56.00219568
-56.53529053
34.11993428
218.17736364
130.69924909
-70.80620490
0.00000000
-191.54425633
12.62094689
-111.89545387
-85.61773245
-143.27058456
65.97006022
111.02184781
62.68530494
-30.13341432
-143.56682124
130.76704197
76.00935786
32.82568172
-369.14753394
-218.81895212
-221.45643907
-144.30645613
-81.91944163
-98.19222066
-41.26559229
187.47025848
68.65397673
142.41776899
-150.23775267
-48.16828521
-88.49137114
128.88723130
-58.07086584
164.87413280
-141.31626955
-34.64399289
2.06340241
-1.99506352
