-61.59765063
-34.94925630
-120.01882511
-49.87043218
-51.20587365
-43.83243994
-35.13388998
-11.47028502
-5.11835684
-61.82703284
20.21522576
-50.48089038
-62.02556282
-61.60642704
-66.50893518
-98.93340653
-23.47207541
-26.02319852
15.00593526
-0.88277956
-74.94471712
-27.91015544
-44.83902127
-56.72568723
-68.43773923
-62.63377476
-131.15758341
-103.37013276
-108.63338913
-36.57763457
-42.75622901
-31.37517684
-42.54407352
-60.23667561
-47.58750030
-79.96480977
-62.09235573
-36.76478710
-37.53748237
-53.99805727
-20.04754174
0.00000000
14.44905948
-82.41732600
19.90341613
-53.37065353
-35.13651403
-16.08581778
-36.66238011
-18.08853057
-42.77720657
14.81318356
-35.81454213
-40.13567482
-62.58436612
-30.26071442
-25.30401155
-24.74275900
-44.63077667
-24.86403303
-4.66229197
-18.20190921
-96.27938843
-51.49407782
-43.22143522
-22.82090921
-12.32817402
-70.92724177
-46.79481019
-47.73919788
-57.86055217
-15.31978584
-33.38508324
-40.87214215
-25.24708744
-30.05318980
2.70906462
-66.07776460
-27.54497002
-81.00848705
-22.75936834
-8.27625336
-8.78709561
11.52114247
-10.82242067
11.56753104
-30.99793683
-6.71253835
70.97626164
-80.92564681
-64.56328481
-34.40263219
-25.97492183
57.19947140
-25.28164076
-34.53993616
-3.02063871
-16.03481556
-39.67366938
56.80696509
16.83435128
-69.08633999
-106.64253518
-70.41880532
-33.86138297
-22.89934107
-2.62750752
1.89324494
-0.66180803
-29.69928200
42.02663951
-20.38011929
9.12077309
-3.97137195
-13.71499977
4.43820899
0.00000000
11.05811653
-31.15385414
18.23656223
-37.39412600
0.73156828
-3.08716836
-52.98108105
-41.68171939
-13.53882099
57.10170980
-47.27148272
-17.94534820
-59.16360945
36.03127743
-23.34299678
44.35131054
-15.92277005
-37.40471746
14.15503339
-5.48716434
-61.22885280
-10.36184714
-13.91536147
-17.68902364
2.31407637
-42.46590559
-44.27301553
-30.20711607
-48.14082273
-0.85601452
1.07706404
21.02389953
40.98544686
