-480.80421372
-123.15067575
-565.42358254
-109.93905234
-485.47516090
-246.87705204
-160.84878511
-261.83736414
-132.00089222
-44.64067650
46.00231474
-274.60387300
-564.79600030
-309.08298154
-520.68084880
-522.95760833
-176.51718289
-294.67525817
-94.81749079
24.62004895
9.77717536
-29.09325344
-131.52718013
-482.22255344
-256.99260893
-238.72444151
-584.29503894
-711.48392525
-639.83889055
-430.85432136
-226.26552429
-233.88525915
-204.67778753
-127.84484823
-140.95258108
-153.16918120
-194.79251025
-177.24232105
-128.92131124
-347.71374415
-58.59366293
0.00000000
-85.77209878
-293.36223501
-15.20800422
-372.73327476
-310.74799388
-225.15492949
-212.26168575
-225.12487619
-172.48247488
25.62423435
-320.78968165
-493.44141653
-393.30646686
-294.59744900
-295.66446551
-93.66995276
-52.78849970
-124.30620151
-12.72715889
-57.69040676
-435.49327607
-281.86793550
-201.68683140
-100.80047987
-86.69840515
-577.49737615
-252.91286450
-485.02174829
-270.68821062
-156.99178304
-176.89590616
-142.88565910
-146.37218272
-304.17764885
-75.79423816
-657.63592762
-85.22553220
-731.98280527
-273.07638949
-220.97667443
-237.76898248
-118.02127808
-70.10919374
-139.25134731
-276.15837329
-546.35246406
-425.73802170
-599.94759787
-577.86871618
-182.77419772
-273.91834490
-23.50654843
50.87852074
-5.55247284
2.10270273
-91.13416053
-463.20964588
-158.40249094
-236.24178970
-847.94303623
-767.73254386
-836.18876370
-372.17256117
-101.13367317
-285.35326510
40.19675749
-33.73291911
-160.51992190
56.23913581
-117.55957116
-57.48872845
-270.20209121
-164.51149760
-61.41865003
0.00000000
88.13211061
-250.40968900
-63.25163304
-456.22745079
-307.15260984
-182.65649261
-158.36415166
-242.16320233
-98.49031844
18.80149696
-367.82706866
-354.16828641
-338.23221794
-235.85613554
-403.39717244
-76.56267308
-93.04944336
-144.70612034
-43.30788633
14.11953218
-66.45152816
-219.05460770
-288.23962658
-132.13998128
-94.26390792
-695.33898463
-389.56091769
-598.46884976
-308.33369665
-149.79274378
-83.12101625
-50.35038798
-47.19422599
