19.39297332
-30.16156378
-3.51595626
-1.58653386
12.15548335
-13.39209552
-11.91939142
1.55870325
-28.34076362
-31.71712899
16.08764042
14.75835147
0.17449318
43.44485733
11.98167296
5.73889645
-5.03076997
-4.65707597
6.09908670
56.35656575
5.45736651
18.45896870
-8.47019469
-3.50907831
9.73650658
-4.20088700
-60.10939956
18.78188065
-1.47781494
-59.05034242
-8.08920579
0.31789329
-5.02488094
-14.64851191
-4.50966768
-1.38813171
-27.57552348
-14.86343132
10.63410732
18.40396949
-2.35287952
0.00000000
-39.09651742
0.08375129
-1.44256525
15.76624982
-18.44370280
-17.30078296
-11.55028878
-5.65715161
1.89745487
17.43554995
5.91263167
6.55743707
0.11164488
58.72965756
-64.38017789
10.74863955
51.04023589
4.22879098
-21.04182015
6.49625637
35.01181850
-14.46152962
-11.21698096
-35.75334289
-23.03611291
-5.59238188
0.60526220
-4.09532869
-1.26288718
-17.13300468
-17.80412100
6.34183602
-8.03609868
-0.38271273
-2.57829759
-6.58144564
-35.84834613
10.06825508
-10.20041768
-8.24657614
-10.27129392
-48.32146955
-32.44265150
2.13938030
-32.86010166
-5.35299469
7.90272146
-32.99247402
-8.78169887
-6.54211618
-16.52624039
-13.80900564
29.97739523
1.76455838
11.70895648
-11.23601568
-1.31226272
-64.00166918
-88.39230416
-87.62455984
-48.81472487
-15.47781332
-60.46538079
-7.64933449
0.31691387
-13.48270708
-25.41344315
-3.93852686
-42.07700363
-29.03552869
-58.27345563
-18.49274051
4.00427446
-18.72839985
0.00000000
-9.09765380
-9.67688826
-6.44162078
5.71932895
-18.99321328
-7.38452223
-2.47107621
-23.22475526
-10.21793473
27.98550926
-5.74186962
-11.99523515
-22.46692019
-76.06833078
-74.13627040
23.90187050
35.62107064
-14.03600953
-20.06298141
1.40589081
-11.89656312
-19.32635227
-12.26391536
-33.55208781
-19.94096711
-22.04051062
-7.22407096
-14.25494677
-10.71101075
-42.84576150
-43.65187368
-26.70947986
-23.01615602
