15.11098470
-0.37971632
-26.66466857
-26.95464429
-15.81048016
-0.90111792
-19.79678263
-11.46893106
-8.59221168
-17.77032762
-76.52636220
-23.63840687
-4.94805702
-11.40340088
6.81113140
-7.46363000
0.68531126
-1.25496416
-15.27262368
-58.17594042
-16.47702871
-95.63768093
6.97366144
0.72116084
50.24856935
7.51540123
-34.42896991
-40.19908489
-32.10837145
-11.83391636
6.63408286
0.52465268
5.80702631
6.23987890
-0.59072630
16.30504514
10.40477891
24.51339211
-3.92884836
-1.17327757
-2.65774895
0.00000000
-103.85025566
6.97325677
-49.49491816
-21.47947735
-13.65868176
-8.77041215
-7.73629587
-9.57578961
9.63008644
-46.16795846
3.40278053
-6.12781397
-0.05164348
26.35273134
-13.45192121
-40.18974631
-47.31912100
-4.15458885
4.47030943
-5.14260608
-3.89519629
1.68632030
4.37258467
-41.63508647
-15.45949980
-14.69731554
-6.41766013
-6.12355963
1.83488469
3.46414398
15.99903685
21.46375712
9.78840746
15.87778191
-37.59222458
-23.96122011
-21.28181796
-3.00640650
2.30935041
-6.88854937
-7.25714902
-8.42745010
-26.97515650
-54.36664486
-19.54424496
-16.62352832
-13.57658168
-0.86798172
1.08664467
-18.51580068
-6.31642199
-17.09835770
-50.60209998
-15.50087983
-70.22324029
-2.11847833
8.76317324
5.55339519
-1.75284465
-46.24702309
-46.93565121
-23.36516979
-19.50010141
8.05015610
-9.26118432
-7.94727125
7.68461339
-5.30045832
8.41837585
-14.70880985
16.75554326
-13.88863093
-10.78337693
-7.43249426
0.00000000
-85.92104063
2.38674825
-51.54203616
-23.26785731
-19.34903648
1.69298984
-9.10950667
-3.52108755
-1.54616046
-4.67486676
-20.13284016
-5.88035464
3.18347610
9.31130541
-23.21800345
8.29835373
-38.14494307
-35.00698349
4.37689544
-8.18224062
-21.52474557
-7.55933184
5.93065223
-46.28805959
-9.69566626
-17.56521781
-8.95213379
-6.65760944
12.78370175
-3.80541810
5.93499607
-6.00636890
-2.33014309
