12.46570137
33.49835514
29.39291743
21.24502689
48.55548086
23.83347757
30.37771045
24.34238058
23.71467105
57.79501099
185.15776832
29.80725358
12.50866009
23.27151875
28.96727063
20.62720045
22.76538391
11.95198922
78.16799616
149.65348107
48.94727139
111.58038679
9.21508434
1.48261115
20.71674471
6.78700994
59.05565701
23.52394203
38.63212346
47.41564682
-11.57202171
9.77534115
34.18679129
33.64993896
27.71063548
25.78176691
2.96171859
8.40395646
32.47841909
17.05996592
20.23637531
0.00000000
59.38414019
-1.32917390
106.59647118
25.15683438
39.43079154
23.45147476
26.92697734
23.62968031
5.81046821
65.78401299
25.73353766
36.34139912
12.63602073
-1.95466975
21.83356320
90.36137594
154.87659661
38.48937483
23.71647911
28.87579094
-2.03471664
-7.90910637
0.38785827
98.14861387
26.59583647
14.88453907
27.08052323
23.64799395
27.12693671
12.78847210
5.01820965
24.89026084
39.03441814
-31.15840179
130.07413676
22.14659937
37.56701924
21.11086736
10.63328648
17.69745857
17.58218817
13.40435342
38.65902853
162.49998410
43.75541555
-15.78315077
22.84761366
6.98698709
8.62776114
48.28424439
30.38129580
92.13110363
114.70953604
71.13981793
103.12357921
24.61407396
-27.19274346
-17.38778864
47.92472021
71.34223432
67.63505352
46.57342909
29.99600801
-10.64215559
6.35330694
33.52172152
23.95142532
31.43276127
49.76404835
29.65489674
14.13597526
12.38705902
6.31478565
20.09011005
0.00000000
162.84976183
22.36985779
84.30583264
23.05238090
31.27021302
24.65710545
32.50562156
34.52109040
15.55881430
97.00567841
25.10149250
13.33138581
5.77294496
39.63830316
45.48974198
156.28109776
154.40942297
108.52789021
46.17150294
44.07252628
10.01209524
14.21020464
2.85926387
86.63084621
20.58970308
26.32703818
31.63020401
40.18942211
13.94506782
8.47367399
10.19113880
29.38563563
25.14199544
