36.60267124
29.78084622
30.64991914
5.53904990
33.30800045
19.01613920
11.95872961
5.63649602
31.03286574
50.38892645
63.73203166
-8.83957946
-11.89979878
-10.42513467
28.59236449
12.43743552
13.52147245
6.68094369
11.67849220
-8.45439327
14.38804211
63.01743281
14.05345741
15.92595955
41.92528564
3.65547523
58.98152459
23.57065878
10.52523660
62.71666195
20.72372294
18.57137924
26.06215066
5.01087715
7.29602453
0.28753012
23.07591776
6.69670633
-12.12072995
-17.03369226
-1.34632191
0.00000000
57.32548497
17.78028538
54.20284008
5.79938073
29.02550299
9.12077416
20.71875589
-2.53840389
11.95271474
37.01000825
15.50450564
23.56959890
13.40865784
-1.37311258
39.81472597
-3.17994979
21.10209770
8.97417292
23.80172274
20.51803081
2.00531556
13.64835977
5.38633655
44.75546735
17.74567621
14.76721587
-1.03710415
12.63343695
32.82007273
41.97557335
8.27686545
-1.34385560
33.57031409
62.72494564
19.35544452
16.25890026
23.72928442
47.01793929
16.36340686
13.42515318
9.40124451
38.77223581
37.61041145
64.30683077
26.05102408
1.32574334
26.89451962
90.93196485
34.43535428
29.70493046
19.39101702
37.24232579
38.19621451
27.00451829
53.43798929
21.19235776
46.15408378
114.08803488
29.17670653
87.07983539
66.11965132
32.92428273
73.69244057
23.38993653
14.67397794
39.66284715
13.17725191
7.13484172
21.25939042
30.14496876
34.38585418
-0.22933155
26.70844894
8.82914028
0.00000000
35.36716244
13.31274850
53.31384241
22.44910907
17.14057176
24.15117883
28.52951305
10.45168415
33.88210184
25.55976612
51.22140223
62.52527980
55.45544235
64.79316859
69.43537558
16.32576249
30.91967016
61.58303531
30.34424308
14.04968506
23.55195958
17.78817101
30.43110574
43.89026636
15.78851182
21.55680837
20.45500226
20.39122593
41.57819954
31.36857046
36.84904149
43.18707731
30.75260282
