-13.87027445
97.41277776
38.03757965
21.98126846
6.91567153
8.20763201
20.58323325
20.13708118
4.06589541
40.44083716
257.81574680
28.22803628
6.26497510
14.51369415
5.14010107
5.89087135
29.75106718
19.05604067
109.91548656
195.62987965
67.26667762
161.36926569
4.25270823
-4.54203771
-19.53705485
10.04143173
55.40933597
22.03236793
46.94469486
27.99686989
-13.06992908
13.71718856
38.25639629
34.50054192
31.11513493
30.44879023
2.77717802
-10.02607863
24.55164778
10.82286075
20.50964273
0.00000000
165.25455135
-8.09302047
130.94521254
28.00679053
30.99281181
18.77068616
28.81137516
21.48285255
6.72115688
114.39375092
11.63724996
14.56977965
1.95144356
-1.99428924
10.85024331
152.85301648
201.26913319
37.14008698
35.70942023
33.40303456
-5.53286011
-7.25523314
-1.99641765
115.11026060
23.47492028
4.59442852
26.77794018
19.01832422
3.47829915
-9.74921906
-7.73565268
10.93768516
29.13116141
-33.67547760
124.73536973
33.46931255
34.62272655
4.35880761
1.38707071
12.51141503
20.91825663
2.24445494
45.53529554
190.56004155
52.33029386
-6.77873058
18.10131343
-5.22660396
-0.18995864
46.75743187
37.45236275
86.37388212
126.10648904
85.70780207
128.99002930
20.32011448
-29.38880592
-25.60085910
56.85435493
70.98015373
66.38998822
51.70284038
23.48994068
-4.48061103
-0.54823639
32.66704659
11.09987183
24.03877229
63.45795073
34.78179278
8.38456575
11.01416335
-22.02678041
19.10061025
0.00000000
230.04404416
22.47908118
100.90961799
23.80275707
29.17287614
4.96091657
25.29783492
33.55956620
18.12635756
107.67425641
15.73169040
2.38197520
-2.03986790
48.74926541
56.35731744
203.18658145
180.28272370
82.58280498
42.60612334
46.03649381
11.47160392
12.80471602
-2.77512767
103.58769999
18.12654618
21.95662398
35.67848122
32.09772220
12.40189497
-2.94488850
6.86718331
19.10414273
21.39322296
