-2.17985866
28.49598268
36.83862849
15.45000284
16.30046676
6.50478231
23.65091532
19.85035759
20.97348690
-1.60315358
91.14513775
2.02788640
-9.24941599
-10.08408434
6.76283727
-2.23490968
13.06637288
20.22375194
42.33618953
79.03354165
24.46482576
38.78967820
7.42520010
-2.51726706
-6.44926580
1.24913683
60.00500460
45.21067212
6.89964076
42.78236313
3.71702371
-3.11234243
40.74997028
26.11858472
18.96648718
14.62228921
21.35775258
13.65132536
-16.90131063
9.29749404
13.16234512
0.00000000
41.49494950
12.94437598
18.38415804
20.13676123
32.64897812
0.73707613
8.08166354
15.30214997
7.12762932
24.05026701
9.07860952
12.27667755
4.51137913
-24.00436134
42.63873418
61.99904639
81.14529184
22.92950102
23.28470280
17.30736456
-25.96413039
12.52382635
2.86319599
51.73093083
32.50689614
20.06842027
-2.73697040
12.72977297
-0.07723789
0.78569877
11.32475010
-12.98677677
38.96811342
41.29487195
24.51729284
43.65240832
23.35197741
52.65666146
19.21688536
26.52443419
25.01910454
38.47949256
15.06359907
75.93210258
51.06344800
6.36405499
-3.88045756
71.78335905
24.75058101
24.62698861
45.08744045
11.63150822
59.36084097
33.35024130
40.42417665
17.21483941
21.33845723
104.85415141
71.65048685
72.07826496
65.75550157
39.32541605
37.00486747
2.24241861
3.12982252
51.49819351
57.56820750
27.63892896
65.50681923
17.64502808
70.14580183
9.10157558
2.47398747
15.91724207
0.00000000
28.88120316
16.76725896
32.25392203
37.88267802
29.96181594
21.33815370
28.52639938
24.60088555
9.19318021
27.87076417
29.70756059
72.04083831
38.54607386
142.28484908
67.62462463
12.17436647
63.04748622
12.58630710
11.67172483
15.83724675
25.88283640
11.77402765
4.93652462
45.85438202
17.80695735
41.46952054
28.72723402
37.09327296
18.48141316
29.21543638
49.57681707
34.90358832
60.23941612
