64.01267055
6.04405380
4.87671197
10.54868520
22.17127572
7.93612375
14.62268238
6.74221848
45.54611411
43.69078104
-39.31318755
15.26881671
31.10368844
29.54687866
65.80010706
26.96074987
1.80771928
11.44146847
-5.33830386
-75.56806808
19.03083530
-9.10064390
4.09635031
36.40290094
229.45212184
12.92945421
69.96151544
18.23162026
23.87703631
85.32746922
23.30609231
6.39621022
25.40967791
33.10697375
0.11097626
31.43251929
50.05501854
101.21712853
18.73003051
35.46385433
3.51348499
0.00000000
-38.48136357
10.86345892
-6.08348867
19.38532663
30.50382551
23.26130516
-0.30147386
3.14200259
7.46363219
-31.08159155
46.13767696
15.07791267
39.03976545
112.82068815
132.29577178
-30.06132900
-8.56303291
7.02822005
34.68438664
8.62038650
27.82591591
12.18252172
25.87833323
23.77095383
19.24643900
9.28090235
34.48090465
14.23452222
19.24277861
64.15983940
40.76868574
62.69223937
29.94966287
28.93755509
-6.06844180
5.28635086
27.24257755
11.54861395
6.61207922
16.00725860
-2.47948514
17.28126829
12.90039663
-6.40725987
15.68364086
2.41448832
-14.36059972
50.95200612
3.71120266
1.04340262
3.70929319
2.30537158
-40.77894110
15.81769384
-16.26460277
3.42734071
23.01215574
70.36035348
-20.88562195
15.72400612
-1.12538150
0.73076199
28.52943840
4.31731510
7.49715753
50.22945741
26.72534112
12.15061148
13.87169769
7.01912599
19.19015027
16.23334526
17.17624140
15.49567567
0.00000000
-116.06006948
-2.55365698
-0.10714384
20.92328681
-4.36192078
20.23873065
10.17609506
16.14697490
15.38890960
-24.99857749
28.35520195
35.07750271
26.92476145
0.04606834
54.90894625
-12.45144276
2.53978883
6.68378218
14.01411427
6.82598603
-18.01193530
18.69629041
12.98629687
12.89301722
9.00605492
13.42795473
6.13102177
2.25591839
0.69919460
11.61621436
19.58743513
15.19733681
41.44304894
