14.00331730
-29.98617536
4.42228240
13.88688553
39.23016785
24.63475449
22.81754850
18.45495245
16.12695106
21.45382869
24.58193982
22.62095017
1.81087928
14.76173542
21.46409498
15.68484567
4.31802202
1.43035232
25.72578837
35.26342747
11.78525989
7.62877685
6.43086184
-1.28318565
11.56040717
8.60592376
30.20548653
9.70773471
14.02353226
17.18634653
-3.76219674
2.19409967
14.63099464
18.36001378
11.38501507
19.78345614
2.49729511
12.28537279
25.88693993
9.61820870
9.59780653
0.00000000
-71.91641073
1.74195300
26.71888858
11.64441550
25.35282286
14.42176212
13.89625310
12.05520917
-0.49785545
-14.08590728
18.03272999
30.47141633
8.33167036
-4.62713662
7.68083333
18.77779749
57.06927172
24.38569506
3.84037169
9.87637027
-2.12233552
1.58147443
2.49754444
36.40945629
11.65519879
13.38029202
15.17090946
13.18987847
24.54211865
4.75001709
9.33300628
13.90196835
38.46908006
-17.50396830
79.29139128
0.61169789
28.74036076
20.43311479
9.67061038
13.12946096
11.90073345
6.75124058
8.61327851
56.30410374
38.74827230
-6.51105495
27.38966789
11.95629404
8.59737985
29.00812676
12.05923539
68.27594649
43.35072018
29.53928251
24.30223791
12.25539043
-8.52298276
-18.84409365
42.07908786
42.36974929
37.35536830
26.86015362
12.46853189
-10.54640612
8.21546042
14.75644316
29.92837288
22.74200844
25.40245216
11.44945797
13.65374889
11.63001304
24.99569559
16.67380590
0.00000000
21.71620548
9.33480482
29.62068790
12.33089342
24.98157054
22.23257983
24.73290656
26.04496767
3.30115318
35.76040751
23.19776400
13.49560331
4.84324499
40.30265863
23.00658181
65.27941866
73.84574605
75.89096836
34.26930936
24.69807956
22.75736987
12.11528120
7.53539594
30.92992853
10.08212372
19.17131055
23.31119695
28.64436875
4.02722806
7.33536456
5.13902229
30.24891099
18.39461305
