17.94291335
-75.42411956
-13.13585099
0.69231516
-2.27491466
18.34645105
16.09876936
-8.88494492
24.04016069
27.96508149
-150.37189010
-1.43643336
18.78985960
-10.69236723
18.43303409
11.43862359
5.17060370
-4.56106362
-77.13706402
-155.04538439
-19.74757914
-86.28476538
4.95614244
4.00418550
98.44065193
-17.16066763
-0.91657211
-6.86733946
5.40684438
30.61710480
-16.31120757
-2.17966345
6.90809317
11.51191966
15.85843887
5.65051785
-2.27348485
35.99063837
0.14076079
19.15501459
2.21023208
0.00000000
-141.73485289
3.79637057
-59.19651591
-0.66468053
-5.17261147
18.51701637
8.42408972
4.52049305
3.76979641
-102.86620295
6.83167664
6.56773308
18.58338596
42.13843882
48.32952846
-110.79166803
-150.68689774
-21.28460792
-4.66173322
-30.96577840
1.81745063
-1.76934259
0.40751030
-36.10404078
3.03114887
-4.76909748
6.46553834
-1.81732456
9.98293172
39.93665499
1.21074992
38.07566795
5.47182628
-31.92006208
-17.59490769
-17.90304175
14.55203148
-6.38743306
5.37582278
0.67476902
3.19525332
10.05645817
-16.71237544
-141.88291545
-8.84149742
14.91621480
-18.40237351
-4.82262668
-3.50565905
9.25564045
-5.64726492
-56.33747223
-130.98692977
-18.21574625
-85.43807173
2.68496108
-2.28660831
10.42866786
-37.97259202
-31.48498050
16.15753087
-0.04677048
-7.34494553
-23.21233394
2.52059218
29.94961110
10.37657484
0.14550189
4.46158659
3.98042228
-1.81077084
6.39216359
9.13569274
15.40700959
0.00000000
-127.13212786
1.35314932
-64.05464090
1.47079497
-18.76747322
25.43237070
-12.36137165
-3.11344001
1.08361839
-80.33648464
-22.30810979
16.85847988
3.90445183
-82.75731331
-18.77209230
-139.78550849
-128.98912365
15.65564686
-9.97088374
-14.37909448
-7.09473012
-2.35076010
-7.98079152
-43.79453496
-2.23718052
-7.92567251
-25.17001737
-2.62363556
-25.05841174
4.26946932
-0.98305697
4.72820464
21.67330911
