-22.32861120
-7.88452241
-1.89275180
1.95556660
-54.93575008
-17.16241719
-13.43159926
-1.62327567
-30.28860620
-48.93196856
-59.42711972
-6.14839835
2.28163367
7.19709325
-13.75825258
-16.31292770
7.79330488
-1.71595127
-38.49358885
-33.03417289
-17.38374131
-53.83966772
-6.36778339
5.75956874
-48.08197827
13.93098871
-29.21466919
-1.25939143
-11.43533768
-63.47110744
4.72484922
2.63606722
-2.33452717
-7.96052364
-3.47855406
-18.87295095
8.68894549
5.25114732
5.04421935
-7.07666821
-0.03612419
0.00000000
-45.91665124
-10.70892857
-51.95450381
-4.14950548
-21.99745071
2.47736862
-4.03010828
-0.63142583
-2.76784531
-4.76528578
16.49182287
-28.81997127
-22.07552532
-9.83017175
-5.21080986
-26.12505137
-45.00358507
-6.84255962
-11.84856073
-10.22599306
-4.39941683
1.16448643
2.87506916
-53.65154608
-13.55965363
-9.43092348
1.23254886
-17.89384504
-27.12969958
-27.91695966
17.19329240
-25.21999332
-9.84135520
12.33048730
-13.63814125
-6.98526377
13.97447296
-23.69816598
-8.38984600
-3.59640822
-2.32327312
-25.75797354
-18.65218711
-32.45839067
18.92418328
-26.38535973
-13.48577825
43.35439466
-10.40505908
8.71370842
21.81618690
-28.87628487
-23.11556715
4.42301914
-39.15233357
4.40670897
29.18049097
-6.58072386
78.39233910
4.45175203
42.23635465
-1.67745798
-40.04695845
8.53930587
4.82516053
11.21891101
-8.30363333
3.56628938
23.97927417
24.13530584
34.96465896
7.08256326
33.35608178
5.04330487
0.00000000
-43.78096059
-9.63322987
-30.80341771
8.18256067
-16.50185258
35.02372339
2.54035786
6.77557806
2.13211101
-6.67115670
52.36531813
-5.49958938
-10.53949091
95.43129274
41.83906453
-9.42963876
-25.06324076
-38.39198949
18.67606992
-9.08091092
-0.08529466
5.93617597
19.73181376
-31.51574881
-7.22534347
22.32202893
17.51472203
-5.04000821
-8.97867747
-15.80769047
41.93795206
-18.43658301
-1.00983766
