-31.59174508
77.32011910
20.48975641
8.57979887
-34.14225854
2.39074147
11.78294030
16.99299063
22.86549593
20.73975190
91.41825291
14.46642497
0.04401361
0.93503888
-28.66780222
3.19153752
-5.68328973
-10.65371520
47.23342905
111.08472059
37.60314820
36.73225593
-4.75242149
-5.95791273
-60.63444736
-9.25086447
23.71068730
44.84596362
32.98226354
28.74550872
2.03556062
6.66108856
3.11309942
2.62523352
-11.77087816
5.32940443
-4.34783469
-18.92406607
0.52934152
12.16239371
-0.24716506
0.00000000
86.89334323
-2.94749493
32.15926819
23.90895991
23.26146052
-2.71703501
-6.31298521
1.77573656
9.91632375
21.94718040
-27.98991482
-7.87915793
-23.06785562
38.09942501
-6.68623981
76.22944474
60.32797446
-15.08895470
23.41849776
15.93786232
30.57772089
-3.03615400
-16.58737029
63.35675698
32.22912196
-3.68139268
-8.38816842
-1.52487603
-19.73956662
-4.15234199
-24.33633008
-24.24646823
21.90174226
29.99255753
133.73050278
33.22667409
66.24118016
23.20961942
2.62698740
10.83854499
15.29409691
48.78048935
40.66844823
79.50140534
73.25415188
61.06075104
71.51606013
68.49529378
24.56005830
19.26937325
14.03688455
79.14073625
88.29218505
50.24618722
46.83010487
11.73138935
16.12831553
116.36983555
77.98716558
80.42180745
123.45674374
94.37957961
49.40924929
13.21431348
-1.54141820
19.61124568
18.46332765
1.69499237
38.42339493
34.62454713
65.87472205
48.30489112
51.05978924
22.05109497
0.00000000
157.98744547
4.70240998
40.09440293
60.05358295
31.08158952
-3.01871501
19.06335056
30.63980670
7.64634680
52.14519091
58.53180154
37.39846977
20.83545505
131.27707750
83.98239838
159.71024174
99.58747004
62.89423971
39.45123127
28.11367361
73.64486701
-6.84207314
-8.67869040
76.75261995
23.61284195
39.48575803
46.33941668
32.15985901
-0.60677191
41.65716756
41.64544469
52.05638017
26.38185254
