13.22348473
76.96562204
31.35545003
18.40167616
54.95238635
13.28650941
15.55873504
9.53165874
49.03704612
140.88395121
82.31128116
-2.17539347
-32.97558319
-13.45103411
12.51578859
14.20009269
16.98858765
14.47680695
58.27431962
39.83647151
30.17660667
94.23681300
17.89183760
-3.91299583
89.27831434
-22.26211549
32.35054727
30.24375045
19.58594133
104.49292723
16.90669756
12.60900218
18.54307832
4.03942013
-7.08145906
-2.87247244
3.60915766
11.39736876
12.59124429
14.74243901
9.70814368
0.00000000
159.82423565
0.78187067
62.07551260
15.68547214
36.90155658
2.71002040
12.49795077
18.11075523
3.25318936
61.90800683
11.70964412
10.99715542
31.20042748
-49.16779460
56.62147080
52.49406259
66.38132494
6.89083363
18.24580264
26.40433476
-35.47026730
-2.75275294
6.92212254
81.54460007
39.13053866
4.80298017
7.44677535
9.89276477
37.45699871
54.51556081
3.95149445
8.68215119
35.17486109
27.93146166
30.40030466
27.60145604
15.06220241
48.76305614
14.85402718
4.60769302
11.63374692
64.14373975
83.02296092
47.37081379
-9.38101461
-26.10386223
-22.70074757
34.90773411
16.28414789
13.20413328
-1.22044670
33.56102494
42.62472804
7.33678396
51.23772234
24.85791713
7.94986732
103.56711996
-24.97741045
18.62108125
0.19387928
9.03006365
83.96965161
21.70911609
9.80575385
49.31588576
8.65037696
-4.92079705
17.24379601
8.22067043
24.96469342
-18.97428605
-16.53940855
8.58419021
0.00000000
138.32706769
7.01181032
45.33327277
14.75248162
33.68920625
-0.45551794
17.65254772
-4.11680313
14.50196898
14.26871297
21.79264982
18.45585307
47.59068481
-9.65322130
32.66772911
15.03141232
46.66944935
20.35417850
-5.96427017
14.94169940
-33.55690377
14.82189763
5.31479985
66.37989578
25.20771826
-5.68274882
-3.21010356
-5.18785312
47.85066087
50.97766245
26.66633119
18.06632691
36.36360545
