-4.23799764
-70.19847497
-9.85968995
-0.26041866
4.71293487
-1.41554396
3.09441590
6.83494388
2.98576871
-21.33593946
-71.00570134
4.02715862
1.88569944
13.83259077
-8.79537907
-6.41206520
0.82949929
-1.06207116
0.07647177
-29.87423452
-22.83472709
-57.36075881
-4.63579962
5.74041695
-7.13539046
-7.91862177
11.04053927
1.99659276
-2.54384974
-9.51472935
-9.91364649
-10.39298255
-18.49254379
-17.58559986
-8.33636621
-18.85785143
-11.69941497
-9.65579474
9.39200415
7.31164027
-9.70906149
0.00000000
-86.47473935
-9.05716866
-48.94327971
-6.88954571
-0.31530592
-3.98570372
-9.50816480
0.33317629
-15.19397016
-41.26045527
9.44369043
-7.47025962
-3.36989207
-16.74549006
-0.96104454
-18.10401995
-23.26241463
-15.86369540
-15.75018093
-14.48867232
8.26537344
-0.41756429
6.22063495
-32.36393491
3.58948316
14.42846359
3.31562585
-1.89124376
-7.01333848
8.72941449
1.76159805
1.80553171
-17.10898870
-27.30551331
-44.64717530
-6.39184440
0.24692826
-11.15225566
-1.66034049
3.98509339
-3.09855630
-8.26631678
-18.59303955
-42.77940526
-10.97501429
-26.53621588
-22.86803852
-39.16663865
-10.63052711
-16.44546201
-5.33489780
-9.43868848
-1.72082412
-27.21647659
-42.87051266
-15.82946889
-36.13517265
-71.19336843
-45.05994488
-12.88800605
-12.08073530
-4.93832444
-6.78094941
-14.41972753
-9.29737520
-9.84402265
-2.49176464
-7.56345595
-15.89537064
-28.32915275
-40.93845847
-1.30583830
-9.99039158
-1.89750007
0.00000000
-151.05330153
-22.46265046
-38.70173451
-4.55947468
2.29847725
-23.44615544
-7.38068035
0.09188092
-19.69797034
-53.13763937
-12.71679787
-15.89663626
-11.28332837
-92.58539849
-9.57607517
-61.54702316
-9.69254551
-4.50523871
-12.06038333
-10.38142787
-35.13122099
-16.02971835
-10.87866604
-17.41298718
0.05018195
2.59476120
-6.46336259
6.23803261
-15.67342940
-11.59357275
-27.06325396
-12.36582082
0.96806798
