42.83889064
-80.11286932
-21.11540913
-5.13774861
0.53091266
10.86410178
15.44160207
-5.60274986
36.14307720
31.90093509
-168.61363991
5.92037315
27.27633757
14.16851629
47.92057587
21.06363167
-3.41981528
-1.57175141
-77.18350307
-172.90954059
-17.20636831
-97.39412162
4.33118929
16.85909042
210.21179336
-2.40872734
17.50973682
-7.61610475
4.28200559
48.37687369
-2.91653955
-5.76138039
10.65291998
15.38532371
1.58252257
18.14995443
20.94933226
76.04204382
8.17489557
35.51021887
-3.74817356
0.00000000
-165.75443698
6.69673633
-68.51826732
4.48525177
3.16082287
21.31990827
-1.11518619
-2.63939672
4.73466712
-99.92474821
30.73916775
10.75431175
34.94952647
113.91272635
98.95968459
-116.74396965
-136.42279051
-28.85615614
2.43383209
-22.31403585
23.68935982
-1.96995390
10.67839803
-33.67155818
5.23761226
-6.26821474
22.51888753
-1.82325751
6.00835639
52.80975424
17.35883483
53.56300842
13.04471433
-1.17522296
-50.33470581
-18.86805487
5.53615539
-2.66803972
2.16886658
7.60536387
-6.31403970
5.82129837
-17.30661259
-125.25819334
-8.25484286
11.85047699
-12.52895392
27.78822137
-2.96251933
3.74480918
-5.81527869
-48.36874679
-121.57706210
-21.33559038
-94.20849066
-0.65022608
11.92328007
53.83223758
-45.18103010
-29.99507304
-18.68979240
-25.64422189
-3.04300211
-16.40487804
1.50285273
31.80081994
16.30091087
3.26958544
1.59565983
-1.78177304
3.94849693
13.99519154
23.36953351
14.08353548
0.00000000
-203.74950482
-3.33891473
-63.47178091
-2.74835220
-22.51864171
29.91841902
-2.86405877
1.75892107
4.26783026
-78.40527204
-3.14924440
30.09205675
16.03822439
-44.18880782
4.50286750
-119.01778429
-107.83089136
-25.55742252
-12.77430304
-16.94244230
-3.73242864
1.08295351
-1.72266760
-46.83677546
-2.21500387
-8.65939032
-18.29990983
-11.47960963
-21.28715746
2.77084238
0.75259980
6.05075227
29.11175631
