3.82551632
41.36917422
49.95248381
9.53587677
37.87306596
12.51538158
17.71512051
0.96863301
16.90081388
57.71635074
12.53472050
20.62983557
27.32108185
9.35622440
12.75821702
21.82445981
3.73606231
5.00232676
61.43258486
-25.13797132
8.60322109
49.27799020
10.28279771
7.01453490
12.18672665
33.41878721
26.19446967
-9.32719643
2.70599893
38.69174700
25.68445994
3.35213618
22.24862315
15.66925493
0.64013427
34.21820869
18.69517856
7.04477668
9.98817656
-1.91243161
5.65593684
0.00000000
107.70079706
8.40858862
35.14281403
-9.48174105
17.08212702
15.80537204
8.67144855
2.50484050
1.89063584
23.31677686
26.70117502
26.80947263
21.34260848
-38.91310124
10.94636386
39.93705954
-3.89625932
10.18774587
9.51484074
5.02789004
6.81500380
12.51457549
25.27724467
32.42530408
24.86764381
24.76838261
27.17021666
14.10582968
29.36573893
22.36781232
26.59872058
12.76920869
16.84222971
-6.36778008
6.96934150
29.85302464
-9.42349841
-4.17109668
1.63997660
0.62553861
5.90793214
5.11514523
35.39707780
22.63468095
11.69048388
47.54961585
-2.95098683
-30.63685069
5.85897833
4.89593695
8.29203135
41.95966226
0.70321667
7.82885294
29.26473952
6.19905757
-5.47029612
-47.44164171
43.96651379
23.86711975
15.37602206
-41.09814149
24.67352203
13.90971084
-2.22569318
36.19573786
13.26774598
4.00080606
32.02791179
20.57147823
-6.72040576
6.05495354
-15.39736038
21.05514237
0.00000000
76.12822144
4.29977909
17.05201122
-24.76473065
7.63097257
8.77269319
4.80643837
9.05159790
11.50029564
0.98069353
-11.05737616
-13.98114862
-2.14616134
-3.34019531
-15.83534491
-25.51198578
-13.74695922
-42.82819392
2.60030121
-0.82455194
-11.78510281
13.11780596
0.33681887
9.78632165
9.62027109
21.14573609
-10.29339500
-5.99535157
24.13002637
-1.19750477
-3.07897729
-3.25861929
34.18760497
