-50.38716705
-117.92062506
-80.30495331
-45.62314246
-45.55700745
-36.37391863
-44.67683635
-29.35499040
-27.30856420
-54.77492877
-121.67727052
-66.18177641
-75.05057891
-33.78924162
-60.87496709
-50.54076960
-18.26866973
-19.50201512
-114.93772918
-95.89744444
-73.03024455
-108.28564835
-8.32406408
-27.15262395
-61.67910528
-53.12182713
-98.70469006
-75.67753491
-78.16126620
-78.01933298
-8.18919211
-17.51075360
-62.23347566
-48.27050882
-15.98250211
-80.68035394
-37.67855807
-20.57283761
-25.36307088
-38.31156645
-26.68532836
0.00000000
-198.14471457
-26.07489313
-77.94189098
-57.59407962
-47.59741600
-35.46752217
-25.29500517
-19.61683470
-24.72385489
-56.54407839
-29.82494110
-58.50561917
-25.53586333
-57.29253711
-50.40873741
-119.95099949
-99.58929607
-81.44012183
-74.86914794
-27.64370583
-50.61790976
-12.89305660
-19.12023203
-86.97294701
-36.64173466
-49.77324104
-36.60031924
-41.82527686
-31.73536990
-34.21196825
-26.51230031
-38.81546368
-54.89608791
-38.05077608
-209.90142389
-68.15673785
-72.07794300
-62.51136004
-21.23777152
-25.10091597
-26.66281944
-35.61136222
-41.85463879
-102.43661439
-102.66096507
-102.73350882
-70.50483993
-86.84583053
-37.76909709
-39.50840301
-32.61777740
-107.21798649
-89.25256331
-91.13766674
-94.66477940
-18.90704403
-35.43293583
-79.42703052
-67.50342416
-107.74404148
-133.88990395
-76.92590214
-69.10690723
5.17994949
-3.06068036
-83.01720115
-39.33362440
-17.03556648
-56.60286244
-44.55983643
-28.99798012
-55.62938172
-65.51854518
-51.36094990
0.00000000
-238.22892873
-27.27627190
-53.44087784
-63.81329554
-41.15491902
-35.85996000
-39.55040140
-40.45080967
-11.87468488
-98.13790359
-62.06151965
-83.25957300
-42.78151388
-100.92869632
-63.07659661
-147.59938105
-120.41924635
-163.35611021
-57.38348039
-34.47642447
-62.11190951
-1.82661152
-13.54324763
-79.75821834
-22.12422922
-64.60943244
-42.37518586
-39.77362777
-17.81166716
-28.74447317
-11.04892583
-64.98981171
-58.01368079
