22.13349211
31.85473719
47.25001809
60.45621305
53.53925596
51.29150540
41.62785310
29.06300118
34.61772833
49.34987563
57.31959613
59.88413806
55.40929485
33.58578295
16.06310079
33.27754672
40.88756927
31.90358640
-2.89541023
38.38972875
50.48252761
66.65205695
44.06036349
27.22657277
23.11882952
1.27623183
5.66550658
81.58244683
53.92056644
40.44844555
24.48820385
29.38101186
52.61616189
59.50463263
51.06314528
66.01315613
16.00952300
35.08917692
38.89048024
13.30212302
45.66858457
0.00000000
26.21330500
84.13121115
49.90211242
52.57601474
36.93150328
50.64352420
37.33362423
34.78742505
28.64306595
12.30167425
5.81712320
41.62973653
8.96500507
-4.79945574
-2.59051316
41.53514911
52.06253932
34.79737233
28.33731414
36.53730906
29.73051487
30.30866190
19.07098625
60.76264824
36.03025208
0.17409956
13.55921681
7.34971389
52.84891192
29.72719961
4.39268687
41.85696011
64.42308925
4.91355052
73.39617953
43.53385779
88.92342785
54.73648199
25.32142996
21.39340678
19.02429644
35.01930466
35.90805536
55.51717339
76.17305638
72.11663099
40.03190614
6.05846045
31.62607139
58.88400594
45.85575427
-7.75780366
49.77952857
52.28702637
52.99129644
49.59304634
24.78192200
28.70563884
27.17943489
33.16691932
67.16926056
62.76051731
21.22157957
21.71993874
16.98264021
35.09129047
58.50774477
60.30023332
35.75438516
28.28383314
43.58593841
50.71396455
13.54573039
54.13570647
0.00000000
38.24537890
82.16121869
46.29577381
62.77574590
28.90771001
37.66306331
42.50173430
50.57775025
32.25035674
40.34917650
18.05995962
24.59625709
7.85579986
-2.71852949
13.79417059
49.90633132
60.00041714
103.39905436
33.33347150
39.97475415
39.23251687
33.51698001
19.76635926
54.75372601
26.58903246
16.08272461
32.44701401
27.37268531
52.13421636
35.48534101
28.85168755
53.95569584
32.31911351
