4.92202963
63.57259810
26.26655896
7.54617611
35.01952678
4.92318256
0.27201522
10.70131445
19.06758591
22.57917953
174.93867742
7.24463856
3.79525331
6.83257195
7.11549409
9.17417320
-3.74550410
-7.70533957
48.98911857
107.41853176
31.39255926
142.65155518
4.05780092
18.61509995
37.32756767
11.49238911
33.23657311
19.73619779
5.30675523
40.33454675
15.98939651
12.56808493
2.36086504
11.73766482
9.42233992
-8.86126460
7.84839516
34.83174550
-6.22916515
16.45674330
7.90597786
0.00000000
143.45949880
7.21189815
109.27983001
9.51266444
8.49286914
16.57464822
3.38331786
3.49337156
3.08808214
90.48733772
5.44119223
-0.69202902
4.88723037
4.56789610
24.88411531
72.44569934
113.36969884
28.17290711
6.56915373
31.47734488
-12.29693327
11.79204655
2.40804880
80.85534316
17.92674478
0.62700531
-2.63043950
1.87445645
7.97154456
15.14272626
17.78667591
21.26861286
13.93298234
18.72625574
25.41942753
11.68891757
4.27038762
1.35065068
9.70782165
8.68014454
0.68130999
9.76168407
34.08389998
124.55008661
17.73231527
54.62442481
18.22237563
-0.11020264
10.50119101
3.41932478
-9.76868359
13.85972680
58.91482890
32.98687077
122.69180908
14.53751270
13.13790396
4.71787329
12.49150572
3.20568260
9.55684775
21.64798546
22.48525291
16.29600601
1.94752686
39.84513349
28.53170778
12.85374568
21.52219425
6.15127840
18.72495587
23.94094809
9.09406589
11.35060454
0.00000000
151.50245947
13.97213671
84.84350002
12.03734746
12.99624910
9.11577210
9.61553175
4.80501487
9.02995907
49.46850816
-12.22421865
-0.16149954
10.18429325
28.55520476
-6.60994901
55.52724365
73.89974562
9.14520685
2.00095803
28.31829778
0.53960693
8.39761840
5.77799084
51.66523122
2.74822070
-3.46953993
-7.49646026
-1.31802202
12.85652182
9.95869035
13.75304389
23.10983118
31.09302104
