8.51650799
-38.71135360
-0.21538381
-4.09363152
-4.47508824
-4.66957659
-2.64392850
3.32198965
-10.01106910
-31.85193050
17.98753247
-5.29294536
-6.43210093
-2.64305794
2.37572412
2.30599149
-10.32550119
-11.05117233
-27.50268715
4.75078983
-15.93426543
-21.15719598
-16.10055009
-5.73653462
7.63252987
-3.55923373
-9.80612038
2.61018970
0.10460980
-3.98110208
-6.33078223
-13.79797795
-4.69810837
-5.37461999
-15.68726509
1.38911209
-25.63668200
-13.80024806
-12.34664726
-5.76379607
-3.07039413
0.00000000
-57.83799695
-25.13944912
-12.36622083
-1.30554151
-3.74080269
-13.43175783
-7.17612065
-4.40852721
-9.95561948
-16.57974518
-15.11544243
1.87648800
3.60103694
11.35642679
-19.51759964
-35.72969490
-19.60586075
-2.16994080
-27.32241851
-16.08304921
-1.58461723
-1.14296462
-8.79522786
-8.59184844
-13.72402759
5.50581678
-6.36369616
0.07610537
-5.37989341
4.74328826
-14.37428255
6.34077221
-8.24386008
4.85303942
-28.32322513
-5.48977630
-9.38181019
-11.19051755
-5.16648149
3.35330511
1.96084423
-11.24085988
-14.87278882
36.59665506
-0.29409656
1.07411265
8.93185763
4.71049517
3.23600518
-6.52141110
0.99326892
-5.27910763
21.71349433
-14.70495667
1.45688356
-15.55499980
4.41570930
1.64551273
1.41898583
-13.77778973
-4.90152795
-9.14515304
1.70736345
-4.92358137
-3.14062582
-26.50100223
-15.76447557
-9.86947670
-7.01928064
-18.23431491
-17.88878265
7.81909096
2.24173019
-3.97529771
0.00000000
-47.49743381
-16.86313921
1.29204351
-1.84650481
0.58425337
5.62641181
-1.17883714
0.57048632
-10.39017382
-4.08868239
-3.35997932
10.73370480
4.93179305
-3.21799791
-12.13573223
-2.74897475
-10.10330964
-12.30176040
-28.89054836
-6.08346884
17.97900239
1.77623110
0.29448590
1.50329913
-7.01405215
-1.85590373
1.59609902
-6.97203550
-12.38688897
-6.86033459
-12.92889527
0.62528228
-20.33669723
