1.41042787
-7.94757511
-54.59901127
-24.97477555
-15.49261736
-7.14799661
-12.84908273
-11.01139564
-9.90935368
-25.55694290
144.96273111
-24.04929884
-24.90143916
-32.38424759
-19.01523658
-25.01688853
-25.48029908
-11.71219580
20.95865429
103.97303968
3.34038740
71.06648058
-12.42739189
-11.32536147
-40.97217741
-9.88863826
-15.09993598
-65.16588082
-52.30939039
-2.08457126
9.69742227
-14.79696206
-12.94381715
-22.70529466
-21.13255026
-22.77583082
-40.84043664
-33.70423611
-4.20514575
-18.19814694
-4.78922655
0.00000000
26.37918989
-31.66445750
71.19470283
-24.17740307
5.04831733
2.01987398
-8.65367412
-13.02028127
-9.80189109
62.83442781
-33.91237798
-3.47120719
-5.31858842
-6.01187048
-11.47793826
40.76391075
102.48288456
-3.34672385
-29.91761321
26.75189235
-15.17682841
-3.14265717
-17.87947117
73.21605857
-5.81655984
-27.31827012
-25.87383752
-15.49878709
-13.98348004
-3.95738725
-20.45687878
-20.11055745
-30.59116322
44.12029362
-47.01391941
-17.84916339
-26.76003966
4.98665255
-6.01606100
0.95134732
-7.84261880
-4.17873304
13.15285495
128.96444068
-0.53578441
-3.13698397
-2.68474243
19.60164148
-5.04272200
-21.88065174
-7.56542127
18.47970278
86.90312239
-9.29317711
87.67481499
-15.23533709
-2.36208710
-6.18128946
8.43088916
-0.95954635
-90.17450071
-29.83162644
12.83532349
-0.09364689
-3.58400580
-25.23285829
-31.59053817
-21.02359608
-12.53349746
-28.99230739
1.47147999
21.08904302
6.46205033
-7.16872722
0.00000000
47.77482044
-23.57170113
70.82684397
-31.37323895
10.58762242
6.87737092
-3.95188517
5.58218669
-22.17270559
46.99677510
4.99806498
12.51648795
-5.27302723
38.76329166
18.04440206
108.09261383
102.41032106
-61.00256418
-12.94419050
18.41814294
11.06102169
-3.41192266
-18.80981238
64.12953223
-0.32585413
-26.55749108
6.16107408
-8.46296596
-12.92200818
8.60636236
-14.45206630
9.75855691
-14.07624407
