13.15239562
-19.92263741
-61.96892379
-37.70339466
-18.35019567
-12.06980414
-25.39874166
-20.59450263
-27.63950901
-53.21944917
-99.33026946
-24.83074337
-8.13459036
2.47949059
-7.51413481
-13.05014367
-10.49706189
-7.82217480
-45.23038521
-61.23850609
-37.18106964
-123.51325566
0.53775200
-9.44271976
9.74708941
-12.10273598
-73.36418826
-62.21358856
-49.81784638
-56.67798015
-17.12595582
-9.80884932
-26.81144047
-22.24130052
-11.62167983
-19.83125435
-13.07799288
2.47288549
-16.38427066
14.68459519
-17.97899739
0.00000000
-111.03942897
3.30097472
-62.73651416
-26.14466697
-29.84237257
-15.67133952
-17.05945365
-15.00092446
0.35108915
-47.21957744
-7.59246910
-7.75690774
-4.79653454
35.83753093
-49.82311983
-61.49396999
-89.60140581
-33.25954457
-21.42647195
-22.49040569
11.62227841
-12.60183530
-8.89916590
-73.58892162
-31.15102527
-33.17769698
-10.33205314
-14.50075884
-22.55545505
-25.83068223
-5.32713460
10.36344081
-24.45375654
-16.11863472
-72.93567381
-48.95232789
-47.95466805
-21.90672108
-10.93805137
-11.08238826
-15.21970151
-38.20531901
-44.49742819
-81.78042502
-51.03919211
-24.25533331
-12.90110659
-50.45154053
-17.01582999
-38.88106515
-27.45265766
-25.98588048
-61.20954582
-49.07598454
-93.75124045
-7.36287443
-31.12434505
-43.78412187
-44.44944448
-86.52455816
-86.57877661
-47.85259625
-52.43013933
-7.63438077
-13.51754060
-50.49055280
-21.60386354
-21.29482526
-34.96195515
-34.32601151
-22.73756183
-18.44248916
-22.64386098
-27.65033784
0.00000000
-146.70328014
-10.51398058
-64.75121742
-39.80095788
-26.88771836
-17.23609819
-18.43809687
-21.19902626
-14.01914387
-38.11122026
-49.27993062
-27.99852971
-16.62299063
-47.96324431
-66.54684000
-46.64558768
-78.56006524
-92.20857013
-24.22556785
-23.72555170
-19.91468485
-19.01021388
-18.02796920
-69.21253754
-23.92055110
-34.52323607
-14.81027802
-19.00111836
-17.90251182
-34.96246700
-22.49478513
-30.75792417
-42.81882352
