-5.28439265
31.30805103
44.40145870
55.26772935
31.13541700
44.04593433
39.09831862
34.64852203
39.16287044
50.51581052
78.57393521
47.11841286
30.80928803
17.29784968
-14.86676967
26.05353498
28.55475831
20.16562538
17.24223570
85.21113470
42.55077670
52.70599475
28.79880474
19.07420178
-38.36844259
-13.47495715
7.23218491
93.13279628
54.37886429
33.71539781
21.93059442
26.79866043
50.95562457
47.16040309
29.75494673
49.08712320
4.82596411
10.20572137
19.91183923
9.38173226
34.37122638
0.00000000
21.57549883
53.32192088
42.92767879
54.16332531
41.75612490
34.73785536
23.39362629
30.02417952
22.95885808
4.85672295
-18.26717905
21.17072458
-5.73798077
-4.54730412
-20.18278216
47.74509794
58.32226849
11.87597846
19.98707320
35.45955804
31.22377937
22.16698185
11.75110803
77.19371349
45.29688897
-0.58247390
2.25651450
6.80702283
36.06214082
9.92767484
-9.47807085
5.76197065
72.53287250
13.46110711
100.16289893
46.56326843
108.67919822
49.66754159
18.72758361
22.93822627
25.10983730
52.00596760
48.05016009
73.63108941
96.52740687
66.70573654
50.19365489
25.34690797
36.15195587
59.66050431
44.41342641
35.25014777
79.15993225
46.05467860
51.85517103
40.64353197
24.65631557
46.84770251
49.67096636
48.93011835
119.05801418
100.02320822
35.60120031
27.74060181
20.81937066
39.51756817
52.93979211
44.66056623
46.92620639
32.59153130
65.97943088
57.08333753
27.45149049
52.38340455
0.00000000
67.62049277
53.80051048
51.38628510
82.43938726
35.58231070
24.04711153
41.39626781
57.13627358
25.80929772
42.28313884
39.82035798
27.49010243
14.20412597
23.27426105
41.94735802
96.11208417
86.57059532
104.19115556
37.05867650
37.74603501
62.96146777
27.87151401
14.72902116
76.69061262
31.51724144
33.84912459
47.42940359
40.69135580
41.25164601
42.14277479
46.54649528
56.24757874
35.86981202
