35.05479160
47.51251313
31.21710851
31.75210083
58.58181788
17.01598065
6.97385736
6.45392739
17.17634198
22.21525829
122.01254631
19.79071196
31.79079483
32.28475894
18.62867201
23.45009504
16.19238340
7.14508499
81.93441102
111.75808681
42.25520536
52.80828738
0.27648775
32.61814737
39.44592875
-12.62030268
14.42248198
45.74886277
38.34773539
26.80947947
12.21429076
16.88467152
37.76730103
42.61278074
34.76306198
30.82341942
6.51962993
44.18274440
25.91305887
21.55561885
24.20823031
0.00000000
60.58611501
17.08464832
34.40301970
33.52198702
12.51390353
18.48666053
20.36404187
17.83368819
5.65421035
19.51105089
10.14360303
14.29396515
12.76778826
-14.44904968
6.50247668
92.24177758
112.46183178
55.88488637
26.25251386
28.63207422
15.72853195
13.97646045
16.03839282
36.96291601
7.38480543
17.27611140
15.55868885
19.87695341
35.33342569
39.94487774
18.61780467
58.58322914
44.21208403
-22.58234057
75.39829563
30.18957265
36.12719975
8.92601072
5.90916426
-3.81251379
11.71948561
7.57756838
15.76437135
92.74218501
9.46669357
3.49759255
-33.74358714
-46.05617100
4.88996616
14.04424060
-0.59355199
33.81377021
64.87728391
40.01263932
54.32959605
7.34244685
-6.39917275
-55.65717262
-35.27314966
-25.69766645
41.42046114
48.77701438
1.49828832
5.54503546
7.82203697
45.44910744
18.16944468
24.61661255
33.30275452
-2.06577173
-13.55917306
-15.45573627
-11.98542067
22.84720230
0.00000000
90.36962949
4.85057533
36.92613599
42.93872723
3.70872695
-3.13404241
3.55185200
2.86238097
7.64945396
31.68351125
-10.65043284
-14.70611829
-10.85802860
-125.19693948
-16.17100887
66.23003719
84.92080276
108.13165342
15.68857467
32.45054837
-34.00750163
15.05987476
7.12050737
39.35090394
1.27607689
13.99349787
-1.58974056
10.90023919
19.55663523
-2.93692624
4.13383594
1.68253362
24.61646735
