-15.10327172
-88.30269189
-16.91825034
-13.76487432
-0.39465772
-9.97853178
-22.50830608
-17.44081813
-11.49914043
24.23366138
-105.74238454
-36.32963939
-48.66317722
-30.52783289
-15.70045040
-12.55839256
-12.10648214
-2.07714654
-39.77094514
-63.02595517
-34.79671571
-59.12606710
-11.55422826
3.01435147
-18.67628835
-44.05501588
-11.10941254
-14.48625644
-23.66006705
-7.62741999
-0.95026545
2.11572233
-27.59629215
-38.07866310
-9.27363270
-70.45854286
-10.73104977
-21.80415137
-2.23862011
-7.25897150
-15.99977665
0.00000000
-86.35000135
-22.07915941
-45.41965085
-15.59393848
-26.59138557
0.26423139
-23.15212438
-13.58485189
-3.45947649
-59.27761550
19.22964010
-26.05965461
0.42730680
-99.53974841
15.48616320
-117.15397937
-95.43565954
-8.79641464
-11.09319389
-15.54057521
-37.22608957
7.35011652
12.62563708
-36.31873180
-19.14173258
7.44317590
2.78299146
6.61980800
3.54254314
15.36259369
0.21813865
-12.36324647
-34.74143190
-64.30048739
-56.13327687
6.57233939
-17.77120340
-47.57645874
-13.01540055
-19.52425885
-19.19290464
-26.92625815
4.80771695
-92.36672015
-61.46667255
-66.82981848
-61.41428205
-61.31008364
-24.38103769
-23.54518746
-10.24096883
-24.22895457
-61.13385608
-33.96393776
-52.95271563
-4.35559388
-38.86569513
-121.48126702
-51.80891990
-32.75376308
16.43290100
0.92787018
-18.30733965
0.86610536
-1.42830610
-24.92698134
-27.83109869
-4.10916682
-23.98659787
-3.86528248
-49.76844478
-44.40829774
-47.08208916
-11.64286954
0.00000000
-87.36782679
-17.54199283
-43.42953349
-2.38740196
-22.95264078
-12.56457800
-26.80319109
-19.28114744
-5.75116690
-58.27780440
-17.26743359
-55.75989982
-30.81684098
-156.77666375
-31.79948673
-140.37019732
-90.35954548
9.75075246
-5.16289212
-18.57118026
-108.00322836
-9.15509424
0.81098581
-48.83151963
-10.94218351
-5.13534386
-17.32373607
-4.86549979
-3.56933092
-30.43043510
-16.64596407
-49.78656106
-26.21708723
