-23.70904067
-26.73781570
-42.47868953
-36.11470889
-12.78265155
-20.32647365
-26.70463265
-25.65280752
-33.28714712
-39.93741957
-119.52278744
-32.28920622
-12.28150997
-18.01120424
-21.24802177
-16.00808419
-12.94836129
-9.50544122
-27.56519675
-62.19075838
-21.78756910
-68.57215445
-8.92814394
-18.14398648
-8.95246761
-22.95770066
-30.70860957
-54.56151526
-51.63831041
-42.84699141
-11.06692905
-10.06996582
-39.59795163
-27.24574946
2.65841439
-34.31333321
-11.47186101
-17.35954113
-25.19338073
-25.37177785
-17.87937795
0.00000000
-35.70151911
-5.73050635
-72.82375905
-37.78599290
-31.54944320
-18.53156885
-13.98885829
-16.86327754
-12.54165912
-47.07026649
-22.53600454
-19.33278360
-6.24348700
1.83800939
-31.73724409
-31.96565406
-90.19971851
-33.00248426
-14.19721717
-20.62721825
11.42995354
-10.61030989
-19.97290028
-66.57694030
-25.57030281
-6.35760280
-12.22250810
-17.52516154
-23.58637281
-2.78901961
-4.04807570
2.04739002
-59.07611067
-49.53911766
-28.09818976
-52.25084954
-45.99341298
-36.03963891
-13.66006551
-16.22086292
-20.12534462
-33.57047571
-36.06889527
-119.27059345
-70.44054801
-37.41342271
-64.32310495
-67.28741042
-19.56312987
-37.36844392
-31.17127966
-0.16473978
-69.87904190
-28.23319093
-73.02642168
-21.66656831
-45.94892496
-73.95720576
-36.25931349
-30.66618957
-43.02626564
-60.08832273
-41.86432933
-11.32662247
-9.28360199
-62.71889656
-43.49609859
-19.70255791
-27.34424767
-7.81727720
-48.92987354
-22.51476780
-44.41796355
-25.91709709
0.00000000
-72.63786204
-21.48789963
-68.09549307
-44.41637544
-30.05605574
-22.41186341
-41.03928840
-34.77657056
-11.58275324
-57.76070067
-37.84527411
-48.59936499
-22.98296737
-121.12960489
-34.50249123
-71.13061338
-76.42863834
-46.15863966
-10.24744605
-24.33522392
-43.05228154
-19.95213219
-20.74581343
-62.43717223
-16.11440252
-10.41608679
-27.01081109
-11.51170107
-20.92733031
-20.79530123
-31.35096383
-54.90413731
-47.04904119
