-39.89114966
105.85631219
24.52041769
9.04424892
-52.24500298
-8.06697453
4.53563676
5.08372971
-20.37176815
-11.96644623
191.20368299
23.67961343
1.38153784
11.32832768
-27.65397976
-13.88578343
13.90714758
7.43163865
77.28518163
130.61341631
49.90332039
120.39220538
-5.33866395
-10.11569295
-63.98894972
8.75859329
22.73394050
9.82539587
31.36969483
-14.74568512
-10.80096482
4.58227537
15.64196722
24.42396937
15.54831882
29.97208548
-0.58520200
-20.67395761
12.44168027
1.14584035
11.02405810
0.00000000
155.59293016
-4.77044409
85.22499325
15.36114133
7.24467459
3.07667615
13.80702508
7.48491247
0.21594141
92.77463190
-7.56144943
-12.00526627
-17.69048177
0.58032857
-6.60944352
144.05342329
151.09045001
22.61554583
25.57568556
19.82393654
-0.95211804
-1.03876646
-5.57266984
76.36162510
10.60101779
-13.37999983
9.63351690
-0.80161476
-27.76317905
-37.60095160
-18.42281863
-14.46895796
12.44884111
-17.64236002
65.70853312
28.22583611
25.45628094
-9.58872740
-9.58716877
3.53727526
15.48816281
-10.91252557
29.77442979
128.68473820
55.76126074
13.10317992
21.84829106
-2.43570515
-9.10000534
24.70731787
30.50608606
44.54588195
72.59291205
62.92727545
91.49347181
8.97271906
-5.82749401
-12.98341061
62.79950291
45.19828904
43.36456553
34.26060840
5.40439026
0.24715763
-10.89665920
17.22509196
3.18867423
9.73481249
54.09140707
27.47424767
16.03097842
8.70561724
-30.17723539
17.26221574
0.00000000
185.38122317
17.34205330
72.49058711
16.22062066
22.42111323
-7.20548710
13.44122152
24.21538819
12.04472827
63.21983513
12.45121781
0.28047317
-11.06397947
87.92179138
56.33181499
165.06881863
126.01404263
15.83474803
22.75217949
31.12324066
28.42444217
10.95583681
-2.29775631
74.27551197
8.50207056
7.46693535
27.35832311
7.90760080
-4.65844755
-9.27965983
10.44114416
11.22616182
12.97119512
