4.96118550
26.06961666
23.09157986
3.10014012
10.43064988
0.19220134
1.31001577
1.96337112
15.56201624
12.88175284
17.98675089
-11.71699692
15.56595930
-12.90513248
-5.84886853
2.44597364
3.96473156
3.26878154
-12.37456875
-6.82476096
7.98108346
14.03611445
-4.02258487
9.71270866
-17.19306212
-5.83119445
-3.07316190
15.77969817
2.98274907
3.88239130
25.84483548
14.75658225
6.54594351
-0.31553329
-6.28547499
1.26626690
16.66658256
12.48084322
-1.93215801
-6.32914592
2.78992881
0.00000000
18.27596122
4.69284233
3.30596889
10.94299228
-2.83958180
6.10289785
-2.03470179
-3.03285680
14.38293225
14.69074283
-4.33248825
-6.87374239
-1.38662805
-1.55959532
15.90389367
-5.67888529
-11.31570654
16.71749228
18.39098580
4.08857106
0.80280162
13.05886720
13.25472543
7.32061997
4.31778701
11.50215087
-1.24740766
2.90593863
23.40532814
17.29299016
3.34045460
-0.34775743
4.51888872
11.67330163
26.06178960
27.29861364
6.73264958
-13.76747520
1.78429807
-7.72205891
2.83734518
11.66179947
2.45838786
12.14782058
-5.23716663
27.90906616
-3.91313664
1.54185143
0.83946630
2.20640518
0.42251024
-14.73468429
-11.77547716
33.90558109
17.08045145
2.79408668
21.22583157
-3.15353369
0.90194762
8.23689337
39.70118809
3.28873811
-7.23346713
16.82234040
11.18574111
19.88021357
-6.64763378
-10.13563854
7.01278655
23.73921988
8.72837562
-11.53164608
-16.34054457
2.05764656
0.00000000
53.36361685
4.17653007
6.06584279
11.16009836
-12.02508943
-4.52755789
-8.78729540
-9.18708013
18.93446858
30.98158669
-3.68477161
-4.88312539
-14.14399616
2.47776844
12.61028599
5.51465184
-12.35874245
5.80521439
16.14938615
7.04250311
-1.42745807
6.20962379
-0.61651502
1.91060592
3.39180545
6.12838597
-5.56606644
-4.45919162
11.17425991
8.14123423
6.68002631
-8.89813600
14.29602230
