13.35783639
49.16073399
-3.88916487
-0.10486942
-9.02796585
-23.01919811
-29.07442443
-8.17395362
-3.92089645
-25.57421917
-27.00386739
-25.97526990
-29.76413424
-0.25507114
22.58843115
-3.49098399
0.57366937
-5.73625962
22.73925851
2.60073178
-21.02575592
-36.87010189
3.11334086
10.78767115
116.08217447
21.34746659
25.72218914
5.09103195
-17.98544617
-23.13200642
4.08508839
5.47144175
-4.51468925
-12.14075089
-3.57216887
-35.21172174
49.80973432
66.86769786
-13.29922617
2.06601315
-10.30119568
0.00000000
40.12833052
-5.77324716
-39.25705620
-1.81332536
-19.56252645
-18.15415558
0.49572928
-8.19594734
2.54736202
37.83974303
50.34462997
-20.30442842
6.02183157
39.43069855
87.80986095
7.76188884
31.75460865
10.53823378
7.62955135
-7.41333986
-3.23940845
-2.15635116
3.75131190
-51.40454164
-4.77273022
13.93506234
19.94566709
-6.05964764
-12.92068562
-3.55036868
49.69575096
-2.44190740
-3.72428785
11.66610986
-57.12700689
-16.03429468
-3.28183542
-24.89355503
-13.42964317
-12.51983612
-8.49620581
-22.03753334
-24.38359840
-20.78620728
-34.93889916
-52.88902954
-8.75849499
37.44506241
-7.54100490
-6.94901777
-13.46792163
-21.54063311
5.45776680
-18.45799744
-28.05450302
5.56064574
23.66096415
60.77431537
13.30227932
-26.46206981
4.97643329
-12.35389794
-33.61643384
7.35992452
-0.26014074
4.70538168
5.40355745
7.75761997
-8.04246411
27.78226682
49.79399074
-35.00548922
-0.96190840
-19.62303096
0.00000000
-16.71620139
12.41760697
-32.71071185
0.02872906
-17.67767275
6.62467977
-4.80235779
-26.12554011
17.17531418
-5.88770520
25.76773110
-19.72675777
-0.14670830
54.62376930
45.42612596
-2.97356326
1.42728818
-30.34966053
4.57601056
-9.23908820
-5.65251213
-8.60593287
28.32221284
-40.94588314
-5.58627712
-7.65698463
9.43896610
-11.39814412
6.85249942
-15.69476489
49.60639483
-26.80533032
1.88857764
