25.65562453
43.58646829
42.41594156
20.30859832
8.86724487
25.08313758
18.12488931
11.89907415
34.28958443
52.15744020
103.59523359
5.43954887
8.41041334
1.61702295
22.48956209
16.63603606
8.75567570
12.21303139
24.69504467
33.34886729
16.71839104
106.32593811
14.09584136
13.89191621
26.65230475
2.57153892
52.83843453
42.31383069
29.45080261
54.40937560
16.30678509
18.22730036
31.80480957
3.92405439
7.44608592
-5.39082466
13.87583118
2.65855592
10.25766818
-6.03638047
-8.20119137
0.00000000
116.92274783
3.73936640
85.70778931
14.23407495
25.02346524
14.56898219
24.96547633
-0.99128680
6.27396118
52.85928165
11.83937174
12.70650721
10.58645470
-18.27556290
36.93242921
37.83250372
53.22635333
10.15518721
16.14757239
17.36041984
4.02698305
5.23155891
6.07609673
52.73158625
22.28739875
19.85163571
5.72890180
12.30628883
32.37888372
35.74067348
-1.05438184
-0.73028382
36.56962920
52.96498159
42.04733754
23.66663325
34.10063712
38.41932873
9.19116451
7.69434591
11.66762285
32.12017093
37.69129843
87.84407931
40.49174934
36.87239665
46.68161623
66.60734761
30.09298977
29.68908061
13.10894615
17.39800811
63.84047593
31.66450244
85.72690414
12.78856135
45.71919747
98.05936491
8.47321738
81.90165445
68.52595749
35.93561027
60.26262182
19.73239832
18.21250008
46.39535939
21.12661399
5.04036795
11.87079695
21.03008991
17.47689077
18.78234921
31.47189756
18.53253977
0.00000000
104.50208397
5.87212261
71.78718538
26.92732828
21.79200061
2.71562943
25.00624229
7.69922713
23.51534452
41.45841752
38.05133251
43.17658981
37.10416195
25.64449960
57.23519552
56.65581296
50.77233809
61.17194743
24.53056310
13.36981074
34.02534125
18.45818171
21.72618361
49.48010441
11.46451189
24.31664388
17.09285295
18.19584274
35.71124748
28.79422938
14.70621806
44.67426181
38.01295804
