-6.31005852
-90.75678020
-37.89045461
-19.09424905
-13.82452748
-15.09396896
-36.81620152
-22.88590716
-13.76076341
-22.77956306
-146.11448222
-30.23989342
-17.22079107
-20.21231045
-6.41903598
-19.97673534
-9.42743932
0.20341121
-53.42852689
-90.83177065
-49.57838988
-126.97035172
-13.98267437
4.95916256
21.76270429
-23.89725307
-3.72757437
-7.58234681
-31.73224735
-7.17586401
-15.13625636
-1.33732685
-27.53230254
-32.94741102
-2.77837054
-63.33904326
-10.18633882
-24.83361245
-0.05703030
0.78570136
-21.80419723
0.00000000
-149.65483811
-21.07692863
-89.48526161
-14.13728185
-27.45914260
4.50772767
-27.78036791
-12.78411055
-10.53310674
-72.74103403
16.53877376
-24.79176417
1.46980616
-78.22720699
13.38017379
-122.19305021
-127.36633931
-19.19673392
-11.97410047
-29.08267767
-19.07001507
1.90696953
1.18045340
-58.08669283
-28.62928708
12.31053069
6.73168703
-3.63818423
-14.54209987
24.11841080
-2.00698367
2.43946331
-37.82934977
-66.48970494
-82.04773648
-9.62347645
-29.85610640
-40.74581559
-8.99485010
-16.00125790
-21.30595933
-26.42928580
-5.14234844
-101.11276396
-70.58656784
-81.69936707
-37.65567613
-39.89045580
-19.96572828
-24.36825063
-18.69835596
-11.01975240
-46.83997943
-46.96527918
-90.24736283
-5.24852367
-45.21033743
-75.31016143
-48.07422690
-27.39867904
0.01847685
-13.82584453
-1.09353246
-15.09735869
-7.40681163
-49.86646526
-25.89960747
-3.23514837
-27.14831266
-12.74179841
-38.50187598
-33.18403062
-7.47961825
-19.37573628
0.00000000
-136.44143535
-17.88482366
-65.76663689
-13.32768526
-23.76899651
-11.71837888
-23.93136107
-32.40197983
-6.51377036
-55.44326246
-5.47707318
-43.54388710
-13.26935406
-132.75737988
-21.13468994
-115.52669742
-94.16377085
-9.17961195
-3.72049225
-24.70524847
-95.14519772
-24.55414660
-4.35159578
-51.02524677
-15.93480029
-12.46104256
-14.85245077
-15.70822074
-18.83212045
-20.52388386
-15.36220527
-30.27419435
-32.91619907
