-39.36286841
56.77222606
6.29772023
-4.89785443
-75.16154389
-11.58393506
-0.30769320
-7.56704621
-21.86006015
-43.97699908
79.37061860
20.87757127
10.12216114
19.74597225
-36.50122596
-17.80521160
-7.71321939
-12.64374737
1.52442604
32.08746243
15.31256607
53.67276814
-9.21549192
-9.24517621
-70.24378282
-3.93431250
-14.05736363
1.91587003
11.58205112
-33.28616979
-13.32261399
-10.20465487
-12.42349683
13.12404699
-7.05886791
22.06905751
-7.72067039
-16.59736519
4.60205965
-1.16634484
1.67026386
0.00000000
76.13923575
6.76601317
28.93141282
0.16959048
-9.96288671
-10.59608471
-3.52483208
-2.38868290
-4.74022726
40.94331472
-14.68156687
-16.33130069
-28.19803938
8.00125528
-10.85042155
65.90602359
50.08716092
2.82115849
1.28767494
2.28025371
12.28319798
-2.47667782
-8.55798080
21.95240201
2.98883327
-27.29604241
-11.51323739
-16.32698164
-38.01410267
-45.24608076
-22.34694688
-32.03610166
0.28233724
9.77075305
-4.66770630
14.24040427
20.22121994
-2.17261858
-12.74886050
-0.89160962
5.43200893
-6.67855195
10.07247412
49.46325337
42.33813133
17.24075232
30.31232533
17.71877722
-9.94766667
5.21916994
19.61346954
-19.72318409
12.26511825
20.01891730
44.57681162
3.56800925
22.78562773
28.04022687
49.74940930
15.39585477
19.39282665
9.19054484
-5.26608092
-2.80319403
-15.59257529
3.78847744
3.23637383
0.28239405
23.71355188
13.94992531
30.25976114
6.63939799
-9.59773502
13.47575125
0.00000000
91.29453317
18.67158897
34.91524363
8.48496441
15.90771353
-1.46436837
10.60807008
16.41917341
4.61716494
8.98823556
15.89551015
15.43649268
-12.97794666
125.84761130
40.83757496
62.60417990
34.19864822
-34.98951688
-4.28979423
9.55840954
47.53010164
8.20749513
1.27198266
30.45579137
2.95037390
-5.83274876
6.71662734
-13.24303262
-20.94256336
-1.07827098
19.02728683
8.53670124
5.07560301
