-34.76686849
-40.74497683
-38.52585765
-4.12647540
-50.98310443
-25.56580119
-15.26494962
-16.86381419
-59.11552996
-94.99228190
-59.50206159
-8.67129544
-18.61232705
-20.47144716
-40.78685688
-29.35686169
-16.38746956
-20.54590372
-55.86536548
-62.09091379
-34.81780735
-111.22486841
-20.12556032
-9.38855769
-165.69349966
0.67599396
-51.20462498
-44.74599818
-19.96015379
-89.23683134
-13.22076113
-24.06541764
-44.54430873
-24.41572616
-19.89781262
-2.03294902
-14.21721008
-65.03596222
-26.32269741
-24.25108413
-7.59753035
0.00000000
-90.90853806
-15.12542823
-67.37054774
-23.28400437
-36.92517397
-15.55899239
-14.31209951
-10.93751293
-8.23144175
-65.68808925
-24.66791192
-12.70891176
-33.95298216
-45.91235818
-63.65278245
-43.72649734
-101.81847165
-0.91384193
-13.73310954
-37.99622337
-7.59929560
-12.13184960
-11.89557008
-61.81340478
-46.82350199
-16.62834410
-21.78123362
-9.34693480
-44.49006773
-56.57217604
-14.21194743
-45.33800154
-46.38656349
-12.41415920
-32.32973513
-21.54299219
-14.76015985
-26.03781738
-12.45809654
-5.44471694
-11.79629588
-43.81914895
-50.64314185
-69.30595051
-6.59701630
10.95378611
12.27869703
-14.27316362
-18.71433003
-19.87079281
-7.15718395
-17.75403579
-65.59787436
-20.63414660
-80.61297573
-14.62866517
-5.20592474
-68.59341762
31.90166072
-4.53750018
-35.87372462
-12.74490884
-38.66920925
-0.34399071
-18.99616945
-66.04516851
-44.08452612
-37.95715505
-13.35859975
-8.96299474
-39.48719444
11.89984626
-17.70012850
-18.76094886
0.00000000
-118.01858338
-16.55484884
-59.08515026
-29.38587014
-11.06724508
-22.40423610
-22.01673858
2.59372815
-9.99962719
-49.52627236
-3.34289103
-12.48649120
-19.63048814
50.25341903
-4.63695171
-39.87910913
-57.34068186
-6.48031386
6.72967080
-25.01765408
1.76954414
-8.67917346
-12.90920154
-45.74943533
-20.75219329
-8.15320632
-1.59067856
1.67200457
-34.45976765
-32.02040511
-18.85036169
-25.83032107
-60.92717126
