-3.90391101
-24.93031501
-9.51014959
5.30893603
-1.52704069
20.10324874
4.36909529
-0.53261003
-17.81115601
-22.99312913
-19.17666019
-8.59625473
8.74022738
-11.47159494
-5.32006155
5.54870751
12.08330098
5.17444337
-22.03039827
-2.77621289
-14.02121336
-11.76156366
-2.98617764
0.55987104
-29.48342610
-4.90616071
-34.48811187
-3.39079970
4.32629357
-46.40842078
-11.87422022
-3.17301593
29.14618112
15.93371326
11.81226163
23.21732627
-14.62385827
-9.34157312
-21.69048872
-13.34406034
1.01120750
0.00000000
-8.61816008
-11.29015970
-10.93134991
-1.75725595
-9.14194465
4.02978646
13.13960774
-3.12653220
-8.14914318
-5.23181139
-13.75899956
-2.18480855
-6.10014436
-16.22853076
-37.56315323
-24.71289365
-14.95144011
-4.76919801
-11.35502576
-9.74400019
-19.31195874
-9.98809762
3.22734928
-17.06810183
-15.60860886
-23.08006094
-11.94011329
-6.13612329
20.72706672
-28.14956804
-8.30854271
-8.98908394
26.15753840
-4.85845953
-7.27613508
-5.83433448
9.89892530
12.65472775
4.90086914
-0.29795607
-0.05684096
-19.96163488
-14.59226581
-24.28254281
5.69459127
-8.83916081
-19.72374985
2.27076056
-0.79497411
19.51384517
15.24730405
-19.47966457
-29.41926249
-22.48004849
-10.65609530
-6.99309713
14.09361325
-31.78134289
-22.02670447
-45.85913077
-6.35713071
-3.37333558
-36.56814523
-9.97591020
7.60630661
12.57573783
-2.56146100
2.50924882
-8.32901858
-12.28838010
-21.70801974
-6.30791026
4.68195770
9.07526786
0.00000000
5.23016442
-7.68925171
-10.35650852
-8.21780280
-16.51283834
11.30241519
8.58870047
7.57736449
-12.64545883
2.08760569
-5.57470963
0.81806068
-6.62599008
-38.33871865
-35.15293153
-2.34997524
-19.31531082
-14.96629740
-29.98062550
-14.68451590
3.30462577
4.48152831
13.86573223
-20.31474689
-10.04021144
-19.54462623
-7.80637747
-10.83800889
2.03893268
-14.42376379
-15.38606637
-11.13276242
-6.88070804
