-22.32792314
26.94926829
-12.27995239
2.67545179
-43.91976158
-15.47001281
-10.23531110
-7.66710364
-22.36772139
1.07382181
-40.17693227
-5.48667478
-10.63658205
2.27158593
-10.69084622
-12.34159427
14.06495389
4.49728548
-1.70823689
-25.59431670
3.31792557
-7.16156083
3.86539431
-3.79089067
-14.71488420
6.29659320
-18.76220769
-5.82217302
-11.04271070
-30.17071644
8.86687785
4.61768074
0.71006957
-4.07750879
7.92778780
-12.37886705
11.71867808
5.53895582
7.33486935
-4.84599919
0.56075577
0.00000000
26.42876221
-9.04115180
-11.46380191
-5.59268213
-7.83341249
-4.53342199
3.45460443
1.67175495
-2.44864562
16.50276515
15.13616317
-21.32577857
-10.98767472
-17.97085065
4.38870945
5.92925742
-9.47727156
-5.53570455
7.92405091
1.12511912
-15.04765391
1.84438247
0.48046719
-18.60640207
-1.77124331
-15.90222631
6.65784838
-21.81328442
-20.17354090
-17.27496149
20.76424232
-13.19042792
-15.63182733
4.83525045
-0.02630530
-7.55858024
1.52832012
-14.69967763
-7.89621406
-3.40700176
-3.63524400
-14.08654890
14.18895606
-24.58440450
4.96640242
-28.44444007
-20.68315895
29.57189353
-9.90959844
12.81680544
15.92712366
-7.62431178
-14.61268791
1.49746774
-27.57036773
11.49526199
17.86235543
36.17546388
40.43361105
-3.81570910
-8.30842409
-9.68093013
-12.92677867
15.21325693
1.66669592
9.46233648
-8.93551661
2.80772921
12.04984758
20.75421174
25.36155412
-8.33917257
18.37939074
0.05478714
0.00000000
-0.28988528
-8.20254649
-9.88089376
-0.46222587
-9.83838374
26.28894587
6.68522185
-1.08184762
5.98841560
-12.41979851
41.50036937
-7.94014008
2.57145968
50.74952969
38.27778177
-14.58432804
-6.45050224
-38.01875396
18.74135603
-3.69627180
-19.61242205
12.48088331
11.09116487
-4.15874621
-3.15962897
5.23489472
19.82061751
-8.91665145
-2.70474353
-4.15889945
38.88929450
-1.32353365
0.88704540
