10.44733856
-89.24581976
-28.06277590
-5.45755865
-4.15537719
-1.71136207
-22.62431791
-10.00159344
-2.64390398
-34.90353631
-154.53629327
-13.58642538
15.95027701
-12.69475803
5.07640906
-8.79147038
-4.44312220
2.12148596
-51.20250643
-95.57856893
-50.13594501
-147.49123368
-8.70804259
6.39742920
51.77374438
-1.78889776
-2.55052016
20.41104078
-20.15677137
1.94451544
-23.99051656
-5.07444349
-3.08313432
-16.38862156
0.76318089
-29.40169945
-8.22792588
-20.85471506
-4.05448954
11.74762733
-14.62224554
0.00000000
-166.40885910
-12.14052381
-104.02163698
1.10465672
-9.86717840
9.66828857
-15.18279184
-0.62743015
-9.54312137
-75.35173203
1.96132497
-9.34031825
10.98217303
-23.24042367
-0.20124651
-108.00681647
-124.90923394
-19.94245603
-16.20578351
-36.30225907
0.87629529
-2.64308995
-0.03815979
-55.17064099
-20.94093326
21.14441122
3.27776788
-1.86993214
-11.78677284
26.40496103
-5.64391015
17.43352188
-11.50930260
-38.63783860
-88.48009569
-8.62389291
-17.95007794
-12.63507879
4.37346538
-4.98428260
-8.84694688
-11.64290681
-12.99952423
-100.16597873
-48.74577023
-30.66161042
-0.82725203
-11.04163931
-3.22312713
-15.42858372
-14.86735551
-17.32152376
-29.62895195
-57.00719482
-102.92236764
-6.53017232
-29.09732309
-6.30869916
-34.69850610
-10.49273183
-6.38848241
-16.57266729
17.84009256
-26.31880129
-10.91589517
-32.14783511
-3.30018568
5.36203493
-17.81849536
-24.95222707
-27.98752203
0.22062284
16.26781998
-5.99253482
0.00000000
-172.96244852
-7.39890878
-72.88891489
-5.27857671
-7.63950224
-5.94129782
-7.76483518
-22.78040806
-13.80966889
-47.45235230
-6.36931434
-11.95227606
9.07695763
-90.31839954
-16.93847413
-113.17864370
-88.03396362
-16.99681223
-17.31944420
-30.80421650
-28.15824063
-30.04069987
-10.39047688
-37.93960352
-11.46079482
2.49850139
-10.26113390
-11.87354940
-19.77063538
1.58638236
-25.15202177
1.93056087
-17.69278332
