-13.30254386
28.61092382
51.03493874
15.90724584
8.12275488
8.17350766
33.74249355
13.01934320
9.14846608
52.20195765
30.29491882
34.80986199
16.27408255
-0.90298454
0.05697196
10.71788823
18.99014527
16.03732782
54.95446037
-11.29131313
10.38635214
55.56079673
-1.40887655
-11.91462936
-61.02624380
41.44746967
24.61318740
-7.30290481
-9.37998370
44.11620842
-0.44545387
-0.48081586
30.56585602
1.39869099
-1.69768760
30.20940351
0.81597647
-38.37536011
8.97376042
0.32788552
11.49314947
0.00000000
71.50175172
3.00255350
51.09750284
-8.35925415
40.31781269
17.35644629
25.21869215
14.34059435
-3.99488960
4.22663154
5.63030249
32.93530806
16.08596575
-30.37485234
-18.25231910
28.04501977
-23.59507634
3.18882213
10.38050180
1.34321666
16.31411009
4.34731441
11.52714816
51.88954515
32.06779488
24.46720254
14.19779726
6.62136952
0.89735624
-2.78847487
1.04626209
-19.23401348
32.42991275
-4.36861148
24.15535852
36.95394262
-5.44681867
0.27072853
7.72271590
14.26492165
29.05969669
17.70491646
43.03509864
25.76638366
50.33250455
49.36500430
27.29524369
-9.50080678
18.50214757
12.75161096
22.30691032
71.85051718
27.28115475
15.10350082
42.34812284
6.42090489
-14.68297989
-17.34585578
80.14216529
73.06704022
31.72220599
-32.73915837
50.41683298
-0.19302194
-4.57659479
36.57653030
1.77563686
2.20011408
38.07452329
20.35250357
7.63595371
16.81670182
5.04432387
24.67695996
0.00000000
102.00033371
1.18579093
31.09714919
-19.44384061
37.45163116
3.71512184
21.49633975
27.89754701
6.65523878
14.07083660
-5.65108384
18.60092729
18.70978315
63.77749175
-6.52524298
-4.41991726
-13.37511256
-25.50419632
14.72476449
2.40778285
22.97609735
2.22257795
-19.00261337
28.38566122
19.93657802
35.48329919
1.89010903
3.11401359
11.48091247
11.00600381
-8.48797892
11.52578899
32.83929538
