35.00589011
13.28457164
16.69321261
20.22161224
42.26224232
-3.04100824
-4.57863163
6.78236467
-8.22679989
-14.93686941
92.62338751
27.81012191
20.82677563
57.99307519
22.85130311
19.18284894
4.34754442
1.94102981
67.82346155
118.65352096
30.88802032
36.47254008
-6.12021833
22.25251636
42.52301485
-2.38526748
-25.55726210
36.72589955
20.14251392
-26.22367880
5.57127116
7.59660885
23.61164023
20.64016883
17.37017846
27.08754373
-6.74339377
25.85329079
29.69540474
28.74607485
13.99480676
0.00000000
15.45609514
13.19929289
16.83454845
32.49357936
-2.06591789
3.40818399
5.80842077
7.21044585
3.21858617
28.83681882
18.22321316
14.27532683
9.22505456
34.25558541
-25.62140285
81.01737023
124.79482747
39.04144244
4.18399048
27.35463609
40.68493607
-0.59891260
7.88639129
3.59843894
-12.22207101
5.39428167
14.18988840
7.11076414
12.02870058
6.36386414
4.73868740
39.30421269
31.17654314
-6.19604684
34.68290044
19.65388888
-1.51870611
10.04668846
-5.75077523
-6.10223410
0.12243775
-30.08205953
-8.89980305
82.25428472
-6.49665784
-6.54403484
-13.01099686
-43.02403859
-2.52631360
5.42995309
-9.46536511
25.92359845
83.13950847
24.43185165
44.25726025
-3.27075048
-3.86713600
-71.85942241
-62.17551679
-63.42539182
-13.27942598
10.94557797
-36.66155456
0.91884662
1.32351043
15.97370302
-0.52752759
16.90270174
4.27358141
-19.72971554
-41.88977356
-20.85470067
-2.97978210
6.29290426
0.00000000
45.64750144
-2.64233344
22.93434477
26.48560096
-5.22341391
-9.25701228
6.79605945
-7.30676924
0.26440170
47.04004520
-4.83417703
-16.69500256
-20.33789878
-104.33929709
-46.01873633
81.63448819
97.62819638
52.18957004
-2.92556837
22.75994679
-23.33896149
-2.09031002
-1.25100701
8.49464979
-11.60705997
-4.05916226
-1.21125920
-6.50920356
8.21602529
-31.50691051
-22.83471392
-17.83595228
0.37595939
