-11.19094796
-71.10439714
22.13427055
9.97144736
25.05226332
8.93198682
8.65950031
5.72263755
6.52623989
61.05051864
-24.68572570
-28.07871677
-50.55114000
-34.10528369
-13.87816590
2.11687309
-3.16171011
3.56032564
-20.44166404
-11.33300359
-11.70254552
19.56767082
-0.40775026
0.36338368
-38.81251191
-42.51135533
-8.25712952
16.85200459
-3.00823482
12.66792526
7.07968785
4.30811739
6.76988702
-17.18839738
-0.78241741
-43.97999275
-3.65437785
-13.83129060
-10.92806519
-10.12690228
0.75541936
0.00000000
-3.94449929
-10.30063151
5.44487364
1.36765744
0.95763949
0.49016110
-0.09978091
0.43616176
8.30089306
-33.16570013
11.00291047
-8.46658227
5.81617323
-79.65530307
12.69212756
-82.89433651
-36.47666524
3.43976890
-5.51882317
-2.49077604
-42.05643913
10.07387282
17.90722119
5.85130181
7.86627870
12.91159430
-4.89739719
16.40009168
27.08686849
12.40518095
-0.93163001
-17.91837883
-1.28874538
-17.16519578
-23.72999306
32.53155949
11.56271653
-9.93897276
-0.76660964
-7.70449110
-0.26726425
0.01254264
14.01447030
-48.62950250
-14.96672441
-1.83379575
-46.66105515
-31.78109751
-7.43369486
-2.15357095
18.37987140
-50.82288694
-42.37263740
-16.42018675
-4.13260326
3.56441859
-5.22035626
-58.96650262
-22.75913883
-3.78945768
46.19116524
21.69563952
-10.96730952
9.52884046
3.27431146
28.42126771
5.71324693
13.11168158
1.37834348
3.94700302
-24.96140126
-21.08189019
-57.41392750
12.14418009
0.00000000
-25.53987359
2.08823056
-9.99170288
25.35708359
1.47637298
-3.64565405
-6.75251954
9.35831359
-7.39928273
-36.56809988
-16.46457915
-16.94464260
-21.14872394
-80.61357151
-17.69778713
-145.80648375
-67.98097946
17.60919955
-13.40985661
-14.03068580
-44.85576694
7.10594377
1.22541753
-20.91805937
4.14329171
22.94066402
-9.14717918
14.07662389
16.50374533
-8.59837552
-9.74208617
-28.41774437
8.92878660
