-3.10837742
11.34930548
-2.21874515
-12.59461388
-15.73160101
-0.15603768
4.16723076
-10.04073952
11.38822175
8.94611056
50.43289867
2.74076529
25.61232865
4.65995689
3.12040810
10.89110733
-7.19514984
-11.86983341
-22.89778166
23.51515503
9.27553076
75.45691363
3.59142923
-4.84874522
11.90497788
-27.85692110
-14.72092238
-9.28747213
0.76552740
13.63391352
-15.07948343
-3.77998832
-11.55377253
2.79506622
-7.63989414
-0.62201622
-4.76015544
7.75187405
-6.90549105
-0.95198725
-1.67505999
0.00000000
80.21909347
6.32233602
45.96071704
-10.67267603
-8.94138102
-11.19046834
-2.93754179
-0.55706144
3.73859713
37.93532579
-11.87856347
3.38283360
-4.18303690
25.95251506
7.97307561
-8.65177068
-13.43556643
-17.99267942
-0.38587779
8.41751566
20.75007177
-17.00790636
-3.39422161
6.63148553
5.29605343
-14.12344767
-12.70554471
-0.97746851
-0.47124961
-6.29928404
-5.07589629
-5.41605021
-7.27256380
7.08398305
-22.03609242
-11.21659540
2.47058981
6.03254649
-4.33883263
-5.79400450
-6.27304911
13.68665945
0.51553578
15.62004545
-22.51230519
-10.64068490
-2.92006626
-0.51182444
-0.89831389
1.02614693
-2.78181902
-55.27096578
-7.37384131
-6.08093353
48.84702432
-1.74746202
5.98261164
33.90632551
-15.04318260
-2.48880788
-11.73425713
-12.50485681
-5.92658018
-9.14061274
-1.39642051
-4.47383335
4.18050074
-4.57844844
-11.07955618
-1.39818710
-1.44952142
-1.94899899
6.21160134
-7.11799260
0.00000000
39.99518018
19.25295750
24.18852881
-9.39388849
-6.71936277
-4.52989062
3.08914604
5.44545592
6.41990271
-9.65360548
-19.33669225
7.46301892
-8.81699259
11.34786097
-18.17914812
-58.39352878
-27.95366625
-6.82183066
-8.72262104
-3.06294974
19.72367342
-6.27388371
-3.92492934
-2.84215504
1.88860961
-2.65919788
-28.45612237
-6.04738580
-4.40182893
11.37474171
-0.69671422
-5.82284209
-3.42002076
