23.84067020
1.81891984
15.89352881
14.12189789
36.14002259
18.53561124
18.59583093
4.70517073
13.40851990
26.01462442
18.60197068
30.90019032
20.28322818
24.30237497
39.86426204
14.66328480
-7.38303966
15.65523275
47.69246955
10.96342760
14.21557547
12.37182039
-0.83895515
8.42738171
64.15730113
27.27981370
53.14957036
18.16406778
29.34730724
37.70770373
-22.86928837
-4.98333285
22.04738210
10.56937416
-7.35340644
21.93464654
16.33565247
5.52006639
27.05998331
26.78801124
3.91011189
0.00000000
10.59421394
-1.89077254
17.73237066
11.74920884
22.51559329
22.69804565
2.21782322
13.12804584
7.01486128
1.42125452
26.82588580
27.90764277
20.43402654
19.05928100
35.27858345
8.68639577
15.82501200
18.41144957
23.06909830
12.70343196
33.72309477
-1.14551183
12.73675981
23.37667348
0.51221789
32.63278940
18.96074685
34.66988198
1.19987826
3.07254028
17.30798926
2.51347288
28.89758106
-7.04063180
18.91467986
5.16484881
18.09029218
23.60262364
4.60236482
13.01224905
10.53353668
19.77593784
17.70472128
11.46480501
26.92121913
-23.44724282
14.75749154
24.53007097
8.59508877
14.01665394
-0.06496815
85.46010967
23.60905003
2.02320514
7.02851518
-5.83991586
-13.59729404
5.22566177
43.02655169
64.56940885
58.62269283
21.08374926
44.05793852
-19.48600684
5.48288604
25.31134309
14.87479478
2.85558447
40.70085519
3.36138905
13.69690114
2.64696000
18.19876790
14.01460571
0.00000000
-9.71168657
-8.56532408
13.77129613
14.29516617
20.55492583
4.72051129
16.13854784
12.69137858
-3.09987012
-13.50450350
18.61885484
26.21626980
25.71072633
9.33067259
25.67791323
9.76712506
25.37906455
72.52850292
31.46292663
-5.40747339
10.73481127
-7.48885285
4.91310788
12.98694778
4.50255141
39.47605509
11.36849616
24.66374381
3.14798433
-1.62306081
3.48052916
12.95707591
15.38517409
