-7.95299407
-54.07634481
-7.16097908
1.84990160
17.04995645
3.11100953
3.91675472
4.79951921
3.80879279
-24.54696796
-42.38243243
-0.42986344
11.72216355
9.13229614
-16.95677327
-7.27164070
4.91829223
-0.03695027
-6.55596456
-18.63068517
-12.52383152
-23.95085558
-5.87798588
8.32879055
-24.82060562
-10.75846317
-13.17491241
2.75490811
-10.89901501
-18.95981256
8.92189091
-3.97524785
-12.19489505
-5.77745118
-0.89710304
0.52151575
-7.70945574
-3.81326233
8.36628555
-0.78213084
-5.53722892
0.00000000
-71.97286082
-7.09774208
-21.88008264
-7.48525537
-1.98902877
-1.51778638
-8.11698758
0.01405018
-6.07891748
-27.93091754
2.14458854
-8.14333839
-9.43819881
-20.11622159
-5.63394969
-23.88797112
-9.18584942
1.48924834
-1.57451190
-9.58562085
7.45157852
13.23329738
11.81140200
-13.21745230
1.96520909
2.38127123
-5.71005156
-15.39023983
9.49283491
6.83016700
7.45110871
6.31239399
-22.28461472
-19.35052551
-25.54914245
0.13414194
-1.08752738
-17.27650788
0.38995309
2.87223636
-4.63855215
-6.29636209
-6.43468279
-17.21295455
-19.06646613
-6.96592495
-21.90671396
-50.18695463
-11.96960031
-6.00693981
-1.62575378
-18.76138087
7.49520045
-11.17457245
-15.38467402
-13.41727752
-21.39153531
-58.79379272
-58.34614424
-38.10686474
-26.48344057
-16.98314632
-17.00817835
3.12153610
-7.61894009
-2.55675844
-5.33304344
-12.40413778
-15.17341552
-18.26797730
-41.92385880
-15.52344185
-31.50436437
3.82358418
0.00000000
-65.19889688
-17.39860805
-18.95400487
-8.49713523
-6.81038795
-19.20229041
-4.80404167
-7.92485941
-10.73475011
-21.55361400
-29.45524061
-19.62262378
-21.09680592
-112.87306512
-18.53546206
-40.31847288
-7.19211695
-5.25881736
-12.46620258
-8.76674093
-42.71095905
-1.63322216
-14.64071364
-5.92004317
-0.85760264
-18.36273773
-13.00594285
-8.47911966
-9.74202070
-8.18086778
-25.74927550
-10.92898385
5.49596204
