10.69935351
-24.05207845
-6.01260489
-15.71580783
-28.09028458
-16.84012229
-8.10145734
-10.17811977
-17.14979245
-5.05589309
-69.98969816
-18.66429328
-7.80054180
-24.72688775
4.78658055
-2.13320388
-14.28744005
-15.99329187
-3.32272616
-101.22294010
-5.53277580
-41.99632397
2.90799848
-8.72494978
17.40710906
-2.14425141
55.38741040
-13.03992369
-14.97328238
18.75889495
-1.33062904
-10.10454407
-16.14812216
-9.16083714
-2.59365689
-12.84821217
12.30540750
-7.74377262
-20.63919217
-23.13496152
-8.57144066
0.00000000
-39.96951364
2.56044127
-34.60192351
-8.05773632
-0.10714171
-16.96061047
-3.88941335
-11.95562478
2.66760345
-42.87008391
-8.72903924
8.57036762
19.11847380
-2.72655863
5.09755075
-11.23412252
-33.34851818
13.79686032
4.14652892
-4.96007133
-2.01116784
-3.78696398
-11.13994450
-23.00694560
-13.70463330
36.23898771
4.11724195
19.64847275
-18.47347913
20.64465913
-3.12821964
9.20446090
-12.16921284
-12.55819520
-22.62270208
-5.43775215
-16.76299092
-24.05943377
-12.12365489
-3.05150283
-4.13015955
-24.38931747
-23.26736782
-54.33896502
-6.15671154
-2.72034177
-14.92386772
-21.36781122
-3.26295157
-22.73425494
-27.87246260
13.58775479
-76.62485102
-7.51915840
-46.48673629
2.56523831
-15.46775942
-49.26046882
0.57194190
46.77564557
7.44387532
-6.01607809
22.46598694
-14.38655043
-2.99099721
-20.07990402
-9.26704127
-1.60591055
-4.81592353
9.54286755
-21.50674083
2.34480985
-17.78425841
-14.57062936
0.00000000
-178.06303118
1.69669600
-27.90223763
-11.18603425
1.66893934
-19.72228679
-21.09691758
4.29300332
8.80954819
-55.52768859
-9.99996171
-7.82047485
10.79912673
-29.24727291
11.77562096
-94.09221865
-32.66738240
23.31116921
28.71782291
2.59796855
-3.73648978
-8.92440380
-8.66682723
-16.16263925
-12.31198768
35.54946294
-0.85730730
26.71693010
-23.69696930
-8.07840464
-9.57503908
-2.46762080
-13.99704602
