14.76042621
48.46532492
27.58901980
15.35544610
4.23539997
15.00517872
11.82222673
-0.32565127
25.39454202
43.58509599
19.67589269
36.36883243
53.76931362
37.09857050
17.47833794
23.18855689
-11.16697738
-1.98923233
12.40642192
12.07405012
19.80948880
48.16771839
-0.86500611
15.07986218
38.87726066
21.70672962
17.39738526
33.40712695
44.69574348
29.78565822
9.39116988
3.91545617
4.43893515
14.50099932
-11.21566101
23.78313062
0.25357719
30.61437158
36.77709175
22.29097162
5.31344377
0.00000000
90.32138118
2.22766645
45.44930712
11.17043580
1.07074958
11.63035164
-2.62952845
-1.72402692
-4.10344628
27.98928928
-0.00895296
1.89862185
0.32848611
21.63500827
13.30167665
49.60207876
21.72459600
5.83622782
6.61872167
10.18575049
32.39529551
-2.64727746
7.03231380
10.93763506
14.51740746
12.73290483
4.88761302
0.74607786
19.92528273
29.91302042
2.55850183
29.87414523
4.75439162
1.04635398
63.66856934
24.72949760
9.41785285
-8.23087564
4.58580234
-4.54662974
-6.97810480
10.99097654
14.83448571
24.66937040
23.37396668
83.40211527
37.22757759
-5.78157797
7.64005650
-6.34494013
-19.62205596
2.92592933
26.57783539
26.84589951
40.60800317
-6.70836142
17.25658407
6.60749146
-32.54422206
-9.99511798
8.02435000
14.84075764
6.41384070
-7.00280361
10.85652732
17.24235949
14.39240194
3.89611101
-10.49797951
0.03172006
-5.26242138
31.15056045
41.78310739
12.46358097
0.00000000
103.86534505
-3.65198763
28.48911154
4.99633320
-9.43238296
13.71794581
4.61496581
-5.18263983
5.17646155
34.59353767
-6.38745288
-12.88908680
-8.31846067
-38.75418538
-15.81165129
80.50518640
18.84549208
34.99240576
1.10088984
18.36018343
11.94583263
1.37349470
7.60171833
12.98397399
2.57982935
-9.00058713
-5.21726057
-6.72265921
-1.39441438
10.47854238
-5.59286417
18.20984326
12.71054266
