-1.88250811
-41.14498978
-12.15883438
0.34786311
-11.88642248
-11.35058188
-11.30894932
1.82183690
14.02879849
-6.39249636
-17.55210662
-9.72139231
0.00827906
14.12156429
-7.12522639
-4.07660768
1.02556554
-2.02284247
-40.18481441
-1.31838089
-7.94903243
-23.15425871
7.29841960
-7.40272377
16.03924623
-1.05541452
-58.84672047
-12.73105805
-25.25587573
-7.97195868
10.20571623
-5.12278596
-10.88289667
22.86857052
32.92853136
17.95416695
-18.61353549
35.87636458
-9.46840790
2.82424147
7.42615593
0.00000000
-18.33484784
-1.13251986
-26.65814372
7.04243043
-14.17346414
-5.91016318
-1.47241043
-0.51464425
-12.65083927
-32.70993466
-12.48417024
-12.10692426
-3.70520612
43.66668062
-16.04924809
-33.57418502
-12.93115066
-7.38207363
-36.37233985
0.65647042
-5.16179031
-14.08394649
-13.98064540
-23.68148102
2.37439933
-2.92003802
-6.44005499
-18.95838499
-4.93749988
24.19402693
11.20967114
27.32419584
-37.81587232
9.02323395
-27.14128171
-16.53111248
-8.82506057
-6.76748924
-16.92194519
-7.82807090
-13.85838762
-0.12051675
-20.20948626
-19.07166657
-18.23345377
0.72800294
-41.46189842
-51.89797809
-13.23443747
-3.57393579
8.93504012
-50.00977572
-31.85711731
-18.64767115
-19.28368439
-7.85553086
-6.44069010
-16.87431036
-38.46313885
-69.44125188
-34.55701916
-40.88370658
-39.60230767
19.27570163
-6.30547638
-15.09053658
-14.09121440
-23.66087599
-27.99926839
-13.68734430
4.85206185
-3.68659185
-14.53517660
-13.84473348
0.00000000
-24.56667134
-20.63348095
-29.68240340
-4.52184604
-18.09590256
-9.41659545
-30.49351130
-18.49609528
-31.50596238
-30.58993574
-23.35180897
-33.20001966
-28.06853358
-16.01991081
-47.21046885
-22.37624576
-33.69742445
-71.95679411
-26.50725984
-14.21767145
-44.84688542
0.28824401
-12.03449979
-24.46581392
-6.44381908
-11.69266849
-22.05317406
-42.13844392
-13.64205323
7.20474834
-2.22369655
-16.05403550
-31.78546600
