43.95600157
74.02510414
29.04330752
25.62981024
15.42771411
3.53866623
11.03952284
15.61051688
29.40321793
32.17544446
67.26417596
15.56595603
9.15349195
10.71523306
45.56911876
11.64107291
10.19392996
20.08059011
36.58166173
9.45798271
37.74975563
76.44116010
4.57459305
28.93070371
96.15330693
19.35392307
93.13221749
27.67063915
29.85502273
79.55346408
27.12028344
17.39226459
23.43372064
30.27970310
6.00991363
20.81993074
47.99951755
60.88609073
17.04269449
11.01595442
9.67517683
0.00000000
97.43733409
6.61078044
55.45741556
19.67738845
42.93374037
15.24265018
3.74899965
13.42497159
6.89488763
33.68695961
35.93541832
9.92505858
17.04365434
31.60264348
102.40410248
31.32982922
78.49928128
33.10721153
45.12630833
21.71642458
5.95668046
20.52534432
25.49277787
62.94331113
23.58740676
17.81932918
23.20535816
20.62003018
16.90859691
31.58337652
35.81425231
25.89314768
25.60563221
33.31731704
43.67710638
16.70029922
41.75168416
20.86960152
10.02208588
18.49774413
8.20609957
23.56979929
36.84077480
64.06295533
42.62728534
-18.09536167
-10.72414999
53.62028491
5.17019416
1.04497554
13.17992618
26.81321611
11.77105316
40.55588508
60.42292030
6.58569434
18.35788813
37.97652231
21.86864810
63.38822854
32.37347567
34.35771693
46.47826760
11.51967828
10.76571702
45.34463961
20.57394082
7.32351522
14.55645976
20.62507231
24.55409181
11.63408763
-0.55045321
8.76254607
0.00000000
36.83302449
0.41120601
51.00362728
32.16589748
18.29180518
2.58800607
10.27888809
24.85341407
21.22665079
24.39803568
45.90560912
31.58730848
23.14926388
42.32415688
80.74323066
49.10526578
66.53793054
48.85574272
34.11404947
23.81414599
-21.39588865
24.73226461
17.52751598
64.21141686
18.47581115
26.29451007
25.93828936
18.54578901
5.47165951
15.77351251
29.10727355
14.62538725
29.13230152
