-2.39174152
-65.58519128
12.35253130
9.40990605
6.59909547
5.16246561
12.72140855
9.16101767
9.82961569
0.05330744
-33.55742286
-1.65993330
-10.16428809
-8.54747100
6.63370264
0.84676452
-0.40790050
7.27542078
-9.49244122
-1.66280168
-15.20071285
-40.02264721
-1.45238747
3.67949613
-30.24232512
5.95561929
8.27414396
9.76770399
11.74863123
4.82243659
13.28643048
-7.87284738
20.64278569
5.13610300
5.80374654
8.53682825
-0.40026191
-17.42797374
5.93055199
-14.91069007
3.93094235
0.00000000
-84.21636233
1.93783147
-40.27894421
4.18690337
6.08592989
1.51850702
1.97404435
3.66077663
1.83323596
-54.02455503
6.66771205
5.98059093
-0.03818246
-31.59896077
8.84835656
-43.38425026
-6.23534800
3.36524494
-13.01978423
-7.34402093
-25.93179396
5.07204614
5.19515004
-12.37873197
6.50706201
9.00453304
2.81517707
13.46362449
11.60621542
-9.00127787
-4.94605286
-23.82653932
10.90477949
25.23507195
-8.96599763
17.48240445
6.49867986
24.02262294
6.68434239
4.61822700
4.12417664
24.30227528
-10.15124143
-8.29112454
14.08681093
-0.65051192
4.59100437
39.03335932
15.71485049
13.48023908
25.87504423
-21.97644653
12.50065467
-13.30188219
-15.45609433
-3.88412362
28.12084866
42.80403103
-1.70861163
10.07893113
4.73866039
10.21496712
6.92683399
13.47106277
0.27970526
15.35596394
4.05003678
11.57343912
-18.52038133
-6.30410557
21.12291270
-1.85401094
11.62188013
4.06895818
0.00000000
0.15803215
-0.60772855
-17.62943360
13.61682982
1.78769977
2.38759912
-5.62307212
1.24578271
-12.89973755
10.92685337
27.36793194
23.03677356
6.62971263
26.22369696
6.28485984
12.86356329
1.64329538
16.08197972
-19.78669791
-10.36690352
2.48940538
7.16998116
12.85701427
-5.72546225
11.93938180
-1.28422236
5.79843801
6.73755191
16.50092908
14.06556043
4.63702521
5.57849918
17.42364771
