16.49909029
-11.13703840
5.58737370
4.54976386
17.79241826
1.16853240
-3.24302814
6.98448579
13.98947200
-5.47987896
35.23615902
10.40205591
-8.74992537
8.86298118
9.22319115
8.21671586
-3.90840889
-0.35880149
-19.15041425
44.76393044
-11.93061597
-5.62210016
-13.43381101
1.17332277
20.04624623
5.62433133
-21.90767404
11.54651573
17.34807691
9.75479432
-8.65007133
0.90407398
-1.19716413
-5.78848927
-10.95343860
3.48468307
-23.87612755
-1.30252746
-4.83965225
12.38300847
3.38320668
0.00000000
-22.30393992
-16.85930454
9.40898507
9.42446935
2.02237483
-6.12986632
-3.05859086
-1.89069324
-13.77446144
3.94264819
-7.99526984
1.20018160
-3.22588249
41.78435119
-11.29039650
-14.98347082
-14.53738354
-15.62085857
-22.14122342
-14.53686335
5.86400605
-1.41985251
-2.79989462
6.10413822
5.05270795
-5.34938164
0.64661076
-5.19488569
8.13344710
10.14495481
-14.46821473
12.93696628
-5.58174542
1.67990223
-9.79721412
1.94210805
-10.52468453
5.16406430
2.64355496
-1.54776489
3.72173172
4.59799489
-10.79783155
35.40604777
-3.53439634
21.60181459
28.22048327
6.05448237
3.36649679
-9.49558090
4.85945573
-20.89540086
42.56810917
-6.59695641
13.45439258
-21.07314726
2.32404355
22.87924768
-21.98667509
-32.27884441
-24.21033126
4.02528429
-9.20858902
-9.09119495
0.41870626
-31.60134452
-7.38263652
-6.18605377
-22.07492822
-29.57068238
-15.71257069
11.09896741
21.36431730
-6.61324885
0.00000000
41.47191585
-14.03713649
7.93343010
5.82510000
-0.41034750
7.48673929
1.93730999
-7.68922232
-11.76522223
24.58979905
-4.84728180
11.73004072
-8.66554197
12.83584091
-28.99859064
38.59498110
-7.40012523
-21.53885325
-40.14992948
-0.48597770
30.31570409
-5.09107516
0.13402527
4.65449075
2.55322795
-20.25159875
1.81584519
-16.96431329
-4.05682107
0.08545676
-21.73513100
7.56203888
-21.43258585
