5.73038101
-10.98944252
-11.58231229
-1.32122992
-3.63974989
20.65283626
13.50891731
3.78830259
-11.28736622
-22.56158082
51.36132928
-1.62870732
23.47376204
0.18298708
16.27939017
14.34209337
4.68757469
2.09601071
13.48017526
68.58130594
-5.82284971
18.02678919
-12.17518829
-6.45746198
6.73562061
5.37913589
-20.34145545
-4.25140841
18.36545254
-17.86078707
-19.08314687
-9.30513735
24.94510068
6.59482038
-2.15214677
12.47140596
-15.23475737
-12.12578577
-7.77449225
8.62273477
-8.45528885
0.00000000
23.72410282
-23.01659985
2.22930952
5.62463756
-2.09905484
-0.72638857
8.29393692
-1.79931534
-7.93612849
19.58849134
-2.99895588
8.19606133
11.63762711
3.43075345
-25.68134082
4.97173363
21.33448397
-10.74387529
-10.77983669
-5.93106152
-7.56774861
-19.08997164
-0.38483625
-12.41025340
-14.10355816
-14.57922753
6.55310945
8.79261740
20.92213950
-3.54184467
-10.89216192
0.15954103
21.50123684
5.57753011
13.77432027
-2.45542876
-5.87636568
16.28606950
10.04310332
0.14841646
3.82629790
-4.83813607
-9.64811436
33.56453438
6.58311928
-3.13203847
11.08964876
19.59318786
12.69993296
13.83361573
18.30590841
2.40251560
31.45186335
-14.15750529
15.55593860
-11.57307358
4.04252643
5.95884515
-20.41432196
-41.84834566
-12.09526115
2.46484282
-10.57356821
-14.04205236
-0.46451302
17.21079475
0.00684888
-6.56949710
-13.32192952
-19.84054327
-10.59206841
5.18505769
43.28162638
-0.58443913
0.00000000
25.13260301
-18.73018469
3.74850689
-1.07051108
-7.61424643
9.52341975
10.43029142
4.08301926
-22.43722213
17.50684780
5.60624010
23.92277858
16.12686557
-6.27989157
-32.56444668
34.17893657
23.06426913
-3.62157118
-27.75066603
-9.22025603
22.83734440
-1.56841765
14.54817957
-15.04026050
-4.97472829
-17.43735724
0.12524617
-8.95675301
12.05047930
-6.11227233
-17.71914820
1.62776849
4.53572987
