-56.47883174
71.79728970
-27.91389969
-52.51628063
-104.26463544
-51.72304247
-31.42198644
-17.41148547
-21.35370620
-43.73314031
10.12938319
-28.68004559
-34.07471744
-16.50635519
-46.02055232
-36.55422977
-39.46720474
-42.57927536
11.29434050
32.99325358
14.55996306
-18.42971514
-27.81289539
-33.43396810
-96.77681360
-13.74357889
4.78286864
-51.16795306
-22.19840067
-17.40925384
-14.36495018
-21.21188041
-71.15306787
-42.55721527
-38.63585437
-39.30834209
-21.02948112
-48.44161288
-12.01568320
-3.47004786
-32.64928976
0.00000000
79.68884054
-40.04801468
-7.48990299
-31.78875629
-23.72092530
-37.89142554
-37.25089638
-30.65716484
-6.13335447
10.69841744
-33.09361231
-39.62210135
-45.71442899
41.77925567
-2.92866435
56.37310030
15.13435954
-36.40681920
9.72973091
-15.47792248
5.88985371
-23.89988309
-44.88166820
2.67614890
-10.15328362
-26.93658002
-32.05120236
-27.21051772
-84.10199097
-32.62227443
-40.22046419
-42.90358322
-65.34972584
30.73704071
93.54287310
-4.69927894
-16.07756811
-19.85541842
-18.21149552
-9.34003990
-13.05166883
6.02627541
3.65401825
16.09106019
2.10531402
27.79357450
49.07230734
63.79356272
-12.58031174
-37.13038889
-28.83477149
46.11412087
20.81961152
33.50304611
4.76001041
-15.66564196
-1.70356607
115.42990841
67.41535158
72.39132349
35.36525034
23.40055955
20.29896049
-5.79645426
-32.31883559
-33.87918540
-26.13027731
-37.90529033
6.79457056
21.54244923
17.45592040
16.70466219
22.92055706
-18.45234094
0.00000000
157.00387651
-27.73466215
-1.91010581
-9.79730791
6.90178412
-30.50983757
-17.75500184
-12.46205300
-10.84459193
34.84498009
32.67947981
16.90807851
0.52566836
179.46593174
82.99256930
132.10719115
45.70107379
-17.48747965
20.34681930
6.22098938
30.43662068
-35.40226800
-37.21376875
33.80688603
-1.67230475
9.98836364
10.61570477
-0.38665014
-53.24088913
17.76456330
8.83369489
18.16278172
-10.34020665
