9.36776281
-21.26332090
-6.02811366
-15.50547560
17.89213124
-1.36852516
-11.19943668
-3.45889518
-17.95581097
-0.05377413
6.60710092
-10.51349877
-5.16996531
8.28685359
-0.64619810
1.66768590
-6.75475911
-4.32657571
-18.40492967
20.68254520
-1.90966156
44.11043302
-1.02378184
-11.94478916
-8.55490501
-18.02133289
-49.62513034
15.27497495
0.27860372
-32.89646349
0.23052657
5.78649899
-17.68735009
-23.32214096
-13.23176403
-25.42074378
-27.41217745
-27.13959020
-13.19940510
-1.63324169
-10.26186669
0.00000000
-8.70893949
-7.43210953
12.85640819
2.16598888
-21.12241637
-25.41125559
-21.09222544
-11.55137799
4.26747851
27.36020870
-13.05358040
-2.93397713
-1.80644749
25.51924787
-71.40651107
-20.76246205
4.11149759
-7.29705773
-21.17425248
-0.14646048
-1.52876206
-8.85608553
-15.14027779
-30.22368374
-10.52794055
-0.63080034
-6.81696106
4.55507705
23.81100082
0.82865869
-16.82067634
-0.18940505
-35.29595525
-2.08981487
-0.21167265
-19.68631329
-37.71812481
11.64069162
-3.01975538
-9.84913146
-16.29320877
-25.96059195
-23.96154815
-27.12512906
-53.56469463
5.75678603
-2.15323376
-32.31125854
-6.83821733
-12.93299040
-14.59308007
-38.47605675
-17.24906509
-2.27257427
8.52701512
-8.00921840
2.91043020
-44.47113448
-100.48580864
-82.91345994
-43.37617158
-8.63683261
-43.16070559
1.81475153
9.19814208
-13.95150756
-28.46838313
-15.45897565
-62.76652526
-25.85095489
-47.65889252
-13.48182802
-4.90348983
-31.15504424
0.00000000
-7.80487646
-10.16522363
-5.40041448
0.67307723
-28.68706333
-1.82898437
-15.64617287
-33.22710294
-13.39340479
7.20854649
-11.92652492
-16.26134180
-16.07473376
-81.49891444
-74.44754187
-27.18013436
-8.94090975
-38.45566121
-21.86041023
-7.70217307
-22.03213831
-10.78158720
-5.31649268
-37.10129128
-15.57210486
-23.19453255
-12.96266853
-5.54761286
-2.18004999
-24.44256670
-35.92496801
-17.34176147
-19.93075648
