22.76739484
54.16109593
25.23323884
15.68209624
34.68471140
22.65668366
13.88569861
2.17347793
19.86401948
39.24825086
32.14427393
25.95651135
24.81952272
23.67211858
35.40941948
17.15873184
8.54419904
22.09470200
37.90522636
6.79808046
30.74506370
35.10951104
5.12091145
14.54718693
88.26840610
22.13174849
45.46422087
24.72895075
34.75080278
39.60920252
-20.31839304
2.68037081
28.50327052
15.30451262
5.97180584
27.65620873
15.28487168
24.33741856
18.19290890
23.19373793
11.16506684
0.00000000
81.77825116
9.58598516
35.72825628
9.34222774
18.22712022
27.43804835
14.65801256
7.28555511
5.18595327
30.63514144
19.63117393
19.20858851
8.59649722
34.97130845
36.81443890
31.11931491
18.94110504
18.71645342
35.91478851
11.89486351
22.53590934
2.91969733
8.89867851
33.74686135
9.96408161
20.87659329
10.76392871
19.06730857
11.52455530
8.10467147
16.49611040
18.32557710
33.63114024
-8.94589953
33.38377780
14.43072777
27.55799645
27.93569719
7.51679638
10.48560555
8.57680471
19.80607108
21.80614131
17.41644238
27.63668586
8.76751539
7.52000516
36.47201359
7.91407183
17.87109013
5.49224994
66.77267939
7.90558851
21.99667003
23.29350977
-1.12434483
5.41684380
46.11555604
41.06628044
62.56949806
65.57477987
20.95453867
30.08358456
-16.37812751
5.32893900
28.69932905
10.31623697
13.19636109
37.68272241
8.33612122
13.04359210
2.73320195
12.08453875
22.22325209
0.00000000
61.01338443
6.05656229
22.48363730
13.22089632
12.42734793
9.86105911
18.49113541
10.93827690
3.73636934
2.67637015
19.29250537
21.55342489
13.72808730
30.48773447
32.03117571
38.87251296
18.68669787
41.04648245
21.04182376
3.45240234
7.99874674
-9.79691544
6.20523893
23.71000281
7.09250744
28.79835839
11.27147587
11.69443864
6.85739261
9.04677074
3.06943768
23.17479895
17.88489271
