-14.15937416
-40.26486241
-13.64507012
25.67811868
-15.73686330
-6.28272233
-6.56570809
12.55057726
-25.52255038
-59.92031793
-128.55548999
1.83689785
-30.24070708
-31.30502384
-15.87400272
-16.93033173
8.90967115
14.54507629
-28.26862838
-78.42000588
-20.72052862
-89.08011438
0.24349681
-17.45543372
-76.08267052
29.54793519
-41.04685349
-5.63095306
1.78604060
-58.99545921
-1.40657342
4.37604028
4.93968068
-6.67791987
-7.50674433
18.22718623
-0.75874339
-30.27751773
-8.91621993
-24.90557437
2.71892916
0.00000000
-95.82921931
-11.62389864
-78.55225525
2.66983700
-5.58163597
-4.79137099
5.68224080
1.17704680
2.70246274
-54.73349554
-19.75635857
-4.23100471
-9.58789145
-6.71343457
-47.63330678
-35.55210427
-59.80665498
-14.14992526
-4.94966518
-18.28365469
-7.99263980
9.51418728
-3.55524461
-63.42625931
-24.67588285
-3.70407488
-2.85416781
-6.95048237
-8.69501146
-38.41006303
-12.35856654
-34.23813914
12.86774942
19.68270855
-32.55125793
-16.74748881
5.30479650
5.08042829
-1.87570451
-0.74550281
9.23078787
-9.85048167
-39.30813369
-93.14372760
23.18414293
-13.15438119
19.07839240
8.44247283
-7.37729792
5.85881197
-2.80699180
-20.25168508
-57.42467490
-34.05054207
-81.03506704
-15.03956049
7.26660519
-17.03825454
19.01312490
-30.11548857
-32.03035067
3.99080573
-33.10418694
-7.28129386
10.70755043
-30.88073855
-2.07781389
-4.17570047
-17.55170512
-17.23277405
-11.17685319
6.60063228
26.95329208
-5.83786769
0.00000000
-120.02616203
-8.12102668
-55.03492017
-7.36306358
-1.31706155
-21.03540977
1.98353809
11.39031518
-16.51935306
-41.75156406
0.03332389
1.39882512
-4.94384910
39.10600742
-27.63570354
-40.17599286
-56.69605510
-17.33192527
-6.12978971
-22.79488590
40.14666526
-3.97718324
-3.33230922
-51.38308881
-9.73140684
-7.40088335
9.48408909
-10.25779562
-6.67759017
-12.66835072
-17.66230816
-3.00181873
-22.53842236
