12.48996966
18.70025963
10.14409690
-14.36484765
52.03115248
17.25559480
-5.69301354
-6.21628830
9.06938617
46.69301120
37.45215882
-22.69771066
10.03614132
-8.77548510
-0.35688296
12.21740908
-6.32243560
-0.60391740
11.97059782
17.16602282
5.97275668
73.64635250
11.82715552
3.54535955
17.90090842
-22.61340814
-10.28447705
16.15300652
15.32513103
14.35755885
27.78766052
13.93740493
-6.99136838
-0.58763750
-7.47551700
-17.94375988
-3.02198739
2.22529607
-18.17536831
-13.24805896
-7.41183909
0.00000000
71.22704487
-1.98886307
33.52299711
-2.12367508
-14.69914831
-14.29173768
-20.36293916
-10.48846337
7.41479745
49.07750705
-10.50338501
-3.87492058
7.85478686
-31.08839148
-35.85024291
6.47630905
13.96853542
5.93310939
-4.58332191
10.22736580
-31.12954073
9.12699621
4.47347821
2.02963399
9.51951173
12.89128405
3.71925307
21.57370013
59.65781589
34.79177843
10.79965774
21.16706759
-30.27327515
-4.86146833
12.17032047
-10.09403328
-19.88177766
9.08100156
4.16452177
-10.95501726
-19.30182068
4.05291110
4.61760714
6.53122995
-55.82013124
17.93605204
-32.82272337
-42.76368369
-2.78480553
-10.32961011
-7.70814216
-29.92493947
-25.14843554
3.79885490
24.45440452
1.35760503
6.42218527
-42.94787167
-83.51874800
-62.51949219
-22.36572315
-2.33524313
-11.20392745
22.55593282
15.84779184
8.20142800
-6.42986814
-9.59728395
-40.27209336
-13.25735060
-27.17336107
-10.41866280
-24.85166086
-20.39322650
0.00000000
22.60890648
-3.93383054
13.13877960
-0.87256961
-31.00368832
4.17736831
-20.96376775
-30.17470862
-5.84046530
-1.45474163
-18.94706045
-31.48001326
-11.61849823
-106.44802170
-53.39205030
-40.38548983
-7.80052928
-35.13236405
-16.28615956
-4.34360145
-44.77674765
14.48954935
14.26393415
-14.24885252
-6.12594671
-12.26419496
-17.66755021
1.87044397
25.74409081
-3.12288760
-12.13687580
-7.66739195
4.60285772
