4.12231817
-0.87547144
-13.34613461
-8.71494099
5.92637505
-22.21196159
-12.31826639
5.93551400
-37.02113487
-33.06709998
51.45546649
-0.60743511
24.32385401
34.43880002
-0.84562138
4.83561866
1.15320489
-17.42759865
-18.84672979
21.65936345
-11.39236206
14.39514981
-13.54081625
14.66614365
18.56071448
29.73668210
-23.45560876
-6.38170987
1.64803837
-26.13502344
16.11627453
-21.01378871
-29.89773168
-6.92599927
-8.85255023
24.02443097
-0.42782375
13.74265744
-4.29138179
2.59266007
12.46878508
0.00000000
16.75716480
7.36054696
18.26527665
14.98216518
7.74769423
-8.25417026
-9.12263362
-1.31876270
-8.68253116
-3.93218858
4.50582962
0.48099919
3.69256827
81.16344596
-3.51305440
-2.37041753
7.87553239
12.72113709
-6.96833775
-4.18236744
25.46115328
1.28384168
9.82817506
17.94922745
-12.72401414
-1.76388480
6.10975435
-14.92097845
-19.12382931
-11.66682706
10.50620993
19.60211426
-44.10453080
11.19226344
-24.47396324
-0.81817581
-17.44777011
-34.06264340
-8.10094157
-4.87349483
-1.07384608
-30.13727267
-26.57222273
18.34625103
-7.56012903
52.69559417
-4.42819267
-32.59709516
-19.19474173
-27.36550759
-24.61633081
-22.71482421
-14.22792700
-14.68850961
4.90542620
-20.16413401
14.21366761
-31.77547935
2.33305556
-39.57389006
-32.62489705
-25.49257034
-38.82225950
18.93776707
-6.71131588
-7.21278404
-12.87816381
-31.65760053
-1.42623256
-6.93129632
17.70390456
5.86071986
-10.72640062
-5.45265619
0.00000000
-25.76660818
-20.89481002
-3.63028786
14.66574475
6.60357249
-25.16290818
-31.39355734
-14.27974400
-19.62328188
-10.80287475
-13.46249340
-16.47287544
-25.11685163
24.51712728
-24.54641289
-9.13472219
10.83272727
-49.38196282
-3.07366062
-11.73573308
15.38005293
9.98198125
-16.61358236
2.22285561
-12.48236485
3.94873210
-11.42654743
-12.06716904
-16.64609289
-28.91208461
1.37561699
-13.48193788
-2.33302631
