-21.49383006
-78.51709360
-70.80797903
-42.11799642
-19.29847497
-26.89000443
-30.37912597
-29.06600879
-51.73586280
-84.70602011
-205.55003028
-34.03829720
-24.33424808
-2.95141964
-34.74786644
-28.84299463
-22.61946754
-15.84894929
-77.50670065
-115.18614597
-60.46402183
-171.70746826
-15.40845630
-23.05794007
-50.89118441
-29.02242579
-72.88350138
-68.63777509
-70.19776597
-89.26280110
-25.82734041
-25.65654914
-62.12153816
-47.35143126
-11.91412686
-54.06973169
-32.29571368
-40.07982099
-28.20183442
-14.65956372
-28.65477168
0.00000000
-145.94820560
-4.71919367
-139.05237847
-41.57111636
-42.37206681
-23.61003567
-24.58067755
-20.03187187
-20.81931475
-99.72117235
-21.85436206
-18.71513204
-13.56990690
-5.73370679
-63.85790258
-87.88858528
-154.59716090
-51.12879271
-47.34807044
-47.54987965
14.86600049
-17.04035571
-29.45780245
-118.33716932
-41.07081588
-22.83795474
-18.55440079
-27.80443948
-43.84200446
-28.03856250
-22.61413054
-16.68016912
-75.24587094
-54.00650425
-75.35519921
-67.14646032
-59.62452190
-36.16663738
-20.44118636
-14.92036143
-23.61688209
-53.21339271
-58.17935481
-172.44942544
-80.09379992
-52.65767305
-54.41475827
-77.18096643
-30.17921476
-53.95046334
-37.11227805
-14.60135962
-90.80002239
-69.41005027
-139.45350822
-22.42516001
-59.35225738
-92.20772522
-54.61513240
-68.43765398
-68.20382182
-79.44017099
-64.21821236
-19.76540810
-16.38161985
-90.07558180
-64.67257952
-29.25977359
-60.39984239
-26.69158140
-56.99190022
-27.45148392
-47.16507211
-33.97762279
0.00000000
-173.64433293
-32.97134655
-110.59546484
-51.42743991
-29.31514061
-25.55733162
-44.37006636
-45.53931135
-28.60874475
-89.08585539
-36.17381399
-49.34532413
-30.10423580
-118.55747076
-53.87197624
-104.99065062
-123.97704382
-101.74735642
-41.77748500
-45.13732672
-39.80747074
-24.10922554
-31.06609028
-93.44573928
-24.93064863
-27.55458644
-23.36532988
-24.44315905
-43.11295945
-40.72768590
-40.43073610
-70.75361229
-74.13578990
