18.11294107
51.67884743
40.75270084
21.17991210
-1.77660625
25.85524212
19.90861385
7.70405131
33.86634485
54.97504031
80.09684679
27.02616402
39.22147763
24.85144004
18.37471615
25.15191302
-6.46994974
5.31889598
30.59692963
42.08403608
19.59401843
99.33732127
6.48305213
15.26065490
32.98702137
8.44844450
38.23526194
45.12172289
44.01234706
42.19048793
13.42271809
10.83592055
20.63236288
7.21053689
-3.60068626
6.08774552
3.89957906
18.69448194
32.95487841
16.23205330
-6.08057211
0.00000000
128.64749387
-2.05796655
83.50441265
16.07776992
11.99668385
15.80063401
12.25583217
-1.94520097
-2.40328573
46.68891158
4.76706924
2.69918282
6.70523381
-3.55962613
27.68687974
63.97417657
55.55608683
10.11587284
7.08707502
13.99973456
18.59456882
-0.68995305
10.65038786
41.66822721
22.10776342
20.23691143
8.13709911
9.45984618
28.28567965
31.30407148
-1.11136152
17.68549043
26.28897700
20.40587674
63.79207832
28.40779253
27.02814374
10.18887992
4.43058794
-0.66792372
3.91262841
18.12411400
29.11198844
68.85666759
39.01848705
83.06789162
49.92952420
18.07830867
19.44027173
9.83188860
-7.57993886
10.20389088
57.96614493
32.19251162
80.77511641
-1.15098538
32.30062719
40.84940648
-20.79586095
39.35083946
42.22245327
27.94318562
31.92887515
6.97082901
15.56936771
40.43839555
24.62364640
2.60728647
0.36458979
6.04676974
-3.99453009
33.27051385
33.26505801
22.16086489
0.00000000
128.19280256
-3.72863914
62.33146407
19.34740184
10.05754961
0.02384257
13.56689168
0.23637201
11.00043622
42.14427822
7.96701676
6.32266810
8.88058822
-34.81816553
17.44053829
81.73664498
49.41014646
52.94516275
11.21058368
18.20706380
27.39190175
11.31070062
13.24720206
37.59494739
5.38976861
12.37701026
5.21034362
8.55391194
17.28311905
18.38542456
-6.53421220
34.86012727
33.54503173
