42.53885911
3.36484956
16.64826290
-6.70835489
50.15731538
17.40022639
11.17601841
-0.96701516
26.09254516
47.62495006
-20.14650570
-6.32578729
-9.31591888
-10.15608801
28.92674670
18.11564427
3.69704970
-4.90389114
4.93565075
-51.17589553
6.49017789
-5.31295747
7.18303324
17.70638352
61.63595453
6.52400127
47.63315505
9.35299913
1.27914030
54.03349576
19.05827067
10.46974276
15.11057262
4.05228208
-5.61708419
15.91796701
20.74021428
18.78171479
-20.65122707
-5.04868067
5.53313724
0.00000000
-19.54450831
24.09496751
4.88439968
1.74983385
22.70676603
5.07901623
6.81010292
-2.37815517
9.33025544
1.70144076
7.83539441
25.38947556
18.06451602
33.62762174
27.53960320
-34.37102297
-19.81998231
6.03378880
15.79756452
14.27175526
9.29581452
16.88636085
13.73185231
23.17758684
10.70831670
13.00654853
-7.11790116
15.82257140
29.28995798
37.40001371
15.23037204
12.99931269
29.95009667
40.55948608
-3.55968176
11.51234240
9.62266205
31.07083895
20.58476470
12.87061623
4.72532600
29.28739416
24.58943327
3.95740730
7.87988792
13.23775074
9.21219937
65.80374781
30.78888916
10.23000353
6.67135541
47.51211211
0.66109185
7.79712796
0.39231937
13.23114161
31.15074373
70.10409336
22.05547608
55.93758679
36.46795497
21.05998118
62.79863159
13.91778448
6.20898876
32.22565763
11.07579712
5.56697066
21.73155425
16.50242413
19.05224942
-3.28668563
11.60072739
6.27623998
0.00000000
-62.08224498
10.20720647
14.67285762
13.72678396
7.10462020
37.34932759
22.25175808
9.36801920
26.48979872
-5.30847166
28.24547053
48.83836062
51.81698157
27.19455182
39.22194457
-38.03594340
0.67566229
51.92343780
15.11037010
11.55356715
16.58881962
7.52639108
28.40552296
23.88317386
13.25672094
16.82892676
13.00973555
18.50267744
32.05889069
22.91587618
26.52090690
33.13336918
21.14771083
