-10.28767998
14.38323849
-14.77032388
-23.11825675
-4.57731023
-7.52511781
-11.02506481
-16.53977735
-3.06480141
6.83644914
3.83608801
-17.36474954
9.94953211
-15.77930891
-0.23639246
4.59004584
-4.37022152
-5.32191586
0.54731683
10.09616758
10.11727557
46.03992898
1.29178286
-10.12264544
25.03613097
-24.15512538
-6.90908400
-30.90056148
-19.87822859
4.75861483
-7.83265899
1.48917976
-15.06798469
-6.91543253
5.00725600
-13.60748957
0.19462764
5.16958401
-16.76788092
-15.33687675
-6.59038505
0.00000000
71.15713593
-2.26051808
17.24232465
-22.95285352
-16.29539417
-12.20124805
-3.42034025
-7.53929644
0.01975204
20.15785129
-17.67434427
-7.41034149
1.19477012
19.74109729
-1.68169114
2.12411747
-25.27618206
-20.92640293
7.08959814
5.56489203
13.97165292
-12.80502294
-7.28016038
-9.41304110
-5.66489933
-2.88022323
-7.49411459
-2.45594775
-1.45355000
6.92665470
3.97990711
10.79644553
-28.32138386
-25.65339812
-5.21277711
-29.74247760
-22.21909576
-18.42217401
-6.38327099
-12.59048128
-12.62919522
-4.88223016
-10.88868356
-30.45300600
-50.90395979
-20.62412266
-42.53838196
-40.53101982
-6.72487526
-13.18357086
-18.49388251
-17.74353108
-28.93167097
-2.22975844
13.16124062
-12.59012326
-23.38655338
-23.96088688
-28.25551471
-7.38508059
-25.59431934
-30.54845474
-18.47130024
-7.22056280
-1.20449257
-26.35764883
-13.47069091
-10.09844194
-9.53861377
-0.52209013
-30.96084364
-12.02866511
-21.56860532
-17.57938882
0.00000000
17.97909426
0.88013007
-5.90163463
-27.69925032
-22.37114606
-16.52857313
-20.23190061
-13.06484895
3.72325524
-20.24571719
-38.35011801
-26.77768860
-14.16250043
-80.21886548
-29.18437623
-54.03416039
-33.19287082
-3.89858494
3.44977601
-5.85084705
-19.79056061
-14.14382073
-11.18166736
-23.27355590
-5.52914756
-0.73249807
-30.27455114
-1.95717936
-1.83073949
-1.00995653
-18.92874388
-27.63902726
-18.10620852
