-20.16934661
15.56982889
35.11125347
13.99538843
1.80340648
8.90586031
35.87841129
21.05151712
2.87829646
43.24427791
64.94416708
24.25691639
4.42224514
-18.67069985
-15.73894336
-0.13429377
28.44953853
25.81413999
47.65214267
30.72989841
12.86294722
62.74792465
-4.96675827
-16.40377082
-105.32559522
18.27982027
25.97440617
5.45373267
-10.72636164
37.54412026
-8.70938735
1.92446182
33.97017977
0.28272094
0.00224860
12.67997910
-7.45556448
-55.76869030
-0.86754883
-4.59979103
14.80318060
0.00000000
40.14353014
0.43867954
57.50099470
-0.08689364
42.39470480
13.00464577
28.24725297
22.33864475
-6.04107957
7.50558923
-22.22929116
20.22563719
8.59338768
-51.35823823
-33.71578444
27.33937201
-0.95624451
13.59837325
12.34544156
10.02338880
-6.67068177
3.96251008
4.52116763
61.78070213
31.49786317
20.96060032
-3.49479516
8.69522245
-6.82051416
-21.99587112
-9.73079405
-33.83579968
36.18012604
2.43777597
41.95666202
29.84553495
7.21087793
6.54974170
14.29298891
21.91508464
34.94573948
32.13726262
41.76868017
49.36952660
57.23592786
21.37800630
12.85952356
4.54070734
23.89018340
18.38764619
31.51278808
69.52769458
53.72701337
19.74574663
54.79671054
11.19666068
-12.04637759
4.50238572
62.26561375
82.55535549
29.87944565
-9.13728763
60.51049260
2.17390024
1.93669025
34.25625972
0.63939917
3.26983556
30.95862610
9.82486166
22.04738918
13.77762433
1.72492572
18.21104791
0.00000000
101.63920286
2.48329881
45.22860084
-4.36768241
46.04390245
-0.82873356
27.03794399
30.53822585
-1.22990598
31.90258782
-6.86239288
31.23872663
34.27990790
60.72378650
4.82448197
22.07466786
15.40223053
13.54411085
17.11140253
6.47355157
21.79072802
8.19724525
-13.44099176
44.41160694
22.50416494
34.20099656
7.16249093
15.46255522
13.22606049
22.13237064
-0.88002631
18.80350700
28.18426996
