-45.03463358
-129.58951409
-50.92095744
-17.97407357
-53.12575120
-14.22535211
-6.22059059
-16.96716332
-50.04135336
-83.45701136
-176.60646750
-28.28372453
-39.12219892
-55.16178301
-52.62154146
-36.50436410
-15.80658296
-13.71995108
-116.04944113
-155.27556372
-63.01347645
-162.00318638
-11.63612818
-26.74946276
-184.26287010
-29.74213841
-86.77197956
-51.72656027
-37.13619237
-99.93877485
-19.18849838
-19.36432905
-35.78609697
-38.58267684
-20.65352153
-23.39940779
-31.31342809
-76.99747596
-34.91855680
-28.68933103
-15.32359942
0.00000000
-215.71488904
-16.35100600
-91.56434522
-32.31031618
-44.11165645
-12.59059317
-14.66308381
-13.34357222
-8.24153122
-119.56113200
-43.52459589
-19.41598888
-35.83951742
-87.36173234
-97.64869233
-136.49075948
-191.05782335
-53.85906622
-42.46783373
-51.38948870
-27.44778042
-12.21203246
-12.15308750
-93.91133744
-47.33714894
-41.72321192
-43.97690433
-22.57212047
-38.19962991
-74.65981544
-30.68199196
-62.55173262
-33.63168325
-24.35661891
-103.28926297
-33.69385749
-35.25958475
-20.33215662
-4.04768242
-8.65435473
-8.47173835
-34.30311840
-53.04607062
-157.85697823
-7.33314452
-1.36712615
21.87142294
-27.70086075
-15.87052088
-10.99680947
0.44824498
-53.16374116
-140.78389143
-57.76374731
-127.62185163
-13.63116740
-14.11230381
-78.08235277
-7.63205923
-38.65784793
-52.43954033
-32.10462302
-40.66722738
-7.13717210
-14.49544707
-75.61124258
-46.40377740
-36.31384947
-48.58979153
-15.77247361
-35.53737695
16.63901184
-19.09542932
-18.13094741
0.00000000
-229.23110629
-8.65396522
-80.99774614
-39.80839461
-10.84070379
-18.55760440
-15.32624799
4.39497211
-11.21301126
-97.25189832
-17.47338973
-13.68107903
-25.50260607
1.38351775
-42.69844988
-154.21585106
-145.19071227
-60.41036843
-21.37041828
-44.45518427
16.20758844
-11.39923765
-17.45262612
-78.19401654
-16.80151957
-37.93524051
-12.42506578
-21.11145714
-26.32578339
-20.57683636
-25.84853553
-23.37325242
-66.78985123
