-17.61327235
12.12774333
-0.71730772
-9.62696626
-50.55318091
-4.32061968
5.36670930
-9.99167909
-1.69349623
-26.11730207
38.72702336
16.15737853
23.81343626
21.47963517
-17.10802204
-2.89156530
-14.13322766
-19.85651181
-41.77768951
0.31224586
-0.33677390
45.29497667
-3.38409303
-5.32028447
-34.23282348
-20.80694437
-27.15297452
-0.17883181
4.87779616
-12.94892090
-17.99455090
-13.66101379
-19.81730613
6.61398354
-16.86205161
10.26182027
-10.99063344
-3.88677958
-0.06383322
2.31998799
-1.37364507
0.00000000
45.87077216
12.21333152
23.87933670
-6.38898549
-11.41366768
-13.80412568
-7.89761540
-1.65473799
-1.51591070
23.88894290
-11.96946735
-2.69048345
-19.94368738
18.67931180
-0.74599549
-2.30015128
-11.23271554
-12.39954146
-10.73421860
-0.67319375
22.08626712
-12.08128976
-6.88723097
0.38001844
4.64300058
-26.93771952
-19.16465194
-12.63912550
-21.13905202
-29.99454772
-17.59059082
-27.76253542
-2.38077146
23.36270472
-36.58650330
1.33570423
16.32453840
11.99221794
-8.39998517
-1.87033011
-1.76660604
9.38809951
1.94437962
19.51065890
12.19638743
3.08996864
25.85020644
25.09041972
-4.22339004
1.57327444
9.77763071
-63.47978635
-7.99410905
-7.83469983
38.31637691
3.07965233
27.83882980
56.18556228
16.37675757
-0.36686344
2.23227541
-5.13993884
-5.13585609
-8.56637142
-9.83516328
0.31510176
6.64898225
-2.64345872
-4.36807791
2.21520708
25.83180606
3.97389363
11.95752098
4.79533633
0.00000000
39.32751677
23.60400071
23.58857284
2.10191135
7.56144450
3.67259629
12.47884242
13.13456371
3.12534259
-12.89172542
6.49932095
25.32812589
-9.61600395
101.69267384
10.20995445
-28.93382920
-22.79740932
-34.61283569
-18.17341496
-3.11679133
47.64598035
2.24530780
1.06734918
5.79365172
3.19296312
-8.27275609
-15.59678389
-15.96539916
-18.77205341
10.62619549
16.31433589
5.13359345
0.80512109
