17.82320715
-48.53629746
-6.52260870
9.02594378
19.31584140
0.34035686
-3.89003338
-3.56567028
-2.38581314
-2.70385954
-74.90284967
15.48263366
-10.31075003
-5.78041721
12.26968869
1.09330856
-12.11065704
-0.89235545
-15.02327748
-49.93335881
-20.89140361
-37.62091905
3.87583112
1.33395274
-30.06298406
23.36887164
-1.31963403
-7.80809000
-3.46366840
-7.04990835
-0.93907024
8.73183211
1.78350121
10.49033690
8.06301401
21.83196579
13.39837470
-7.40996596
-2.13225838
-5.51572425
6.14545463
0.00000000
-84.87829694
8.45385861
-9.07097832
7.86625446
6.50460594
1.83441561
-2.00109343
3.43149369
3.88366599
-48.84759424
7.31145930
18.84923826
4.99093506
14.58438979
-5.25047627
-39.41932073
-39.03767648
10.34796365
-0.93178378
-3.56479715
17.47560448
1.18730914
8.98173346
-9.00263683
-7.31950598
4.13390999
6.25691084
8.00012155
3.82669770
-10.83347886
4.47985340
-6.37576042
-3.71739400
-6.90264089
-5.51848278
-9.56457964
-13.90166586
6.73417317
-0.23996064
-4.42278521
-0.69686318
-13.86276364
-19.19633519
-75.04880463
-5.92036678
-8.25670978
17.56994155
-29.25414490
-8.55207383
-6.41609904
-12.80239846
-12.86987831
-42.08683431
-19.79050382
-37.79340205
-7.30672063
-13.69022554
-67.53261708
-23.96350607
-14.53236193
-38.93140189
1.34733422
-13.32418861
-15.33416686
9.21112890
-22.39886459
11.41795321
0.26836203
-14.51891471
-4.79650743
-17.39711832
-3.60969560
1.68397719
-9.24901960
0.00000000
-35.54056429
1.63997842
-20.53140071
-4.96521471
-1.66207947
3.79087322
-4.10084884
-2.57840195
2.98697201
-1.59748537
-18.82486509
-1.98108950
-12.05686866
-30.24427633
-38.67280486
-45.80267993
-40.51367774
44.40812008
11.60569798
-9.09904343
15.71181338
1.71626217
-2.38742225
-26.52090082
-6.54796211
-4.63917114
-7.44270526
8.28475713
-12.72029832
-18.30298632
-17.06372734
-10.04204415
-25.01814118
