-10.54984883
-19.57202845
-34.48633015
-14.63512233
-18.72944896
-24.39493393
-34.57707195
-16.69412292
-2.28429449
-26.29013199
-58.59556444
-43.32203050
-52.92715342
-12.12883786
-7.03636904
-19.17958331
-5.58991678
-10.27038147
-36.09288967
-33.21488458
-47.47468078
-64.66565051
-2.37471428
-5.08746013
72.50455785
-4.95170730
-30.78133126
-19.34552424
-40.66213789
-32.99659256
-4.18085049
-0.72979343
-24.19848341
-33.19378502
-10.58636796
-61.94081472
14.87327003
39.79207199
-20.30679847
-10.89028107
-18.51519231
0.00000000
-66.52399020
-17.08754797
-54.12801339
-23.68941205
-24.15943044
-26.71150418
-7.34016409
-13.15762630
-9.53084670
-0.97514210
22.00755220
-35.43662127
-1.63914312
19.02692529
31.16991447
-57.65446246
-33.92149984
-42.82584365
-31.06387801
-17.38041885
-13.97560518
-7.95500793
-6.42735739
-67.36247365
-11.33525129
-9.53422728
3.48571584
-20.90139273
-11.01890580
-0.76236827
19.73822898
-15.33554464
-17.04041964
-16.06511306
-145.50379908
-39.63508185
-33.42929728
-42.85977414
-16.41277284
-20.20905655
-12.73348701
-22.00285644
-29.99147010
-58.66489314
-67.16340282
-73.30061611
-24.11086207
-18.85241991
-15.59850135
-20.14653493
-22.24836126
-57.30332838
-33.35193768
-57.44061807
-61.04867987
-7.18939338
-3.88764153
12.12387941
-22.27587770
-72.46447010
-47.79800580
-34.92480749
-47.84818459
5.58175901
3.01201381
-32.76268371
-15.80893816
-0.70936685
-34.16634005
-4.14846951
26.90495867
-45.34047278
-15.60539020
-36.81669932
0.00000000
-134.60940271
-8.38517294
-41.29224993
-20.73717648
-29.52595734
-11.33843316
-19.92109005
-33.79745608
7.88872984
-60.21258238
-7.32284530
-50.39765866
-17.92600655
-14.08055098
-6.89448541
-78.42462706
-63.39963748
-106.90132547
-22.42298788
-20.62148828
-18.25948906
-9.33561324
10.85389937
-64.45320068
-9.35987799
-31.70437415
-7.11750548
-24.54217214
2.48523538
-18.32842232
28.82246387
-41.79038204
-23.11155059
