17.89117758
-57.09175323
-1.92638660
11.20422096
24.90064757
8.39522958
9.45576565
0.46618050
-4.29227533
-1.05898952
-51.09541470
22.40398651
3.24774089
5.93710332
24.07989670
4.62373880
-15.97910537
3.76588386
14.32860210
-34.10164159
-13.81261642
-30.23794920
0.48672228
1.91297263
-6.53657950
25.53267613
26.35794173
-0.68658253
5.30932989
3.39785842
-12.01022408
-3.00209529
11.05428639
11.62246373
-2.65142434
22.58137443
15.94431914
-12.22681813
13.84288259
5.80548717
1.95346057
0.00000000
-82.02659477
-0.72069033
-10.77876771
8.24045123
13.99855767
10.80005578
-4.52372006
11.06864203
7.39359689
-45.17736147
18.92421226
26.89893919
16.83221583
-1.79567041
9.17623662
-34.36603946
-18.38530199
17.61121948
4.30798826
4.41024218
27.29420701
-1.46037445
13.26752525
-3.20378994
-12.48002985
21.87904084
12.84019311
27.16853823
-2.77821967
-13.39570804
12.19006633
-13.34533412
12.35192782
-6.94959979
-4.83949360
-9.00720104
0.70350024
11.92989207
-0.21046239
6.10549394
4.77104420
-3.31334780
-4.91112429
-47.44953303
10.86209673
-37.29957321
11.14273326
-11.42789270
-1.78583855
5.47810750
-8.55957949
42.05944715
-16.31106626
-22.32492715
-30.14168958
-6.39418977
-20.69309674
-64.07702806
11.92857108
24.12626308
8.04665480
7.79850241
16.68222925
-18.07051945
8.35567340
3.00266774
15.17901050
-1.93949093
17.03037203
0.13900460
-4.04348967
-3.37431466
5.49827711
1.11414917
0.00000000
-72.08880891
-8.42692074
-12.30149747
2.10742896
11.10278733
2.95093977
5.18152590
8.47810705
-2.41165405
-21.24108028
-2.02938482
10.98796965
11.18972525
-30.73845080
-10.30902696
-44.97507032
-10.93069547
75.01818673
28.03164751
-14.32116363
8.88212939
0.99616039
1.81267076
-16.24572405
-5.07618293
23.09132992
-0.10657436
23.66059700
-7.99956220
-18.66433800
-5.27567611
-7.80223069
-6.50147192
