-20.18240130
45.87634217
4.85109380
-12.47417507
-40.84985724
-31.17294741
-4.12078485
-2.21590531
-36.53463644
-41.26228052
-8.17626460
-3.74338653
-17.88721048
-3.70238254
-8.54086863
-10.43801458
-4.51669229
-5.69182168
51.95782171
11.61415343
19.34050431
-9.99498064
-2.30548739
-0.45371298
-20.53227955
0.89361336
27.16496435
-22.30164087
-4.04904844
-37.69411787
-0.95281041
-26.35952883
-23.34183983
-10.33060001
-12.13270184
1.31677206
8.81029115
10.32797741
-7.04319885
8.13234382
0.62069741
0.00000000
-40.76698501
-2.59435198
-14.81011570
0.35079868
-16.14298121
-7.49948673
-15.22803300
-1.21592002
-5.58087785
20.18116558
11.59345541
-15.38604826
-1.95291966
12.32201576
27.91920094
104.95037948
92.20301074
54.10135173
14.03321996
13.03394864
-23.71995344
6.36760327
6.32010519
-1.51728466
-15.66370220
-6.92982643
4.80939503
3.23462357
-45.26280210
-40.50869212
28.16762124
-13.76076390
-18.72251829
-18.96292165
39.15647644
8.79036219
1.64828837
-29.24062007
-10.60745687
8.28579645
2.50643711
-33.89839436
-18.80966572
12.13552083
-12.29058454
-55.09863520
-42.81389019
-20.68751311
-17.67216620
-19.40520210
-19.87640350
56.55304789
10.82544130
29.20237404
-0.07550791
-7.00909968
-25.77719082
-81.04063127
26.11089343
4.17023809
-9.67482641
-0.97104864
-15.12217458
8.00889666
-7.66137528
-10.93272833
-18.57311469
-25.09346422
25.07789378
5.62065057
26.35126797
-24.91441825
-32.69967761
-15.45992265
0.00000000
-54.86240527
-24.78314252
-11.41676106
5.66616160
-4.90242225
-15.21039504
-18.93202905
-8.60307168
-1.41374114
10.29632886
2.40634882
-14.17689307
-3.06161533
8.07801808
28.24106044
82.06759689
116.27545043
18.56988777
38.42037871
15.39761099
-61.51718586
11.50226730
-9.39260412
11.54191776
-11.51788359
10.57096300
10.03091492
19.52360397
-23.50387573
-28.21966948
28.17241873
-18.42979960
1.61711771
