11.27601009
-20.13546539
-22.51004315
-10.89666225
19.60868114
-17.18168050
-10.98176927
7.62661779
-14.16355819
-44.28364729
73.84779179
7.21924408
35.64604391
51.19875897
6.32309159
4.26805505
1.80082957
-7.57942195
-30.15679754
55.86807403
-26.86613033
-7.13301292
-20.88677209
15.91196572
39.34653735
34.54588826
-19.64368806
-5.99497279
-1.06912774
-3.33036250
17.77015174
-13.17088472
-32.25710646
-4.13838746
-9.12700317
32.99464050
-5.78705180
21.36439179
4.33041565
15.65656737
9.57967317
0.00000000
26.07413806
4.94947307
-1.75354511
16.93954922
14.66024722
-5.16577178
-16.98481428
-1.03335510
-15.90692194
-25.54893278
7.53396469
1.84367349
2.99248358
72.79074161
4.39340477
-40.83766044
-33.25007043
-13.18800810
-21.96884468
-12.97303625
39.10429166
-3.18721016
9.58194356
19.40853920
-2.64498932
3.67561150
10.97361821
-15.67775935
-14.59912019
3.06572523
1.87958803
24.34183413
-41.89890178
11.17080928
-66.66186468
-7.36058901
-27.94291270
-26.68061573
-7.82742275
-2.00935774
1.70065171
-13.44267177
-24.23624627
33.61919842
-2.13468580
44.62628980
1.63280368
-22.09324404
-13.10738536
-25.26860141
-12.63670034
-38.65826243
6.86630084
-36.34661300
1.86663747
-25.32428691
11.27164660
3.22744238
-3.56197531
-45.21199839
-33.24574679
-25.52856692
-32.43119275
16.95931217
-0.86263946
-13.78067941
-9.53160703
-36.74390507
-7.84947999
-19.72717078
6.58485627
9.41589947
7.52295884
-6.11435582
0.00000000
-30.61072169
-29.39908356
-1.50497377
7.83542538
6.95398878
-15.22745663
-26.31070247
-14.54315590
-26.18978549
-30.51324989
-10.12215288
-10.28669345
-17.97124888
23.37815690
-33.87473959
-48.72187633
-31.79816061
-75.67729920
-33.56151353
-20.04215820
16.59117507
0.10877848
-10.03405788
1.27590131
-7.80417306
-3.67509247
-9.08025969
-21.20087055
-3.41465173
-21.26890178
-5.91359658
-16.06331736
-5.99011484
