-32.98815383
-38.36501889
-95.73500477
-63.69463783
-19.53210298
-4.77580653
-24.03174708
-21.54237774
80.34651650
54.55123195
-42.81953072
-42.62763738
-9.01981684
-6.24276141
-33.67367093
-20.78593505
-25.27006659
-35.53966166
-77.98504464
-99.46483771
-30.59344776
-9.32656974
-20.69124866
-30.35915691
-9.61733974
-96.18155100
-101.21618106
-204.46504965
-95.23080934
3.24504642
-9.21011425
-25.00558228
-66.46326067
-37.76916843
-27.66126438
-58.46356437
-30.08928667
-22.06331318
-4.66461203
-16.30785800
-36.37600776
0.00000000
-3.60522222
-29.46344720
27.86580776
-105.99276828
-20.68921665
-24.77929953
-23.48608268
-12.30964215
-16.90534673
-28.13704401
-24.98680021
-32.28897066
-24.65969126
-59.93841199
-53.89625402
-43.40865277
-109.02425058
-95.07522563
-23.25222552
-8.29632238
-18.07278573
-20.68809577
-35.35774896
-17.98184272
25.90908919
-100.44297356
-38.11156248
-70.45182084
8.07539748
54.80215300
-26.43796052
6.18121184
-54.90340047
-11.97986554
-73.88569082
-120.48889547
-51.99037473
-15.45193566
6.75297130
-16.75046391
-24.05084798
54.28651377
33.83303295
-61.67422712
-34.35549310
-21.35761450
-24.33026808
-58.30845872
-29.51003955
-22.54506269
-14.53766635
-112.70439903
-136.83686062
-41.55888561
-20.24282513
-21.70286526
-23.07838450
-31.57730465
-109.14361640
-130.89991860
-107.88763900
-141.35068763
-16.86661755
-4.16191759
-36.52912774
-45.74326771
-31.47646951
-17.45411955
-52.34291207
-39.59067620
-23.51627229
-1.26741767
7.80307898
-27.24569421
0.00000000
-63.75580930
-10.69685939
1.00933199
-85.28201093
-31.48721690
-20.61966103
-13.72032092
-16.15311104
-22.23435288
-41.99773621
-30.90480093
-33.37527120
-27.84357706
-94.48636646
-105.43020624
-92.18252062
-135.45711568
-93.17113347
-37.14801713
-24.71691978
-61.02977525
-21.26632585
-15.24624564
-17.69455476
17.37234391
-130.98108149
-46.29441351
-74.93354383
0.10291137
47.39428122
-36.13155965
0.13928818
-17.91542538
