12.41488012
170.23433550
85.01975037
36.43545572
64.64131649
-13.66505568
37.80786288
18.43112406
-0.35037827
83.15926808
311.91277370
43.92139274
-1.23223761
24.44345234
39.64269346
2.67970802
21.94984438
25.26068804
158.75512349
252.64275275
109.78189975
171.14414501
20.26609160
18.91803304
5.82801469
103.60888556
180.62215643
111.32184991
34.84248649
142.68338410
3.08272152
24.06090265
30.00442653
17.85350236
23.13735856
50.46040917
37.06541945
19.50558625
-2.84401635
13.97781983
50.48140114
0.00000000
206.62969235
26.16732375
189.46283349
43.96704471
45.66323578
16.10080177
49.70022177
29.18175288
20.84715707
115.05955203
36.79731989
62.52476408
22.85594028
88.15582315
135.86602697
178.62778953
232.89034977
92.53427961
76.78535751
70.92105723
-5.10207146
23.48845515
27.82014672
104.76769814
31.31953131
60.94347989
30.16543675
25.67798866
-11.18460960
4.02298520
29.77880576
16.06445026
51.98726272
47.60713728
144.80268953
100.27772275
12.35987907
68.96496218
-14.98832657
26.85598045
13.60072067
23.35181584
55.00568556
218.12466177
45.36718705
27.59848092
38.28787242
78.16310677
19.15799049
37.29122324
25.08906058
140.69161961
156.92687501
139.52229026
146.99913957
20.89769264
39.34814987
54.42246977
139.87390685
203.13227344
10.19430176
21.45507982
143.66919843
0.20006214
26.66960552
44.39504519
20.60682859
31.22841089
98.50420889
53.90304297
64.27824324
17.61716698
6.08668175
44.67356854
0.00000000
240.42661152
33.76570708
137.45696453
22.41955007
64.46790157
20.37982045
23.39628773
27.91609164
15.07238461
117.65798630
73.75047591
53.97924602
25.09586169
51.34970078
165.07961415
194.42932245
245.88929433
60.37439931
77.10102658
47.55893927
65.76761942
32.90817831
32.31093401
134.57958387
24.28535648
88.75803618
61.29576119
15.34701396
-8.77969160
54.96675626
57.43781207
48.25969194
60.35046240
