45.10443259
50.47552826
-43.99684752
-36.93436485
44.67241585
-18.49874392
-5.23929464
-12.07905576
27.10288264
8.37543329
72.02752122
0.47191514
-11.08406109
4.77614646
-4.06525450
-19.84564090
1.49521792
8.76903132
69.01006861
70.67369726
22.08375196
63.61112062
13.34256565
21.47557674
51.78100883
40.96455910
-9.03321851
-162.94816296
-76.27880726
20.50508698
7.27904329
20.14590286
29.62887042
-9.25362460
23.38827868
50.80967623
21.67076731
23.56839754
8.65930340
4.43207110
19.12666522
0.00000000
156.42376768
22.70038671
81.22682395
-76.06031650
-10.42818501
7.85151926
28.38172284
5.92932495
20.26435766
53.47731749
-4.25114242
6.72731165
-32.25684825
170.78543149
7.46291442
82.09008110
40.16514887
-19.01550549
-13.60608050
10.89091422
35.10333543
26.91677395
27.13632637
-19.90619251
16.67345101
-87.53991708
-14.72798930
-59.50381243
-15.20442428
24.15335994
-5.68950461
24.42259921
55.69787592
78.40434245
58.49671971
-14.30122659
-47.76568537
81.14312168
-6.54266722
-3.90031480
-12.27005957
30.14376007
25.63236780
75.20811955
24.98116153
62.50715657
12.27029932
68.79061100
-0.92356175
26.86517664
12.59430399
59.69314228
58.97766980
25.54002583
27.02328650
11.15874181
45.84509209
82.37526418
50.62509491
31.39824788
-99.90271821
-123.16993654
43.66688866
13.99137755
31.20312351
29.61322314
3.52745186
16.03375302
58.09097096
15.87423588
53.80410879
13.05850057
0.45091494
18.32802957
0.00000000
170.03041571
19.77819065
63.67767142
-92.11086712
5.14075773
21.56821507
29.74395713
6.32153637
15.26687897
36.80935730
21.16857956
40.62793367
-2.19949105
119.10138702
12.10589882
133.11838214
42.53023405
-29.45229097
-3.78444687
10.27433744
55.18899222
47.19234693
43.81647007
31.52224192
7.27341069
-98.12225050
10.07096525
-76.68301995
23.48052931
46.90824569
1.03618862
51.49954351
30.97095470
