-41.36924475
58.10087682
-49.51549150
-0.24258529
2.87599422
-14.14741902
-0.40203177
-13.72968839
-26.47152617
11.70195466
18.21067454
24.25212363
18.20812133
29.82688922
7.63448927
-15.32166540
14.28917607
15.06356256
38.33106659
56.70873266
59.36706953
85.40216660
10.51355593
-6.12225747
-43.28887337
60.62694456
6.81965138
-112.93297381
-36.71811860
-39.33970498
-22.53366321
3.61226253
6.48467798
-22.51054021
-0.65323523
29.78635707
12.92966219
-9.16014468
5.18353075
12.93672291
24.01064129
0.00000000
59.31389799
15.00055706
48.52190905
-58.42013266
-14.96491853
1.65600570
5.83667195
18.92149944
-5.34967865
89.95385542
6.65035608
27.14765658
-8.00224472
-73.02384034
23.50709369
106.53870404
99.89899376
45.36088744
42.17369178
53.92341378
-14.43352387
-13.72250339
-0.86234270
9.27687360
-2.86667377
-11.18144651
13.16936475
-1.50455041
-34.65239463
-54.36059901
16.74811322
-28.30284833
16.79004797
-52.58003599
40.37906102
-74.73890232
-47.06550228
10.26558917
-24.37343767
-1.43215763
-20.13067592
-19.74860485
4.71254638
-54.52120315
13.06345002
20.12956715
7.58711259
-9.52805454
-15.30112464
-0.35390033
-2.20420477
66.21186031
43.12982620
41.36548121
25.96572011
8.19572155
-26.92448051
-17.03766771
30.86653128
-11.07105608
-64.94241789
-98.67583334
-47.54988077
-26.75415878
0.43160354
-31.91295461
-53.41422195
-4.03062116
27.43801399
23.04074770
-16.66092991
18.96094567
-7.32398636
1.25532461
0.00000000
53.14243957
26.50656812
8.52650350
-76.12128317
-9.96546779
9.80726585
-18.42495506
22.46103096
-5.59480607
11.33194741
20.74764958
2.23831590
-22.53734871
1.49964735
14.80729452
97.87680433
95.22474026
-3.42857615
25.53684814
22.46594827
21.20945502
-25.86001972
-2.05452618
17.65952238
-7.53085207
-37.08072609
18.28170280
-22.13110584
-48.14563080
-31.83015200
20.01952137
-22.09537457
-41.43830769
