33.83259044
-18.11767019
20.86199040
-1.99948529
4.08601852
10.20973748
3.37243825
4.83292149
-26.73611788
-92.78741292
-166.90242083
33.82624328
21.14701853
42.68527021
29.13193427
23.12240479
2.31997640
8.75706678
-35.66203909
-109.61673382
-14.46163647
-86.61754297
5.69894087
12.23525149
-10.46883196
17.78801762
-35.23172635
14.02512659
28.34699383
-73.81369497
9.71866671
-15.69747933
2.63655633
38.46476281
0.18766011
34.22188232
8.12268451
39.34618254
17.69687444
42.18641531
-9.67084729
0.00000000
-48.00802140
15.53529313
-142.15627179
13.42939245
-6.13825437
7.84472147
3.03163453
-4.27282589
22.84650922
-29.29297857
8.36837036
3.18063387
8.42438482
63.18234845
-26.85298277
-38.66674142
-51.40766237
-11.69575813
-3.20884569
-28.74860463
25.90250003
-3.12331849
19.14656862
-59.60499739
-23.01804145
1.68340815
19.90867814
18.71988840
8.49474717
-18.85104543
14.85080925
8.13845411
-1.74287884
23.89670095
-34.23412652
2.10408859
9.98816886
37.05025317
4.09588702
-0.07786186
3.02897222
-17.63103687
-59.26075915
-145.19587301
33.99164590
28.76246499
7.92726631
17.05293534
21.39115667
10.93430206
3.20358223
-41.98999531
-79.65446788
-41.35783194
-88.75105774
8.98561911
7.84349228
-24.61864221
0.90118526
-28.86629037
22.52667658
43.51771607
-81.01922955
1.13472532
-9.64350443
1.54523837
7.49082316
-7.75930744
4.75784066
3.33852184
6.08480540
29.11464211
34.44960217
-11.76407766
0.00000000
-116.48052246
11.74982156
-113.16794452
20.56356000
-21.82707142
20.94821825
12.32812707
12.31418335
10.43012033
-41.02562765
-1.25569126
4.64563163
12.62928278
-7.23319582
-33.30278328
-77.21129318
-85.21146806
-21.24399412
-18.22601083
-14.63237386
18.58424136
-8.12523956
3.89572238
-74.91001035
-12.90730052
10.53136564
10.01511382
12.54790802
3.07430580
-41.13055038
-0.32237365
-9.41580496
6.49946597
