-74.42998504
-44.42155282
-31.95021065
33.81615770
-65.27393425
-40.13408984
-21.99611097
-29.32753454
-20.17794833
2.30272327
26.02056889
-48.77858413
-0.95151188
-23.13810359
-67.13607385
-44.11831594
-14.07964713
-37.45848143
12.68883786
20.83893797
0.83653071
-37.29286794
-36.68474175
-39.49181498
-88.85221086
-87.19235967
-55.24268328
-17.87521113
-35.89526239
-8.07630683
-11.30246645
-26.01479859
-57.02147172
-29.93738123
-30.89424450
-48.59364488
-20.92842616
-53.60200574
5.36306173
-47.09115329
-36.24727533
0.00000000
-79.10355951
-38.87759426
2.46786672
-16.22304070
-31.83607415
-45.03124343
-34.29485464
-25.64953460
-37.23062318
-16.79279201
-26.86161558
-69.73404591
-42.53322249
-119.73523861
-46.57748931
12.38872074
-20.08483277
29.15977973
-13.82864342
9.39702420
-31.28719118
3.27779798
-57.42986785
-1.40669610
-31.59421869
-61.07215037
-53.35624037
-38.91889392
-14.62768424
-34.98675699
-29.51093377
-40.83612424
-51.12651970
-49.51635117
14.59440758
-31.86270344
55.16571781
-96.35282626
-18.50313932
-8.70673394
-15.26550088
-24.00631653
19.74966663
89.49200873
-32.80649701
-30.36224383
-21.98737886
-15.93707866
-27.76120227
-23.03755364
-30.86323609
-0.07869455
69.00590389
6.80445667
34.22989193
-26.11064364
-10.73056097
-17.63804518
-28.24089607
-14.20796307
19.98189603
13.58539230
30.28039947
3.80580087
-39.17071896
-41.38104759
-44.46549080
-17.76679168
-63.88812892
-26.38742387
-44.98776886
-15.44834666
-19.31638188
-18.85398320
0.00000000
-26.74183494
-26.48086956
32.61440787
13.57990728
-24.79229440
-36.59150661
-32.02289758
-21.82325555
-11.45536080
9.95012714
-38.80891416
-42.24665116
-12.21810670
-15.21670284
-13.38321844
45.92680232
6.39467686
91.38816837
12.15538692
8.56946485
-73.38332688
4.68596643
-20.64411989
26.55889886
-17.66368581
-29.53585568
-23.06039214
-18.70176875
1.21804961
-14.99899457
-34.14316350
-34.41200581
-17.82358368
