-54.88734451
-145.97618648
-71.95734249
-27.66682967
-18.90720323
17.06237672
-5.24744608
-4.59169433
-30.30811117
-96.19006302
-304.00278613
-42.02141167
-31.92819384
-47.91673674
-60.37656223
-16.03314658
-28.32281478
-7.31431424
-131.09143887
-205.96103254
-106.38043217
-162.37461748
-11.03165181
-48.31154267
-112.70392733
-123.78229120
-142.52224001
-87.89254682
-8.05563811
-147.79636692
-18.78402741
5.03691009
-39.80036609
4.57402072
-13.79698745
-83.44817370
-36.11523170
-27.93225030
-12.27655778
-43.94353564
-45.02936810
0.00000000
-147.22090984
-16.90205931
-198.40306795
-12.42149485
-40.88173878
-1.00576666
-36.56022671
-8.54034517
-15.00866237
-105.41560834
-44.88961574
-33.62230145
-18.39506003
-206.74599202
-95.38386270
-146.35147429
-149.39969759
-81.88828748
-53.57887416
-69.71227424
-77.28068593
-33.40299363
-25.58471409
-107.54562116
-22.43040766
-38.74492988
-20.35774071
6.69433095
1.63368623
-21.09410851
-35.29438395
-35.55857858
-62.40343452
-29.78734797
-111.09689548
-85.48719716
-17.03142236
-14.74685822
9.67919542
-2.82356563
5.74577666
-23.14059708
-71.43657904
-224.21823129
-45.16309350
-54.64854430
-55.85860937
-63.67315061
-19.61401599
-46.99809939
-6.02139802
-94.35592179
-143.48239340
-108.30076588
-159.62485572
-11.02255373
-40.77759489
-59.32756172
-100.26446571
-130.61799004
4.03196296
20.74137704
-123.76193230
-12.54579467
-5.86093807
-39.66041475
-21.75997636
-15.25547288
-61.60911877
-31.83978383
-73.43038079
-20.97253787
-16.89311551
-50.22576191
0.00000000
-179.13757585
-7.44815416
-141.79947262
8.20987850
-47.68354733
-25.63521356
-35.74919436
-20.22648655
-20.32427250
-114.47079472
-54.69364199
-17.46941281
-18.52702326
-78.78270721
-81.77507133
-149.12328547
-140.56784096
-69.11867492
-44.88464227
-45.46909053
-54.60839350
-33.22175283
-40.31598680
-99.57308545
-9.24878719
-44.34061926
-25.46413016
16.08731064
-18.14485972
-34.88115830
-43.95340007
-61.53496996
-48.54941614
