12.20795439
96.01285359
143.22913504
48.05739269
14.13935700
-26.18072517
23.86160017
33.38126541
7.98243717
109.09169509
323.65424165
-9.50832668
-32.75459810
-27.58703605
-15.07825008
-0.61407337
20.00482900
-1.13075646
129.73837249
261.28511262
79.53111907
159.74449832
-0.45228690
-6.14283093
6.21101211
31.74224662
127.21224008
184.27692684
50.56775049
133.52060251
0.84185895
8.20039219
31.70385263
5.99751712
-6.67496188
61.43111879
17.42946262
2.25763331
-32.49512824
-21.48847952
37.44135054
0.00000000
117.34634123
1.97276834
168.99114036
113.12683763
65.86742338
-3.90019351
19.36834126
3.52434101
-1.24799335
89.09642871
8.68356648
6.02658566
-4.02996300
66.35668575
73.60458082
127.21054626
182.28462378
42.47451918
22.34845119
75.49358232
-33.22681209
26.18245084
-18.08081444
138.29143687
25.05352947
62.57680842
-6.40088027
30.61655251
-18.82426892
11.64376269
-1.90426560
11.02299846
66.54372658
30.93299129
111.03083891
155.31102527
70.49070756
18.14291082
-6.16279568
16.06890062
33.43945460
21.73051751
113.19016999
271.03990070
43.60279065
36.96661345
14.41825846
48.57542439
22.04579682
28.04155053
11.36196484
84.37967677
178.45344167
115.02824565
153.72850999
4.51045639
18.62307952
20.91652781
94.83563794
114.07691719
99.40688874
115.01542163
137.01997704
8.14150773
10.96754054
32.89312781
38.88659194
31.21266963
65.56044436
13.89090813
32.40708241
1.10737701
6.94393062
36.51913784
0.00000000
188.13737239
-2.41122961
139.43903041
110.59892670
79.01675773
29.25159087
19.47601219
26.89856320
6.04136018
124.06343318
38.24276665
34.04587654
16.00693378
42.64665226
74.71085840
125.78199568
179.18914801
59.46555584
40.73194666
58.60641419
19.44514585
19.48095875
9.60755000
133.81737643
24.73732698
115.15325332
34.85054907
39.06966044
1.61472823
38.15082225
6.00334649
45.09106885
18.16182082
