-16.83675300
33.00509173
-78.40403046
-27.12727302
11.52613425
-11.14222474
1.45497070
-19.15260880
-45.88086022
-10.28987219
33.23414851
43.55862294
8.60853961
36.92393533
26.90014308
-19.77038323
2.84004378
12.31782051
2.94093224
72.81205778
59.20894366
79.25270391
13.53501855
6.15533721
-27.07615585
89.81557026
6.90671398
-162.45306331
-49.07932569
-46.97561610
-20.14045575
-0.69097788
-11.48333697
-44.58238454
-6.24475534
23.76989152
10.58136743
-2.95320585
0.40391726
29.27905406
11.84020539
0.00000000
7.70726765
22.94616085
73.27239141
-96.92796326
-14.07150492
5.55393541
-3.68862538
20.89109677
2.07902759
76.71753440
14.46801678
27.73363880
-5.03762039
-49.21966356
39.36898012
55.18731378
103.27419888
23.51631380
31.79033881
45.77544327
12.24153071
-10.25025714
6.32120743
0.33871760
-9.95248271
-23.62336822
16.22320529
-13.76748634
-34.81719508
-57.60562433
20.06753468
-40.38820621
-2.03303252
-26.25658332
28.82462567
-110.65191961
-76.73446641
37.78755350
-24.16848293
-5.53788709
-28.85332466
-25.97701102
-5.48450581
-30.33265626
19.54753206
23.33643741
-5.27483049
-2.63331262
-20.64387516
-4.76757635
1.89906260
40.96289167
37.41604364
34.39059270
34.81832704
8.73008750
-16.44855585
-1.57486010
31.70695752
-5.50455011
-111.12836345
-150.67346694
-48.51743925
-26.83538745
-1.87148348
-40.44349841
-59.12693040
-4.49748167
18.43377029
23.00595850
-0.47920621
31.77247864
14.95776693
-4.31760664
0.00000000
50.45916243
32.13706896
32.53170261
-111.44343987
-20.84118912
20.11541272
-17.65108646
22.10897106
-2.12774198
24.29447803
22.45195572
12.58507726
-15.55439721
14.97035679
33.59533113
41.17489156
87.74205435
-32.56612087
17.56895386
14.89466362
34.53889177
-19.77283166
3.61631185
14.86227640
-13.83613330
-64.26867565
25.90096620
-48.20100298
-48.21389007
-32.91424173
25.71893333
-22.30105551
-50.57390189
