38.81709241
51.04041772
93.03968181
65.28613969
10.88074163
-10.14173098
21.35395770
46.61569766
49.84739785
96.28115578
100.37956620
14.72165548
0.34763754
14.80992884
30.24705993
29.18915125
40.98819554
21.84298657
21.91844935
35.05294672
47.85405589
10.02293298
11.51310981
12.43913126
85.46983600
21.19278797
125.76886437
240.69473687
78.90968480
106.92980098
15.70098338
-4.89263200
61.33958728
56.34195055
27.49890476
30.33123863
27.44899200
28.51783460
-4.42362690
32.69937653
43.12065563
0.00000000
26.28831613
23.64350284
41.02418838
153.13496617
44.76308761
4.80004318
39.37262610
10.31239952
22.04065853
17.93682252
36.72126836
26.27620039
30.99156330
168.35993915
79.11583876
17.91367521
44.18385728
16.17360728
39.76347126
10.08299969
13.85809205
16.91611163
-2.79294070
87.61489222
36.72237367
103.05663387
27.58078621
56.90585851
10.96938713
34.10657244
19.31083309
60.61228614
67.10115797
16.85199547
62.92183814
113.19663671
104.73372730
-5.97103021
-4.00577173
9.23499198
30.20746783
35.67223682
65.88498432
65.98891558
14.45988036
28.98803210
73.89107069
16.64344461
27.28133451
29.27535581
5.27867920
52.07184472
34.62522688
55.36265723
42.30589000
11.04234324
6.02576114
44.36841340
51.30338062
110.55820350
106.33181207
123.42871657
94.38688047
5.17873365
5.52131288
78.53259464
80.21938117
33.68672149
32.50767465
25.49614964
51.11063413
1.32576613
9.30365503
30.27482572
0.00000000
33.61118463
7.15148845
40.74935475
127.18046649
56.10335222
-5.16553531
30.92986189
7.75069134
9.67735892
75.15685387
41.68821461
-5.50933531
12.17934199
53.87826970
63.90831162
17.65729506
82.74612284
9.99146617
19.57072997
21.01506187
19.22725316
7.75259094
-5.60591686
80.12911602
23.90916953
110.53037941
10.81026822
55.15413891
5.22370054
28.53759759
20.02987498
55.32213216
69.21116207
