-3.26641719
106.11489639
75.79810941
25.67015745
4.49811179
-18.60763082
12.73092310
7.04544212
4.65489915
87.31556090
328.52277590
-25.62052436
-39.73945585
-58.77170467
-26.25673328
-18.65420216
9.16867049
1.77204427
119.66044552
287.43838781
51.40511786
156.91077887
-1.40139920
-3.49975908
1.21867719
58.25683842
133.02998121
41.61099507
-8.16637875
128.27258229
-4.35738014
24.50300937
53.48205232
12.92923174
9.67188812
64.33415769
0.68741969
-6.14447247
-48.23251886
-40.02284123
29.43119058
0.00000000
146.39706232
-13.78060357
169.09002598
2.30209241
42.44056567
1.26649549
28.28903924
-0.87339428
-7.24507742
98.14655765
-22.03635842
-5.59634316
-13.63668950
47.88184501
65.67223702
81.05979004
176.95579571
32.47200870
8.86217584
55.94111336
-47.03972509
24.55220267
-0.26267077
113.10313760
21.27291811
9.93666662
-29.58994761
-10.56334029
-30.24430896
20.59740427
-9.46089616
-3.65655031
81.64175265
-0.92895129
98.04427889
96.52042462
-12.12129718
3.90661118
-8.57119363
11.09575056
12.34621437
17.85188664
71.18150514
256.82322200
16.86897183
14.82901309
-1.95007428
34.89962866
1.61339657
25.02361083
20.45394111
82.33614713
176.00121370
98.20594896
134.60227660
5.87856502
6.38882656
33.35144124
89.93257555
138.03737590
3.86580680
13.95353885
147.19145206
11.59951087
25.70775567
51.30880680
7.07910622
5.35925894
71.94783446
9.15428416
20.81585377
-33.12394887
-35.34050487
33.20758445
0.00000000
170.26257669
-15.34911053
131.70199753
7.33662878
67.78243051
15.70569361
19.49811923
16.01060289
1.85907565
118.25647773
20.01702445
22.06804153
5.08712040
59.52525711
80.33890865
95.66984078
162.68639934
27.95265040
34.51459557
47.86816049
29.47199400
18.57784725
-3.99156519
128.93344828
16.00210940
37.16187714
21.72269138
-8.60444700
10.58928805
42.83376008
9.06296098
33.08572026
47.19943927
