43.04271319
-1.13660576
13.10566406
34.48246226
36.40523358
32.99234033
18.21344663
5.32598680
56.78738453
45.87088388
29.99275365
72.15454963
78.83024845
78.42304387
53.65808945
23.45917842
35.10795357
45.53761601
-21.16963706
-0.00760868
8.90011809
23.21195891
30.01856349
40.74231330
36.01246964
72.18253624
-13.35071540
-39.62446560
-4.23029670
12.18867352
-3.99801269
6.85858744
40.92263216
-12.22733140
35.70694978
15.04965883
10.96286101
-8.13164384
62.05217510
50.81762029
46.64210805
0.00000000
105.67188395
41.51495975
30.53169434
-13.92443363
5.89526837
51.35303657
30.20736645
44.87927539
5.95565921
9.31345460
43.25897176
46.08198935
28.24450203
17.87722941
18.63793412
6.33437863
-6.98047809
2.17472529
11.35816890
-5.96718533
78.63809827
-33.02269334
46.56974323
-28.41435189
44.93854734
24.42881096
41.08120269
4.52855097
0.51103001
27.42808571
-1.48837366
-1.28049554
13.85682814
55.90780161
-64.69437328
10.72230662
-31.66090230
93.11592602
9.33900681
10.65192910
2.19116495
61.48016555
29.26232904
-26.25692832
14.55322456
39.82727329
4.11763057
23.71289279
16.63653546
-2.11785545
4.58530229
-48.56625298
-41.50480288
-28.42643925
-20.97397231
2.60732150
-1.73142162
34.30742652
45.47608846
-53.76659566
-41.50025559
-51.54295271
2.15027095
-23.24850223
17.12414724
-15.20929873
-74.31537009
-48.08248094
-3.25505619
-7.42600802
-26.14891633
21.21456980
17.96974917
13.92492294
0.00000000
44.19282894
4.62723142
-0.53846560
-32.89081649
33.95049086
-2.61931233
-14.89348678
14.52136396
-9.39406736
-9.76956900
2.07835387
39.17284850
28.51436794
68.02433113
-25.67146883
-77.55097425
-50.78572649
-136.09600143
-47.94026160
-13.32825595
45.16750765
-29.63604370
20.63755215
-4.77415559
34.54759523
-12.50822841
4.57858865
-9.78783763
-3.13842671
34.51249605
-10.31560923
-17.91306531
-31.93379803
