33.68394945
70.43722019
-72.15149509
-13.02890426
37.76766271
-1.49597183
2.94824248
-13.90232103
18.61882146
-18.56005990
45.94459930
8.68613120
3.08624407
2.44990111
-3.39855657
-18.06590713
6.65072135
26.47307871
65.73996333
61.79482980
11.17882303
66.29811214
30.88227184
22.81792636
17.96754295
42.97241585
-27.99754451
-153.24655308
-70.76465670
-15.38096525
6.11870590
39.81628771
45.14106073
8.70691678
35.63036082
67.83985779
-1.86987128
10.84736891
7.36421867
-2.79706595
23.03242091
0.00000000
202.41985400
32.21582118
72.81314742
-68.48464081
-4.68249428
26.89580320
27.27859935
19.60697471
19.80333951
56.54134834
-9.75713908
12.32940047
-31.74150421
91.58248720
-11.62595100
77.89473327
44.94013690
-43.85671170
-25.35290291
14.18073819
29.46932777
24.18620425
34.37408160
-30.62536356
21.40373292
-81.26676064
-13.85363508
-60.50184911
-9.99551163
32.39391783
-18.34289682
7.07522706
67.26242580
50.43093517
26.82217078
-54.91793816
-45.53812783
64.00958065
-2.73913702
-10.62881915
-21.29567613
18.10878850
0.71100186
9.59633899
32.54794067
50.27509326
-0.29399960
22.11281425
-12.07662656
16.75936395
29.53317388
27.36072781
-3.97509269
-6.85112954
-9.18935028
18.77535959
25.99135458
31.70122147
23.32045716
-37.81285787
-106.10602426
-128.74816901
-17.56122739
12.27276163
44.74759788
24.17264017
-10.20648799
7.34503508
70.95075997
8.29160738
27.65027226
17.74505225
7.10780590
19.28699402
0.00000000
142.53086534
25.54934833
23.98390520
-87.34676748
-2.91632823
29.47835355
25.95011442
24.37541981
19.28218886
1.02023124
11.47173221
26.44440885
-21.38761713
17.01486046
-26.15220094
88.06553627
-4.71141294
-94.03439962
-25.89136418
-3.39181136
38.10161990
37.35428559
22.17389083
-13.93607724
6.66542044
-99.00238701
-0.88475681
-76.95298643
23.25525131
38.30788141
-8.29368779
24.79735171
18.21955075
