36.72695215
94.74504328
104.21263978
61.37811767
-27.92616670
9.28236971
29.07047164
17.47956436
11.10417323
62.38617535
142.45090734
32.49636675
24.03517804
37.57811853
43.97605818
11.63259181
30.98274959
23.46063832
115.60938919
154.33207536
83.36691161
81.12308686
4.48696112
31.24214429
91.19789479
62.01101887
120.69925624
63.32710954
31.36159299
77.07456818
19.68979085
7.29756056
85.21318294
86.43958846
34.13574042
117.28016394
21.91756190
78.59829597
13.26895481
9.57731413
72.13577713
0.00000000
86.82926794
8.95972439
103.51744403
10.40179137
65.13088809
39.47662866
69.11345935
21.14105029
30.91766059
68.28075409
57.76648822
12.60803725
5.89373495
52.90919596
77.78451998
82.56440041
128.03994430
110.03192851
57.71215901
39.12995170
26.52863982
6.25871753
18.65522174
70.21927250
9.68188143
47.34713885
56.26248823
20.91783898
10.15292956
24.35394810
25.78876997
73.59447098
168.00515660
68.86263328
72.54348555
66.50403186
-36.57965282
18.82592237
-14.04153586
12.10650628
18.98398024
2.86496517
29.29627057
65.87535987
0.92524339
19.43021371
48.98277331
15.78775448
9.34953664
19.75478569
19.91016479
54.47581141
74.17865764
59.12137057
23.97028592
12.75706230
5.28469105
54.05677905
53.22204392
69.35115096
-21.86032957
-37.90647684
76.31320503
0.16984941
33.04870197
65.88098248
-18.41297886
8.11204945
74.48709424
12.79052763
38.84558247
-2.42012241
-4.46165458
29.48612449
0.00000000
103.97900528
1.79504425
55.27350453
-19.04954648
29.63187721
4.26197766
10.89189756
-9.12570658
-0.34504202
41.36940478
84.26070596
2.93743978
15.45200899
0.11003803
70.46742717
44.87338146
62.75967929
73.63453832
37.20227447
16.50505355
16.71064568
-12.68739214
13.01736633
55.18987380
14.72132738
24.52583003
46.10767393
-9.31900705
-26.76820502
51.45896836
7.83580205
67.27379573
84.12687837
