13.20209219
60.69834876
4.49963978
-36.18783181
-2.73084482
-19.00157142
-24.51752830
-16.31468822
2.69405450
14.56791415
23.95719937
-12.64477405
-3.62002261
11.47754521
6.65960118
-7.95668170
-1.19493287
-12.69756857
85.00468672
35.70031841
17.61542468
10.78974970
3.45725693
-3.07698777
62.38279201
38.67869675
37.31051811
-51.39955831
-41.55990655
42.67685125
-14.35711225
-2.04988823
7.97605930
-7.25311605
7.66232019
36.85023921
14.36260379
34.09698608
-4.07090470
8.93394641
16.82719274
0.00000000
82.76485814
1.67774783
19.35273830
-62.43728746
-7.80254553
-7.15814544
9.50057579
-6.75016443
11.58527164
-3.60686288
10.41719150
7.08894896
-5.34010004
82.06208001
39.25814888
86.23184299
16.34401105
69.84415915
38.11399258
-13.62735930
12.94463425
-15.45822199
-14.48206803
0.27288609
0.48822704
-3.54860706
23.20282626
-15.82659913
-19.51642557
24.04750432
17.77504758
53.15697008
10.61086247
24.14495340
40.48293950
-5.47218219
-83.81008126
25.53095075
-16.53132564
-9.19703659
-22.86238892
11.21584512
-5.55463914
19.06726207
-25.68549571
3.61497490
24.50543280
15.41961935
-10.68967392
-5.79802945
-17.52601311
66.20548631
66.45828469
33.55134868
12.76196212
-6.18729853
-10.43947976
48.04636005
13.87638362
57.85530081
-53.31923271
-88.63319980
51.99009999
-14.83663444
4.42195424
-34.11936748
-18.96297796
-12.93712349
-7.67629209
6.22624797
29.22753499
1.83261660
-15.26325045
-4.67643814
0.00000000
72.93563785
-5.20886245
20.89996913
-70.22601006
-3.42472934
-5.58478767
-2.81801213
-22.93831914
-9.29694385
4.59501535
41.03148862
2.15724864
-0.76762048
29.52723897
65.49802804
99.90406945
72.82723551
79.37613076
33.47772900
5.32424028
28.15541972
-21.09424668
-7.94929120
29.93804914
-5.25737786
-11.26039009
12.60156500
-37.49454460
-29.59750658
34.79261305
14.05579400
48.73658241
-45.01254738
