118.06962963
9.66577118
-69.69654342
-56.79169524
57.41413522
5.36174509
-10.88031092
-18.90015314
-4.86641145
-29.12755231
-69.42535231
42.05345093
58.36572815
48.53066551
47.55312848
-0.51279067
-12.35652846
8.04573357
-19.29813541
-59.03305742
20.90241598
1.72922366
8.90380042
67.00237796
57.46331488
99.41418827
-16.39509729
-176.27582866
-61.71712762
-22.52786796
48.49192151
26.50277880
-35.14187351
-42.79108423
4.20212039
22.13978860
8.64008962
30.38186872
35.94362891
28.38690586
0.42099808
0.00000000
30.24103793
24.60999238
15.68077187
-105.27840485
-32.78130415
13.56697389
-5.97482824
-5.78178985
17.96670221
10.02155970
19.15210055
32.09587301
6.96833607
194.88862832
41.00679336
-22.22811166
7.54486310
-9.87192766
35.47638578
-1.66039462
89.92122747
22.29882867
49.85001179
-65.26385231
3.32630309
-49.64891737
7.87721266
-34.06102880
1.80098686
4.51379212
20.09096998
7.70410060
-11.72901847
74.83456495
-13.88752041
-115.38802617
-93.97890035
91.70780958
-2.47003854
-13.18445763
-21.20714926
2.93852456
-58.81210458
-96.25446977
29.72676538
37.83282489
43.98908587
31.71340910
3.04288663
-31.66872324
4.78962801
-18.74961990
-89.15789763
-22.52268722
-50.56503317
8.27383342
55.70223007
53.22892710
18.14135244
-22.10895659
-109.82696218
-105.18795651
-61.63877962
16.37052130
29.27869858
-24.50106147
-53.81461626
-17.93807140
8.60271677
1.04214572
29.75876988
19.65198724
36.57463713
-12.20885758
0.00000000
26.29266106
11.30138653
-20.22692809
-104.53057389
-31.71956665
0.75542977
-23.78746202
-7.47928182
4.40373585
-20.14605607
9.94885244
24.13906855
1.73414679
128.89807251
26.67654374
-25.25081771
-26.08982631
-84.40852289
-9.09783312
-20.99567729
42.33734420
25.90168305
44.49665156
-45.32001693
-13.28093121
-90.02252870
2.90891911
-37.16055710
2.90084224
1.65072646
5.33855572
-3.02061094
16.35083619
