10.29620025
41.93058624
-103.40007263
-0.22494461
23.22512106
14.91280040
-4.82827426
-31.27219484
17.91867361
-18.95895511
-28.11772616
12.12666182
17.98328857
5.18573396
12.96580583
-18.23470015
-0.67392432
18.00779244
22.43299586
17.14583421
-2.35114573
9.29118060
31.90315859
20.06120276
18.72689159
14.50320820
-69.97572975
-165.53197915
-72.71996440
-37.86978218
1.94003523
32.83181411
30.52472713
-3.74619165
29.16931260
31.03120059
-32.53829760
-16.96134086
4.65214298
2.52768394
8.69196224
0.00000000
147.63057964
32.95409372
29.77075647
-89.14384869
-19.26665589
19.23116094
12.38297489
17.26817135
5.86220076
17.72591762
-4.45387358
6.24975842
-10.26505193
9.68004270
-27.58839388
37.79501360
-2.63179333
-60.05542744
-34.94974652
-1.05738272
29.72391251
17.14333545
20.53189276
-38.48696933
11.95621669
-87.93712480
-12.52075601
-64.93469666
2.27896514
33.64551391
-31.36522346
-11.26320236
35.98621954
17.31427379
-31.08246053
-115.75739709
-50.01511468
33.50173275
-4.84652669
-20.67936169
-40.08580917
9.73967219
-16.17882057
-69.31237597
13.80112652
-4.53941139
-30.61779772
-22.42981982
-28.86283734
-4.77893274
12.89747019
-33.89525647
-71.50145257
-50.56057143
-45.77764557
10.43459537
-1.20046234
0.93814154
-32.31470426
-126.86229323
-106.11424690
-138.88704541
-66.94507599
2.96226338
29.47111950
-5.82881505
-38.71675378
-10.77125949
12.95507523
-16.59270628
-19.98372554
10.12074631
14.23922168
2.55807232
0.00000000
38.59433043
16.30417791
-23.53541389
-87.07162550
-36.17669494
9.27841098
4.68922779
16.96874224
7.45171651
-51.54537873
-13.01299359
-6.04017302
-18.32216992
-14.27154315
-56.41276328
-3.06217569
-84.66193124
-107.52276328
-47.15701060
-21.24510504
-9.90071570
6.20292541
2.63231316
-55.59600349
-3.28891176
-113.81095442
-26.34211706
-81.98326472
8.19396725
22.17628836
-32.21266799
-6.99040112
1.39836014
