-72.69089164
-27.97151599
-69.18445749
-35.53621605
-0.68425042
-47.56855782
3.99169476
0.51798038
-28.34666816
-28.60982568
-41.44529392
-26.41210925
-84.53443645
-78.49898923
-73.72770133
-52.37162277
-1.23174480
-8.09707230
-15.66606116
17.76731084
-60.03439130
-36.86898860
18.92494168
-27.40020001
-136.65165190
-16.65411450
-67.39778293
-111.83300770
-64.77835415
-55.59152170
-8.76809501
37.38839415
-40.31024999
-80.59444100
3.05676673
-74.18007586
-24.37434733
-78.88559326
-42.76389501
-56.42260403
-12.50603668
0.00000000
24.37703298
10.74779728
60.86209972
-51.89840704
-21.73572402
-42.50546988
-10.39241423
-9.65241275
-13.51673789
-68.83695005
-35.85859548
-37.19204825
-46.39386536
-113.16537396
-23.47628772
-27.25750866
7.23334133
-96.92779326
-36.92434676
-13.73294556
-69.67299381
40.02327608
-23.89602329
-1.80242260
-0.49521537
-61.72601248
-60.64331413
-44.82611523
-42.71000163
-32.69640061
-52.07593401
-95.06977551
-39.81582826
-32.26642230
-93.49790497
-13.67900530
36.86289248
-27.37577588
-1.78716472
27.77872879
23.31099320
4.01316765
3.96200302
21.43853577
39.96125026
27.19207310
-5.96076672
16.03578657
-18.41220795
40.64994270
26.99906782
-77.21342022
-35.06368313
-55.37882702
20.75187742
15.81653277
22.93810451
-2.97941659
49.29462744
-49.63804611
-12.38936010
8.59510890
-47.69870966
16.34404147
58.70208295
26.69412889
7.25590276
43.55885435
57.61059663
-21.30705504
-3.82837273
-9.66207167
-7.52839978
43.28349016
0.00000000
-28.87838269
22.28704382
58.03402485
14.09214830
13.06300852
-1.12919825
39.77712901
25.24479121
11.16543403
11.53751035
-13.60688049
22.78795129
-7.91655721
55.21016808
-14.41863818
-64.28225084
1.39567485
-131.33076165
-57.70008714
4.77895996
14.40585534
71.81069117
27.37098943
11.59390939
9.28028467
-17.45982419
5.24111824
3.93699846
12.85296136
-13.57827117
-17.78063192
-34.73409980
39.23016540
