-48.97672833
62.30504132
48.51714937
52.83576819
1.86851646
-2.67761800
38.59464697
22.30056497
-12.34527384
9.69485558
93.44090698
39.90003588
15.12653257
47.83738314
16.78965669
10.69061803
10.31436878
7.01651346
65.74465818
110.36320661
73.46804416
87.35025841
11.23982306
8.47509594
-43.99897478
91.65000351
76.44060938
82.88383410
34.19987305
24.96386079
-0.76947894
6.75996943
-17.71750809
0.05541479
-19.56623757
38.28100426
39.69088233
29.27327025
15.23861288
6.77803017
27.79990015
0.00000000
14.14391732
18.72836329
72.82418336
39.85492388
44.00947038
-13.14931532
9.78599591
30.34846202
17.63554921
71.12625546
39.41394503
45.55103400
11.40191157
-48.62896095
74.94391695
102.15364258
144.22938071
55.81786401
61.00496629
49.16829985
-20.35400833
13.37831900
23.65551976
31.05773701
12.16697947
68.10385495
52.46123470
39.41122564
-3.98145618
-31.99144147
39.17407904
13.88135001
-15.50354441
-19.89385929
53.86645633
48.67630771
29.03381215
0.76177855
-14.45255257
22.04985999
19.73822675
14.85103484
28.67072842
81.50654941
36.08605201
25.70490356
1.90081969
15.66097928
14.72033918
6.11017798
7.05359561
66.86202606
76.72923017
81.15493218
65.19144801
13.52251626
4.05677258
-7.19133943
101.25663163
74.31445596
9.28526986
1.43669916
57.14850576
-3.64392424
23.70503715
5.32774729
16.48564488
22.04132518
50.66965152
38.31079740
28.07551640
15.60990562
-8.33748320
32.47600564
0.00000000
47.82625653
25.33989775
51.41720940
26.29066629
65.76893946
-1.19327907
5.47114072
37.08563224
9.35154960
57.57471789
48.51547362
26.39071482
9.51035165
43.00652166
73.70328137
91.45143711
136.91740697
14.85498377
42.25945997
34.21820135
31.12289181
11.17250927
15.65463790
59.78120877
13.91473302
57.12621254
38.85185737
18.70815280
-22.60989798
22.65977679
37.87395609
8.49981213
4.77040296
