42.85479468
23.83830164
37.25258083
19.10133800
45.61989286
52.80931890
8.67244390
0.31852532
84.26218461
56.03144606
52.90675714
43.23986420
53.71180783
48.28275388
57.10192639
34.64945722
20.41957415
32.62146146
20.03556844
19.51858892
-1.89332344
-0.00579888
35.42535101
29.64248111
81.98733413
23.91452412
34.27531845
-7.88044226
5.39044273
68.02602653
1.77607976
2.60853741
53.00861465
1.17144824
45.40948452
4.54257184
-1.24797415
0.31818511
32.29899777
38.80222542
45.15132358
0.00000000
122.86525056
39.69592895
17.27797244
-14.32550010
22.58608407
51.72584217
30.98583678
32.90357527
17.46240883
-11.64547614
27.12874741
42.54439965
39.76534853
0.62984925
25.68598443
26.17466832
-2.11273193
10.59826488
14.08924632
-11.48407417
51.40159122
-26.65190762
37.68389620
5.03154333
52.39631350
24.84224391
33.41854205
2.59156517
24.24132486
67.37429617
-9.00375547
22.59125721
31.17996286
38.79769987
-35.43101092
17.53173667
-63.52534101
77.01908023
15.49154147
0.78042407
-0.86107473
72.40229641
35.58421758
-39.22787138
-33.55219225
-8.87761256
0.09756442
12.26889096
15.06587823
-22.60062055
-19.03670141
-31.99427544
-43.03420890
-34.79769367
-35.65205246
14.32938968
-19.00830363
60.34118145
-1.04603023
-18.85258575
-29.01886403
-39.63863431
48.40592208
-28.30304493
20.99933940
-11.71308677
-91.13014804
-63.40806549
-24.39982083
-2.78479889
-28.86116851
-6.73811164
-10.26304153
0.70006369
0.00000000
44.72963473
8.96212767
-14.45827206
-38.37243577
23.16799533
-19.06968690
-22.58518495
-13.29500260
1.63944847
-17.11657258
-5.91816357
24.65775523
28.22963623
24.01776726
-10.78768887
-61.24854810
-64.18665668
-102.71913125
-41.46390426
-21.87848415
25.57039692
-44.73136855
8.31484866
4.98895703
36.65999698
-15.88942082
-14.12879630
-20.85618069
-7.94594244
59.80308009
-10.62619989
-11.90200041
-7.64177858
