62.27971048
68.52380349
109.15475742
60.74561446
13.99279237
-22.11246840
18.57220970
32.93475676
48.61499065
88.80051752
222.05250162
14.46144502
13.05686405
11.60461925
25.62002561
6.78583405
34.02053596
12.19377432
44.42632088
118.20366179
33.75095035
90.23026783
26.52481020
23.26187738
100.36039156
55.83062754
116.73098951
194.14980615
49.91289571
110.11272654
9.32206708
32.29563526
61.96928165
30.88659837
45.26907628
57.69988802
15.84537044
21.41444395
-0.61811509
18.76846447
51.77610178
0.00000000
98.00728315
33.07915133
110.90752543
111.04177254
49.25488861
10.08898358
52.76448316
16.93848138
29.22098729
51.53511397
24.46330858
24.09146217
1.84840180
231.34955025
71.08650493
43.05761115
83.24744563
16.16757778
15.47170564
24.12502416
23.47939666
24.79705411
9.84331673
85.73748855
44.58499777
75.06005478
25.44662329
28.10061130
-17.40732159
54.48039991
14.97796166
53.55347842
63.88916430
34.20358277
63.85984204
129.83535359
52.49488074
23.25111805
-15.19787408
9.41538379
29.04482657
30.84774096
58.56759887
138.12453871
16.98865860
23.42141365
32.10331972
11.44312599
12.84782715
24.47922363
-0.95451395
35.72489329
61.67273164
49.76163656
76.26175385
16.56600827
1.02576748
40.12950040
53.72275786
107.35186266
60.53801109
75.13135909
96.52322578
-0.90939420
49.50175101
51.03427429
20.07179117
-9.56262823
36.03532833
22.43442144
35.73771283
-2.22729056
-0.88350849
39.28034292
0.00000000
88.26460608
9.21621778
81.85209944
80.24273799
74.91082505
-7.43938999
19.31036752
13.27592364
8.41321773
60.83508718
24.16550318
4.24292316
-3.64383132
49.32773071
46.99660876
33.49318604
77.68687034
-18.57496608
-1.72747906
12.60070559
26.60674704
13.39356282
-6.34504435
85.70492772
26.95363759
98.95622297
5.42515569
39.19784346
2.30023018
53.13421110
6.80657178
32.30829229
51.94328727
