-0.81922508
61.73272384
-46.94671264
-21.08686984
32.00021068
12.41993364
-4.98659676
-11.15666185
19.47201854
2.59061599
1.06590334
16.77286940
-20.62579362
9.04595976
2.90786251
-7.92559213
-2.90165622
4.80717640
54.41520277
-13.16988554
36.89870400
37.18580317
9.73669441
-8.25118603
-31.31618244
-10.33793077
-1.38842413
-87.62939351
-19.88142619
18.77123658
-1.01300240
-3.26660679
-22.47970489
-39.83385838
-0.82526204
-47.02277650
-1.11717159
-9.94841662
-9.04562679
11.51570712
1.48305329
0.00000000
53.71158355
6.00932739
39.32657681
-37.82831731
-10.15853272
-1.67677592
1.01931179
9.97611492
-1.23206969
21.74379882
2.34206725
6.87448819
-1.66181709
-36.92271222
20.25480432
95.26295408
32.85328602
41.44126932
22.12228638
13.76525416
-3.23521361
-11.17951674
-0.82271219
4.38762386
15.53132308
-10.46273005
2.87725505
-1.11085483
11.57536066
12.39540085
7.73181246
-11.97501166
-34.49085422
-1.77490269
41.60807536
-21.28103461
-33.34662653
38.62273502
2.11118250
-2.19950678
-9.88544125
19.10849452
10.41775129
5.22552768
16.21238778
-0.52585927
7.32218036
16.07035457
-3.95519311
-7.99567139
-11.85357401
30.16018968
16.85384835
34.27054296
5.28189324
0.67840132
-12.37793185
-2.73009656
20.14055711
17.61018746
-31.90240900
-54.53549086
24.77044893
-16.77988955
-9.81541471
-23.96077189
-20.62224742
2.24543755
-23.81190099
5.54953554
-9.95792286
20.04573578
26.60516778
5.66163295
0.00000000
67.23468670
15.09650983
20.20799044
-33.10699577
3.35325276
-0.17187881
-5.45532925
8.07947096
-7.26102142
-4.78519986
27.44360873
13.52956167
0.28088323
21.86065100
39.49238755
100.53609667
39.01358977
34.36099328
28.75201884
9.26919251
10.63389332
-19.55187771
9.17271845
34.72652731
9.41615013
3.02469059
20.27690049
-9.91844671
-5.10996802
19.60958994
-1.89574831
2.37149766
-16.81478430
