-122.36829777
65.82371727
-10.67090778
-13.13368260
-85.33375980
-41.85770721
-10.10539527
-5.87207312
-74.20145024
-83.75029052
-101.24619097
-8.88304552
-23.55338367
-4.41984620
-49.51789089
-27.07843375
1.15140577
-6.17423528
97.95050322
-5.51762586
14.56533760
11.86252548
-13.42422696
-41.39010881
-114.40179537
-28.55071305
1.76552348
39.04438915
15.40716009
-107.37798480
-17.99094586
-0.73790317
16.01931094
35.29352288
-4.12189670
-24.54225906
19.99403329
-16.30861386
5.18182508
-23.51699342
-26.61227799
0.00000000
5.82897674
-24.34813489
-75.83461021
4.38090331
-17.54895376
-13.06090195
-4.97958221
-9.52925871
-16.41533034
29.33726166
-2.96346251
-39.91507804
-28.25763462
-249.42488946
-18.57866014
85.91615941
79.53972145
75.37761142
58.78759204
3.26878528
-70.24217424
-12.66118226
-26.97628887
-47.06302003
-47.01703816
29.59340393
15.37265758
22.75903106
-26.09175456
-85.96203148
13.10344239
-13.26860312
-17.88356722
-78.97190996
63.40025412
-8.05580564
-5.67411849
-109.91565387
-25.95727689
-3.95761207
-2.78209209
-59.48398100
-47.55253238
-45.61344897
-18.78598804
-37.28375592
0.00317317
-30.90025519
-23.12807388
20.64261579
-4.97938376
110.44302896
39.87066897
40.23876633
-0.41139498
-6.03881588
-33.62497238
-62.01573325
-4.84481036
10.40113761
25.56512814
6.64210659
-71.09813300
1.61203798
-8.73960457
10.32383878
17.30636795
6.31649687
-12.42703720
20.99762565
-41.26497361
-26.70532545
-35.39534478
-16.36918564
0.00000000
23.17613271
-25.65979742
-44.49538453
-7.84310621
-15.69005695
-26.28173807
6.58022503
-6.66648364
-0.55713920
22.44195396
9.56978066
-45.28239127
-20.74037312
-124.21970978
18.06629571
143.91180499
133.26245798
64.83169510
58.37295786
9.24838216
-0.46263598
-10.21506898
-32.67869202
-48.28704672
-24.62660146
30.46717440
18.60232860
17.50086435
-11.53601236
-57.94617653
17.62708987
-27.20621348
-23.35825213
