-4.37359809
1.03230299
-19.45752696
-42.23653493
-9.92889194
19.24936746
-4.69927883
11.31850594
-59.38159212
-77.37577036
-226.71000632
-43.84744285
12.50114642
-21.84645043
-16.25902414
20.84676428
-36.58276620
-14.63837916
2.52725550
-57.84801150
-7.00156600
-94.66424031
-53.36173307
-1.00982673
-49.95933109
-95.22564119
-44.62713840
24.67910334
39.11464064
-82.57422882
5.78447364
-33.84875699
-41.32080391
23.24387170
-68.42869078
-53.52917736
-18.75472772
2.44962643
14.37715473
-16.76569459
-53.35065820
0.00000000
-72.32365352
-60.77261754
-160.16362779
30.95966996
-9.96389278
11.11544099
-54.07547314
-24.58840041
-26.56936309
-14.13007894
-13.87453055
-6.80685346
10.28140731
-24.52137434
-42.72027080
-1.52370652
-6.29401870
-48.76884580
-21.08613384
-28.74682784
2.60279541
-9.00966125
-5.59420402
-63.02372889
-38.74417480
-16.39493541
-21.89575572
42.55037219
16.48906920
-56.68731582
-9.91692434
-31.43319951
-37.23994452
14.45280726
-1.55342996
20.81865546
37.63836393
10.79240696
39.82283890
2.67515628
10.48217411
-36.79799448
-64.72649211
-99.60016261
13.63851626
36.61530775
32.20936572
29.08050029
35.95366003
-14.71038229
11.21788632
-4.07314103
4.52476807
-16.18737984
-80.54316357
-32.82110202
29.57117560
-18.97711055
-50.14398152
3.19198889
42.27914809
98.05323710
-31.00522722
21.82767535
-51.77710057
12.39537499
69.09399486
24.47669254
-56.39096240
-12.37955557
7.53469064
25.21186710
32.23519417
-32.60469432
0.00000000
-37.54756793
-29.51822576
-105.13175409
54.11875944
-20.69588026
45.27018226
-5.63823071
-1.87429182
-13.47085616
-17.20291321
13.13703321
32.01651218
27.41374463
29.48346065
10.83109118
22.16547218
-2.22147446
12.60547011
15.34655442
-12.33225005
-0.41240028
14.27566974
34.18324970
-44.65689540
-18.05992041
23.39144769
15.71840325
66.61493651
33.20715087
-43.65238077
-4.53685686
-2.03765374
6.46399615
