-23.18113682
13.46126308
37.14086911
35.94539150
-51.99859417
-12.45611883
-4.81542688
25.64228673
-58.01891781
-12.25813351
-104.27211791
3.81898894
10.66019105
28.58295426
-1.30458403
22.77282674
11.31689639
3.13905339
1.58630643
-68.53178028
18.01766561
-23.06613668
-29.29044888
4.52707644
-30.75278289
-17.52139780
10.39932225
224.65572192
93.70937243
-57.39843862
25.28747550
-18.47965821
-7.13172037
46.61660355
-44.41464637
15.57286403
19.77804795
48.98404855
17.72562036
8.81686988
-16.85732941
0.00000000
-95.95319972
-28.67444348
-65.84259789
127.11644280
8.91222128
-6.80609372
-17.00481807
-12.81911202
4.58157806
-15.33692107
38.72038757
-22.53209476
-0.02628981
-31.19464625
-21.36293852
37.92402767
-31.06104300
29.10200926
22.49338666
19.34999487
1.64603948
17.74345048
-13.78623553
26.65354893
-28.80404949
56.76698698
18.95603767
52.60845317
36.38568597
-69.28762377
27.26092791
16.17725607
-4.79795919
9.60214755
36.31557653
66.00168824
117.44758012
-49.14333680
13.91905150
-3.89210303
18.42601742
-55.93201433
-16.57306593
-30.77812416
19.00083298
39.66182107
69.94839947
15.43607703
27.64647805
15.59561972
-1.21569280
7.75595585
8.87399852
14.91848689
18.52485221
-5.25460117
34.46237527
-53.28805519
-10.72085219
6.47389003
119.88287229
167.85677184
-39.10247489
29.07479522
-25.23944325
31.10919717
86.21297698
34.11151116
19.39233531
9.75552169
48.29436415
39.28425911
15.87098108
-8.63930141
0.00000000
-32.40472215
-13.43942194
-27.05204938
129.09255179
-9.86272058
20.44255818
13.87003670
7.08023590
13.04746803
8.24171800
33.75380880
-3.49615996
7.73012317
-70.33143341
-12.67350592
41.77804835
-1.35726855
75.75504861
30.37134469
12.18250698
29.81799119
26.06264271
13.39658889
-29.83183600
-22.24191430
93.76506026
24.42822098
72.24628255
45.55006975
-64.40562027
23.96235131
18.36998985
13.97494016
