99.77329348
26.00779728
-27.43066020
-25.13431180
50.32337078
7.39155960
1.71327370
-2.54007526
10.34686506
-10.93245350
-28.06797679
65.11448219
68.31756602
76.84964571
62.59113092
10.24516250
5.27608614
17.56103319
-17.43203608
-19.27909806
46.63506804
44.04723416
16.96015691
60.72046825
49.75942684
99.29024452
-8.68427059
-133.62306096
-21.85345791
-7.41379836
36.24975050
30.87720658
-16.14640596
-26.23316389
13.82333696
26.31126000
17.46555966
26.83385142
62.81273361
49.44949962
16.45174429
0.00000000
55.56274522
31.50863144
38.69079775
-56.96451022
-26.22197404
2.24086430
5.26914370
11.69661737
18.10915932
51.92604309
36.99535333
47.55683915
12.08174552
175.20039728
47.65715953
-1.17227314
45.97614878
7.44911820
35.41594904
7.59857997
97.50521065
6.58491947
47.82317185
-53.75326824
15.69344452
-25.69803227
22.38794580
-15.38743434
1.40332788
8.70265100
24.69098676
11.23296549
-2.68282587
90.50926695
-15.20149906
-63.13508172
-44.88640158
133.60036174
3.43189803
0.21172168
-7.46605502
23.92505137
-40.23909266
-61.96977464
48.33229149
53.67590789
40.79982483
34.89805513
19.06455003
-8.83174756
17.57391183
-31.48169278
-66.98681842
3.09857024
-27.93176682
6.22092858
48.33982249
30.94496684
28.08571927
-22.34087861
-91.37971548
-72.31572868
-52.00489529
7.57889080
31.84649546
-14.34325435
-43.08072590
-3.24436246
-7.04339048
4.71570993
30.51801316
37.92013440
62.17294385
0.10115399
0.00000000
57.91004971
21.11648017
-15.44745785
-61.74632230
-12.62489757
-2.73031866
-13.82345788
4.29388293
-5.68241281
-2.07566837
11.63802624
33.57407026
12.63132033
107.17219116
26.01802399
-28.11904684
-4.73808086
-95.11940758
-8.59807799
-10.94626649
37.87407903
20.88710406
45.83857726
-31.08109092
3.61225753
-50.48491279
16.48227636
-14.53566001
2.75194314
5.40080183
11.00714178
-4.16059397
2.13552439
