-21.39599302
10.92273793
-36.09665868
-28.18430134
11.61677056
-0.44780679
-16.18124503
-12.16506657
-16.42397068
-47.26722990
-113.27325095
3.21274654
-13.87326741
-4.63598475
-1.49101798
-17.04380462
-9.82313744
6.82863338
33.89476862
-85.83286632
-4.33038757
-13.71974775
5.08190393
-11.91494621
-39.68846709
13.99055297
-15.90893559
-90.66571808
-20.78405113
-44.95155221
-10.56431803
-7.52122457
-29.97110373
-26.51898772
-6.17175674
-24.70868816
-5.86524897
-2.16528054
-2.52971748
3.86245936
-4.71626722
0.00000000
4.24290326
2.09334208
-42.35092455
-41.10290486
-9.54176620
5.55197064
-11.91778387
5.86978788
-6.93093399
-6.19891157
-6.35484304
-3.37886602
-9.37670653
3.10714495
-10.08172860
37.73217079
-25.14956424
38.17047055
1.25479876
-4.48504866
2.63034786
-13.48039132
-1.40684768
-34.59408914
-10.70977353
-19.91905615
5.11240285
-0.59309174
-19.46207283
-21.01135286
6.91976395
-10.23341403
-51.77533651
-46.61183115
10.97675670
-11.24956085
-26.42254164
2.66551206
-11.92699598
-8.76392100
-5.01332796
-7.88991423
-31.50884920
-100.38407176
10.39376764
10.86495879
-10.51433476
-0.80639498
-13.68582805
-16.29460795
-10.73224935
19.08842921
-61.90782372
-6.81049465
-53.56183133
-2.11771226
-13.99377715
-13.40917346
17.01729348
-6.18795313
-26.88052997
-43.64177865
-29.24546377
-14.38511521
-10.63618628
-29.36994996
-3.55815875
10.21328958
-16.14436501
-2.96355344
-1.81917819
11.90975775
4.39607255
-6.58544353
0.00000000
12.58824298
7.97738194
-35.55534917
-41.57803728
6.52969717
-2.83272468
-6.97666832
0.33940641
-10.14709859
-37.48976479
5.00849926
-0.92538962
-16.37930174
6.04213360
-15.14247219
47.56979268
-29.72002951
17.38409332
8.32831678
-0.76693142
11.75942226
-12.40287336
-7.77163169
-8.90049745
-9.47714085
-31.94387885
7.15508269
-13.68486561
-14.13674512
-5.22496750
-8.69791360
-0.25513152
-31.42438080
