-16.94483184
-122.23054434
12.78246451
31.11199053
-12.48895265
34.57657890
13.49513519
22.78581747
12.31876312
38.30529456
-14.51328177
-20.88925242
-10.03432659
-53.11391300
-12.84424855
17.07623361
5.47689572
10.11257374
-135.32454911
-82.40712313
-40.87117909
-16.61383991
-39.60584782
-11.05368785
-53.95765849
-42.00148861
-38.69402259
54.18250408
51.51720577
-18.27527341
5.89024350
-26.63681708
-10.31066899
13.07598440
-49.55411110
-33.10841205
-15.50486613
-36.91535163
-18.73445333
-30.31580635
-15.07876008
0.00000000
-160.92259285
-46.98438760
-24.81040658
62.81756496
16.00822540
9.98371778
-23.96194759
0.47319064
-32.87336391
-29.31414369
-18.78725491
-0.87384327
18.86129909
-120.44503126
-45.53765324
-140.84998354
-96.94070868
-74.19675685
-38.50948268
6.46187877
-25.36443436
-16.23169620
2.24186791
44.69059930
6.33808758
29.66369091
-27.36538315
31.46967104
23.66185875
-18.14987536
-13.90810723
-43.31957986
11.91960529
-33.11656820
-71.50630989
1.16737310
54.37231399
-24.83113360
28.51909610
6.85118268
31.11125294
-0.22590435
32.06548904
-6.22143289
-22.91601401
-40.54636632
-60.31019479
-44.56676196
5.44951433
-3.29162997
0.72518727
-73.28534581
-46.86583968
-23.93778112
1.98963332
-15.76833517
-14.07653542
-53.67516028
-41.96494863
-70.56949593
34.56103954
69.81417459
-15.19250905
5.35098882
-30.33337150
29.72111828
35.27224814
5.93230469
-11.75563950
-27.46743292
-26.35946647
-35.33981735
-29.34536829
-4.47222541
0.00000000
-121.65145265
-39.26351715
-19.78043526
58.91670299
6.01659630
10.48067885
-12.31295415
9.76432330
-15.94785462
2.06074399
-45.08447576
-0.97606055
0.27115489
-76.72330200
-81.59928190
-146.93489888
-85.93429178
-55.61167279
-22.75004801
-1.36601123
-64.34314899
-19.31008654
-2.17652774
-2.72317144
10.60950013
6.49475129
-25.44617544
44.75311672
22.34081438
-29.34730658
-7.94405971
-17.08054534
39.23198395
