27.32466008
30.98844038
-10.12803527
-9.81273774
18.39351461
3.66956410
-7.80649019
-8.32117997
90.16320476
113.98174495
163.82606734
-37.93999239
-27.93002633
-42.50913568
-20.56227106
-7.06606694
-7.84846380
-19.97834416
-30.12315432
43.30410629
-19.24479264
61.77736359
5.13542873
-6.43878636
47.20192156
-71.63690833
10.27758774
-34.52710386
-32.50538211
129.03468222
16.16602904
-1.92939340
-5.70575979
-3.95044522
3.80848221
-15.36265210
-33.50094152
-3.85338743
-41.84229758
-27.19408916
0.43942004
0.00000000
66.07617412
-16.25637209
134.22195670
-30.69075467
4.13422127
-21.23774342
13.19279417
-11.07010359
4.53076766
-6.42681720
-26.07605658
-18.48255578
-4.14703705
-7.96608043
-9.88968189
-9.02638442
-17.27082727
-64.20202314
-22.80313383
15.57902445
-20.28700743
5.38576311
-9.19259782
79.63818540
43.31990437
-56.69501831
-34.65205506
-53.08811966
29.53038873
108.29057660
-16.71193990
37.45724068
5.13186045
1.97953873
-18.39897100
-7.32506290
-13.87796312
-37.34460281
2.32819611
-8.19435831
-16.04977914
62.45808033
89.94459897
112.11366537
-48.56079738
-36.17037833
-40.92750271
-38.07910604
-23.00124516
-13.24031086
-10.05509330
-73.24941903
-19.22077869
11.97798711
71.91024652
5.27651740
-12.27697885
-4.69441627
-79.31640862
-5.09253647
-63.83739554
-50.63202349
94.31780424
10.59007655
-1.48285848
12.87111604
-20.50046496
-11.95635541
-15.55164500
-20.87730307
10.99548137
-43.53186298
-47.07956081
1.23413518
0.00000000
28.79683771
-15.83396114
93.19829908
-34.47734459
6.75049598
-23.67049755
14.35800889
-20.59700211
8.27804991
32.88210551
-36.32023814
-18.82972207
-16.77875167
-124.74782227
-42.22375210
-67.84923636
-41.27143658
-46.58694594
-17.04711263
2.40493230
-56.03348699
3.23828335
-12.56884975
56.87482568
22.76661711
-63.10753458
-41.74943843
-59.75319214
14.77524082
75.37394018
-13.68890922
37.20681990
31.68357229
