35.79701039
-55.27212823
-46.95351004
-63.60329917
84.56392399
17.68920879
-24.50358150
-31.79118177
48.03399579
6.66925080
-189.27226159
8.44966087
-1.42129858
2.34239883
40.31526079
-4.04576432
-22.60289618
-13.83547106
-90.06989164
-129.52787805
-41.46408780
-97.55255026
20.19276318
21.30685859
157.24734736
-57.72458155
-86.89320790
-200.04170518
-69.42184268
-4.99886212
5.98923444
12.68262497
-10.22078906
-24.21562099
19.28810007
-57.18261199
-26.23461330
-4.21052984
-11.72152283
28.99556187
-15.32334854
0.00000000
-55.60223260
33.68030283
-91.69751190
-104.60007962
-40.45080798
-2.86667778
-0.91006559
-6.61865224
11.06991114
-66.72816673
9.74307158
-3.22548601
30.62321730
84.94031456
-15.56829658
-68.53834944
-118.36493726
-47.39154132
-37.47394734
-61.40963154
24.00533356
4.64472133
7.69558622
-49.84232005
1.43104260
-73.41565648
7.09926908
-27.33426011
22.33160917
55.56184803
-4.41571491
38.33281739
-27.23487597
75.53322095
-91.57299308
-116.40503303
-85.26384513
61.14054928
-0.44804367
-14.76992685
-28.54724755
29.53926002
-28.74470707
-179.22368004
-19.86878088
-65.60319610
-63.39129071
-12.92364459
-26.64721608
-30.06115016
-20.34293430
-93.48036758
-141.74160843
-76.50926729
-93.84247386
1.11892278
6.80789237
43.26204297
-99.53738624
-128.71805769
-86.36809218
-122.75948930
-63.40496889
-5.24846186
11.98842874
-63.53269377
-38.26757430
-8.68759646
-80.46628297
-18.17638949
-37.73405835
-23.39441911
17.20097993
-42.71833268
0.00000000
-124.37000423
14.90108682
-76.33267470
-90.91068646
-58.09200998
-16.64724941
-19.88362470
-24.51336574
-13.99749843
-88.11177956
-42.73877435
-8.71492935
20.04021319
91.76913116
-54.68136895
-131.39753974
-141.55208183
-53.91191351
-50.67901590
-39.16165703
-16.19994184
-21.22158227
21.61896171
-74.71184679
-4.39613111
-116.01455322
-39.14854495
-54.85935060
-15.89611947
20.85012686
-33.79199522
-5.89821105
-39.75473544
