72.54461087
18.25537098
21.33601171
-6.86320494
52.81686498
35.40139982
-2.56666465
1.59520824
69.46806864
8.98156957
50.90462428
39.47349993
41.81384956
49.23086773
74.54413664
40.88512694
4.62171515
14.67034638
18.32570837
-26.68556991
-8.49001775
-2.72491706
34.00454696
12.69501780
97.08235844
-27.57118221
50.08433972
-46.33263892
20.52837336
75.19331412
2.50809561
12.39907394
6.01691568
20.73108599
44.79012995
4.47462190
-4.20651813
18.63810159
31.05574335
72.05791919
20.16530715
0.00000000
99.73408911
42.67395732
9.30400395
-13.04635940
5.20237393
33.10463328
12.17075176
10.70439063
30.07685654
-3.42446619
18.44951095
33.52409815
34.96603474
109.92128007
57.66956157
38.68708516
12.50746929
35.88535218
11.26502750
-11.18591327
70.98342502
-27.28595202
13.62547920
12.23588557
30.65401094
4.41702727
27.20026436
8.44695912
20.20820577
91.94924778
10.10026848
52.13711317
21.44958114
39.54410651
2.90130019
-43.90745571
-63.94809072
66.77763855
-4.63001789
-7.80998730
-5.88198768
29.95171018
-6.45004388
-76.74806340
-34.32246015
-35.34260219
2.95741520
-24.10551729
8.44970500
-19.03332066
0.84548897
-13.71727747
-44.40048259
-8.63953776
-36.49568767
12.14327618
-9.17315789
20.56006026
-78.73782556
30.21006655
-49.52793412
-42.51992664
12.27963717
-33.13846473
13.61747720
-39.64641510
-77.42481628
-36.89384166
-73.15158976
17.48149741
-12.18743836
-6.34941058
45.37097387
-27.49660245
0.00000000
19.05044946
28.46472799
-28.86537900
-41.46122826
-23.38084015
-0.11730361
-31.16747682
-31.51503281
-2.08658327
-40.68119641
-25.25499944
-21.98034379
1.34219917
-86.14799515
48.54555797
-7.66217175
-16.83112727
-0.24946148
3.24548955
-24.99729900
-30.04243884
-51.06180491
-8.50512632
4.38606602
12.70869960
-24.99360469
-23.48958673
-12.13288567
-32.11526650
37.50479114
10.42932627
-24.12974599
-1.97840896
