8.49176680
-39.67416473
-120.89696152
-56.88388601
24.22239711
-36.72284335
-2.50926443
-14.68606403
-19.43494561
-35.70209137
-61.97274910
10.18051807
-13.99319435
-21.88398871
-26.56151463
-38.61349075
-6.02050269
1.40883127
-40.95235814
-53.95681327
-57.13964416
-40.97329859
11.43403582
11.85584474
-69.39388072
49.85043025
-87.41379617
-185.11230873
-95.41513064
-65.10322943
-0.15229233
16.69488759
-60.37320922
-80.02567385
0.64274419
-34.10782603
-19.13659448
-48.33048706
-9.63126995
-10.57387914
-10.60116340
0.00000000
17.34999040
23.61950214
44.53963088
-107.37120525
-37.02130934
4.46747529
-12.90684714
-6.73301925
-12.50978695
-66.43666270
-13.66941612
-16.19873701
-26.55816997
11.14311517
-6.38638695
-41.92588731
-39.73854900
-86.28517210
-22.08242681
-17.88237254
12.15809817
8.24676557
7.20374001
-42.56484649
2.01832862
-66.58335398
-33.55642779
-51.36071785
-49.53465380
-26.30674554
-34.70323713
-65.74637422
-31.86175907
4.02862761
-104.36598664
-99.55140277
-48.59297721
-11.66973652
-14.90925028
11.31397453
-2.23784692
3.04459604
-14.36315494
-27.88760988
38.09295911
39.35626155
14.22141353
18.32349791
-21.36656608
-0.79470963
15.03669673
-66.05322174
-84.19455488
-62.65256373
-9.24387739
3.96958949
37.75573047
29.46580200
48.16129365
-71.01820252
-83.00722265
-85.61632950
-69.46969549
2.60044391
33.77852419
-18.01272471
-29.30800719
6.37910674
61.73425000
-26.22807712
-2.60772416
-2.46431631
10.34583574
14.73023500
0.00000000
-23.13812755
4.61268310
50.79975026
-71.54721316
-5.11243058
7.45836986
10.45994616
14.30496021
7.98424858
-6.26002404
-10.89162564
23.01803351
-4.84404962
115.39005432
-11.45700302
-78.32808517
-22.31938618
-153.60143860
-59.58094991
-10.13550091
38.39021817
37.74832125
41.37379261
-2.86385661
-1.70254208
-78.27452456
-3.40825968
-28.33200018
-9.47423679
-13.16456312
-12.82540402
-23.64547531
16.68772046
