0.95226501
-33.45500459
-23.75168239
-21.36002203
-25.71669779
-6.31684516
-18.35007466
-13.20887211
-11.37670671
-78.49477721
-206.98471045
9.87635307
-0.99613212
14.14354276
11.01868170
-6.89021172
-1.27832003
-3.03162444
-43.60491496
-168.44652065
-25.13263445
-73.83065558
10.09195233
8.32483628
8.28958044
21.74429299
-70.41149613
-68.10182831
-20.36327570
-75.29227941
2.68430879
12.66019681
-7.94955518
10.53286047
2.48479729
25.25099998
5.48752458
20.74251925
4.19960726
4.81810168
-8.75423083
0.00000000
-52.96086375
11.91703160
-142.01707399
-48.38465237
-11.38783990
-0.20234507
0.28609909
-11.97130589
14.20081846
-22.92509428
-3.10705009
-16.84411768
-0.98904523
15.49055618
-45.46413232
-59.53311878
-116.68063722
-15.83208857
-11.05331367
-28.73912018
-3.63236376
-0.40506559
19.20541490
-93.90253026
-15.62544067
-21.98347768
6.05303065
-13.69325005
-3.19432343
-15.13548586
-0.36623953
7.85228773
-17.13232858
22.21071406
-33.00450889
-18.83234067
-24.15889600
11.49626514
-0.26539937
-15.81558322
-5.34089387
-8.01818009
-52.98078517
-170.19705518
24.29621554
23.16310286
22.78727810
13.85265006
2.78478802
16.31913576
4.73607294
-41.05971611
-105.47139335
-42.06079256
-106.95133759
7.68894667
11.29830574
5.57288136
-1.48438123
-50.55035256
-11.83214719
-27.33656638
-80.93541735
3.59139465
22.19412695
-16.81946245
4.65741067
-11.68317674
17.03388051
-5.06897939
8.36078396
31.00204248
45.94025498
-3.96669858
0.00000000
-87.84578391
11.09045385
-117.37358968
-28.85217761
-24.93114869
7.48230216
14.28420701
9.19699697
4.75236779
-62.98729873
9.46054095
-12.45074923
8.25763721
30.10640145
-52.73094871
-61.51465134
-123.73758846
-2.27379842
-23.05825849
-20.52110899
42.68294735
-2.21663502
17.07178864
-83.85948099
-6.97713739
-29.37548544
4.13596523
-14.93072094
11.44528900
-14.95284208
-13.07399077
9.65622727
-11.70373375
