45.72280771
48.57078126
98.26109747
52.21062316
33.15538781
20.62566254
28.31050547
31.21235766
35.58963434
86.40276761
222.02867846
-19.10062199
4.96784362
-39.01471971
-24.23904066
23.92686565
18.36290806
14.60339568
45.70292474
107.75562877
21.36157344
68.27610094
3.28975746
-6.44379778
77.88142575
-47.40821716
65.05844260
243.83216763
78.25542515
135.03031125
8.40543182
-3.23987592
48.54176958
23.97955529
12.69411475
26.04362346
-13.89294055
-8.95382852
-2.81890757
-14.01929942
39.47463634
0.00000000
99.83019916
-4.88901882
116.90676278
143.31808190
31.82170228
24.35041136
26.53200205
-1.86419037
-7.05039147
11.97397922
-8.37869257
3.04825510
17.71355858
87.13532030
24.44643342
28.63294060
39.50571151
-1.00672914
-5.97961152
22.82249430
-31.59120336
11.10021430
-15.54500314
95.88097768
24.95838632
79.24501455
-5.72035654
34.76409256
25.10649190
55.66757157
-14.44788997
34.38768633
74.68174075
-7.81594867
58.10079220
116.27623005
77.88741930
-35.40485479
10.14121018
10.83143000
31.42088972
21.78240748
93.53772371
214.58365017
1.14537168
-4.88359450
-11.21776385
13.44092930
10.59617521
22.75079649
12.98447927
60.52776768
147.11969524
53.06331130
104.61089459
-0.55156522
-9.34289887
58.44696213
28.12912144
116.23805950
121.12094427
154.95871189
121.19534054
5.67555838
3.77835183
46.74321779
41.27879338
6.86715146
32.46149353
-2.81433429
15.56892733
-13.55858938
-6.69683607
26.66331014
0.00000000
135.88254236
-44.23232013
101.13030697
118.92845495
37.14885242
16.62818050
23.74389397
0.07998712
5.28298748
75.15285301
-0.16657019
18.20696499
16.10153578
-7.27666864
61.11829451
32.86879099
106.41773232
45.25541652
15.78392300
25.19184446
-60.87556325
10.47201705
-4.72832889
81.50858041
19.07898543
126.08120535
-3.00075124
51.03446795
9.91472860
34.95870341
-5.83002733
44.33481273
44.42033660
