-9.21959099
31.58332391
-19.17900696
2.98659804
7.02557642
0.63566088
-2.57220010
-12.17034987
-1.07207136
27.55879727
141.03875238
-23.07869030
-27.18983971
-42.95863288
-12.35672547
-17.83814197
-3.02854986
2.31422922
-9.17493836
88.24922527
14.00139283
56.52833977
-11.49282793
4.03520658
1.68810829
73.09394330
64.47776765
-64.69632478
-48.35814627
65.62088651
-4.09846488
12.98778619
25.10886187
12.62493905
-0.10934980
54.91272750
-6.12809051
4.59514504
-36.74534663
-30.48872490
8.97346920
0.00000000
3.69309974
-22.42012613
68.34472412
-77.70175500
4.52489251
-6.55928176
21.36825079
-4.57294196
-7.56586984
39.91201729
-24.88264962
-9.60436071
-12.66068006
64.99820207
20.07760394
-43.41105985
4.05877743
4.25877208
-12.40957096
11.58480240
-27.06376711
16.20108172
14.21427545
40.48106122
9.09372990
-26.80925747
-36.66503442
-40.54171943
-12.65887647
10.57426289
-3.14307216
-8.18057275
64.18278629
5.45929100
17.43547893
9.80201136
-41.80751376
7.53529154
3.85903722
-0.19676337
-6.78761202
9.26201059
-1.84953647
115.65435105
10.09331953
15.05901657
4.55199805
24.13266699
-6.68316276
13.48617207
19.33097361
-1.03395316
33.15869822
37.78494447
49.45566183
2.71793062
14.65069294
37.47460112
73.12702753
92.51189076
-65.36240224
-64.29812733
94.85370354
14.59076455
15.96269015
47.40209958
13.51651699
-3.44447476
78.91391303
-1.46630562
34.28235200
-22.32647287
-32.61828155
23.27536912
0.00000000
22.34025642
-13.13116389
52.31885269
-61.42090041
28.10511125
0.69260157
18.48888719
7.55120865
-2.65320987
50.84559308
9.51692679
17.86050864
1.49974324
90.97483337
34.78816305
-33.53875687
15.81503675
-8.23493656
4.70541944
16.52017900
41.37520385
20.37381737
3.27259620
63.64380721
1.46913971
-25.93290378
6.17866982
-40.81993828
23.30716402
23.88827921
18.25045899
28.94929121
64.82972525
