27.81143666
98.56116447
89.55183819
63.08063884
-6.50008193
9.60669496
16.34699507
15.66655680
28.40886478
60.72880086
46.33589238
22.61046636
23.64715827
53.06993007
35.82892095
11.25581811
31.26351819
21.40201995
99.69931048
61.52290887
92.93013792
52.12179474
4.91038552
26.38464126
60.25674153
29.78667187
77.14472550
48.31482182
31.59972523
71.25433988
19.52255960
20.38967598
60.33968279
96.15970895
36.53680577
117.13654379
18.79341353
62.22993757
13.47972374
23.94748236
65.03775284
0.00000000
55.42447140
15.87239938
40.77641608
18.67345249
59.60044484
30.44948589
62.30986706
24.70200304
34.64614464
64.33127973
54.75874331
5.53812202
4.35860208
35.60939841
55.22951032
126.76564254
84.75097795
126.96657025
65.18949451
24.88473966
0.04077209
3.43792968
13.22454759
47.46495907
16.80353081
39.52859169
52.33401776
24.41924515
15.38603612
25.09030395
19.31574966
88.32978918
134.77270257
88.77831328
73.62327654
78.78011146
-7.82042944
43.01631267
-13.69398778
13.34189812
18.21360856
18.80405810
28.58363191
22.20258462
16.52451392
42.14086773
55.29994898
13.61852373
14.13910142
12.81892282
21.32919313
61.25890155
38.75542758
73.02112585
20.53578527
14.63208045
18.34884835
36.60565554
50.16597167
64.84474797
-13.34339690
-30.55623470
72.89928673
13.11734301
44.16915319
62.17613300
20.95420981
23.01006875
101.47757811
16.88458030
52.69906060
18.25124853
15.99544951
16.56300940
0.00000000
102.33514235
12.06099637
31.04587414
-7.34731185
29.36652545
3.36488639
16.69810180
3.22194338
6.49724977
57.23995979
88.32628825
5.61080496
21.52831259
-49.06902989
82.75778030
97.18511755
87.02840898
108.41619860
53.29392050
13.09518249
12.78706502
-1.27871930
28.04298963
39.85442971
17.93111812
32.57120593
64.38213538
-1.63009693
-8.81121598
56.12379795
20.00460944
96.16246331
91.14218737
