-26.59016428
-26.09868211
1.50243738
35.02046903
-34.57932039
11.79952940
14.99547690
33.17293923
1.28884633
17.99607522
-93.41045608
-4.73001414
-20.87660131
-2.00533504
0.66322053
24.11157310
16.53614789
14.25846419
-36.89415358
-63.15525631
8.50606113
-97.96026028
-8.50915583
-21.40781547
-47.31016691
-35.89457277
32.99591716
151.75838187
69.97146230
-8.15832734
3.49699776
-34.45738099
16.86558680
39.98747800
-6.27961644
-31.49738409
6.85736316
5.66541948
-8.07995417
12.48700030
0.50403589
0.00000000
-77.67040346
-1.26064258
-69.87834354
107.06650625
11.11348493
-4.68617004
-0.99138786
-0.30801395
-0.74320718
-40.78441212
13.55536840
6.89897075
27.35497687
-59.64565954
14.65745969
-58.54018403
-28.74357199
-22.64249682
21.86645184
-19.75959740
-24.93124555
-9.53347655
-21.47887292
16.46469450
2.37035505
63.53915474
7.01422570
47.13234591
22.15033310
-20.78885820
-5.56473116
2.98820601
10.08528164
-35.29146783
3.22534293
28.59416782
88.41773679
-34.68014915
6.35783327
2.19606042
14.54323755
8.02202417
19.00829653
-56.38668332
-11.00436656
4.87157499
54.20852125
-11.03343875
20.59054852
10.52468150
3.73976868
11.95125539
-27.42247689
-0.49920897
-39.31403193
-2.03098490
-15.60190665
-1.04028387
6.75281901
25.99919445
88.10855593
108.47163906
11.51675940
-0.48387029
-36.10654865
63.53087788
76.06912779
40.01742988
-4.69334515
1.10552858
17.90308054
3.96086297
6.59586601
2.10557253
0.00000000
-62.04415593
-3.43222253
-39.78127306
107.35929726
3.21726092
-16.02158922
17.83004274
-5.01457190
1.42104771
20.84040109
25.18079659
-19.30985189
9.25297479
-1.28030597
29.32328695
-48.13006399
10.12916078
-0.55393365
11.88763062
4.96572947
-16.52625649
-11.67463770
-22.65304066
15.53354583
4.20132036
61.68736402
4.37014933
41.98635071
-2.88825633
-20.08575084
6.41656945
22.63267842
46.50057284
