-93.62717374
-16.47633048
27.45218680
44.97558278
-89.66012211
-33.47124439
-12.70572932
-8.14795839
-34.13415312
-4.41205527
96.07289591
-57.02555329
-6.05136324
-31.44126526
-83.06082376
-28.15579038
-11.72672762
-37.37260020
17.25328595
58.26884348
0.84233545
-4.94810160
-32.87061314
-48.67634944
-112.86018418
-106.98934194
6.77016180
151.55880780
18.92779372
14.20651018
-2.52714510
-25.66651003
-68.96583093
-10.84321279
-26.87965556
-53.50660231
-21.37047604
-48.76731494
-5.77548848
-64.33069586
-41.89807112
0.00000000
-115.33398399
-53.11894750
19.24765462
65.14641169
-0.40914085
-38.86721075
-43.83314414
-30.64625934
-35.60346844
-11.07125460
-32.13037021
-79.74890759
-41.64071620
-221.56978628
-51.72306090
-19.79753549
15.96108895
58.83041903
-1.72569858
24.95447900
-63.26069522
-0.03716419
-62.06940122
34.42103734
-33.98578363
21.20565616
-50.44242213
0.28766129
3.03897979
-33.04056842
-12.75704495
-43.33955151
-75.48416406
-82.16471363
10.31882213
24.83058885
91.25987302
-165.50593626
-6.25929238
-5.94770632
-2.37930709
-41.53151443
10.53096747
125.97238485
-34.56621337
-41.83130170
-9.45572125
-55.00690998
-20.94166843
-25.45569837
-10.30897595
-13.86212093
61.50399871
18.40762210
63.00494958
-16.76630143
-17.66104322
-80.08162048
-43.83860184
24.12078064
95.07571911
108.52339938
29.41030240
14.68511635
-45.04181292
-50.95886907
-28.90914708
-12.02691274
-53.22256471
-13.96000681
-43.16953827
-29.69134964
-24.19646549
-16.15119828
0.00000000
-60.83513266
-30.84330886
39.76429111
80.72806264
1.45615280
-35.48347171
-28.30043022
-20.73328016
2.26515159
30.04599180
-40.66340778
-60.31652859
-26.56340697
-150.85154434
-23.49190989
-6.94047116
18.01538389
99.19799770
23.72076822
15.14369929
-79.95617116
9.55257474
-37.80658611
16.03249017
-15.61996081
67.91093147
-22.09327908
31.60978701
12.21245498
-35.00607655
-3.75197387
-56.19304379
-44.96171944
