-100.29369077
79.74420457
29.08430010
9.36716393
-34.46341309
-29.02637211
16.71139977
7.62917937
-39.71734253
-43.41214010
20.13513098
13.31018071
-11.53049389
22.59457399
-24.12062854
-14.57759122
2.75523311
-7.03456111
104.79054384
66.58237044
63.47001316
68.79612328
1.93340928
-28.40662121
-97.76850527
24.63175239
43.97185283
42.97147185
10.98031997
-33.42888063
-19.08238777
-1.54474150
-11.41894124
3.69643512
-10.84858275
-2.18241521
36.41084849
-8.85821733
9.12269440
-13.99157886
2.45296082
0.00000000
24.22738246
4.42642829
9.40298417
12.48286537
18.07609268
-20.17308299
3.07271482
12.37259304
-4.10956104
65.25100037
14.97559067
4.98982628
-12.24541531
-174.23815960
38.06452604
116.88575573
142.30686987
78.43617049
73.68570726
30.22283227
-56.59423252
-6.25647411
-11.05258428
-17.91332617
-16.85022756
53.72242275
35.47578470
27.84853132
-25.52481234
-57.33755346
23.66716465
-1.75486699
-24.29934133
-45.73792053
73.02191317
28.17529280
1.04945555
-49.49689236
-26.59366817
9.43367673
9.48184544
-11.51072122
0.51011915
40.17997562
15.73706797
-9.23259264
-12.21555573
-4.69798484
-7.81655617
13.51749969
-5.37366960
111.63713223
61.27655902
84.64708888
38.76621372
3.04500997
-21.64594062
-25.18023284
71.46110776
50.52224686
14.10036052
-18.06381685
2.73404051
-8.64420170
5.43288785
-0.24601884
12.76667233
15.78902756
20.06728097
35.10941510
-16.72249719
-8.85512742
-16.10559024
12.52342441
0.00000000
70.50989943
3.74967029
10.37620160
-0.66573718
36.07822663
-23.47420761
6.58306094
16.30932199
0.59712186
55.36462398
33.31340670
-6.15442863
-4.50226106
-28.98678475
60.89524952
151.00574573
178.49543056
43.34365534
61.33655040
27.43005690
12.08363329
-6.04951175
-10.22373708
13.31621606
0.72348864
55.20138787
33.00534071
11.71185876
-33.96001483
-3.64739999
27.77788693
-6.71367809
-21.42381989
