-16.44514103
103.94287628
25.36473808
21.03986260
37.38852086
-30.38582796
2.78237317
-5.82551612
13.43954744
61.99483006
141.56341006
16.61637282
-12.76473192
-7.13440026
17.32992285
-23.90593973
13.99595328
10.66114591
107.80311767
90.28343887
69.37424393
115.55219660
21.51436970
7.54780855
15.72806766
72.88777369
93.75251387
-17.63151528
-27.40389795
106.21527973
-1.17565997
41.16952523
12.88551875
1.80923150
14.16520631
38.72114533
23.71813443
-1.22167570
-10.84547490
-20.77690713
36.75308609
0.00000000
136.12600915
25.87816728
97.01024934
-30.01370375
32.38095462
-1.79183069
34.41888728
20.13182486
10.17956625
81.06857704
19.04385610
29.71392073
10.14961026
29.58509672
92.16921397
126.03605358
110.39897074
70.29253886
51.05599970
50.10559338
-24.92869904
18.42725192
13.85999657
35.50097569
24.96811043
14.93221136
2.39490744
-11.83005476
-16.58083134
14.34025609
11.68925100
16.04529146
31.44507964
42.06582488
107.63024855
45.41900977
-3.32599069
45.68700974
-18.44783826
5.49647346
-1.70530883
30.02101720
35.40748173
94.20991194
28.17994318
18.08767482
40.04544492
54.80335663
-3.51988389
23.54593913
15.39089123
107.48610546
63.90024011
106.48209800
57.55348741
11.17404945
29.43103793
70.64317352
107.15031605
128.28449018
-36.40053936
-68.35732372
108.14533790
2.43310069
45.75070223
10.79373204
14.33872413
27.84277572
83.74111545
34.22490300
38.51155409
15.94378520
21.35993420
36.05887222
0.00000000
182.81544532
35.24438483
61.55404869
-33.92455764
47.34811599
1.45807669
18.10960509
21.93456157
4.65951281
61.87397446
51.86827950
28.91271370
16.35431806
69.50302162
109.03672497
162.24788495
162.20431646
58.41334974
55.98566990
32.05125873
66.78310243
30.11774317
26.88806076
91.82424882
20.41461700
15.84686145
31.94848848
-21.31659505
2.74735682
72.85950411
24.89323834
51.82720763
19.92078596
