34.13838055
8.71491052
103.97063756
79.54581519
30.54221558
21.39423650
27.97295468
12.62274696
31.81177719
90.30033142
200.17354966
-9.63225574
32.34411549
41.99026457
37.84641739
64.73623320
-14.36292982
-17.20423701
-22.04406470
52.34887578
47.25260909
108.86939396
-37.05698657
3.00673306
135.26244958
20.53618222
75.77502055
303.59113477
99.61276945
130.06834313
-5.22279696
-53.87456555
26.75794261
73.32142705
-38.24245260
62.79620222
9.79173224
62.88907707
26.80147430
13.35868338
-1.85563353
0.00000000
-53.70729024
-48.50564047
98.54369367
157.82647114
30.22516719
-10.63006122
-9.30373699
-9.20154750
-12.15653726
71.49659083
27.60302753
32.81647009
41.84028684
145.98122542
20.03998076
-50.77135614
11.68212633
-16.78394453
-10.77575390
48.66383107
22.93748425
-18.14735420
-4.48882880
122.45709718
14.03239555
89.11882064
32.34304990
29.39717911
27.89571426
44.25231413
27.13267516
68.52657488
63.95075761
52.90451211
56.24535307
123.32107300
141.60649046
12.25806299
24.87460140
8.44038234
13.87706967
17.35339784
80.02527805
226.71713267
15.41661828
30.52356959
12.11818398
26.89087284
51.47092502
19.86417716
7.46916811
5.79645411
44.95273622
102.22002837
119.17312179
-23.56482610
15.77337515
3.30728565
13.21138565
72.39051755
128.42083138
163.43492800
97.31092961
10.43301381
-69.03649362
60.88067626
117.15251737
31.98108924
15.64763134
5.46365488
31.74874096
26.33589160
19.28445877
10.26596365
0.00000000
57.95809010
-35.83538782
78.43285344
149.74061527
26.54759946
4.38488639
25.42424944
10.54425176
-3.94396947
124.45158816
21.97486127
28.56761515
28.77244320
43.27027728
-5.09984394
-1.18393025
34.29966615
58.78771412
31.16428347
41.97722434
-21.76998689
-3.40764295
12.46889595
69.87600451
8.34392846
120.00602999
9.60556504
42.68558276
28.53003279
13.00657604
16.09717542
62.52061789
25.98347105
