-18.56385381
-44.27715334
-16.11972099
-2.12477517
-9.01843056
-9.01822902
-8.98194118
-1.01630251
-57.34435284
-94.30804328
-211.67670870
-0.83742376
7.29485226
-14.85923976
0.25394184
-7.70836539
-9.93895880
12.58847181
-16.69316804
-148.43884467
-45.59643615
-72.26768660
-3.98793328
-2.51104782
-32.90817237
17.67327762
-42.02542045
-28.93428416
12.75560622
-111.00977027
-19.68128033
-4.22400302
-4.38145548
7.76713596
-14.18852812
5.87048356
-14.10391199
-3.07504178
5.26122740
1.75668121
-9.96936307
0.00000000
-69.25725444
-1.06071312
-126.28098045
-4.97388568
-16.95937576
10.89063365
-26.18475406
4.42253374
-14.51967309
-31.42630097
-13.28176468
-6.24999571
-6.70226421
28.78778252
-35.43246467
-21.27984145
-61.41874880
-0.74200722
-24.57232579
-24.62997495
23.97439298
-13.97892051
1.68208074
-62.27392213
-32.84162018
-14.46264303
4.16732021
18.40009285
-41.57705845
-54.07313051
-6.31982177
-17.94756173
-21.86349138
-70.53914606
-31.72134606
-4.52766460
26.14749141
-35.21241318
-15.68140243
-4.78918639
8.75775197
-39.63609016
-69.25524028
-184.79152459
11.75747780
22.86357324
-20.32107174
-22.48085055
-8.00685298
-25.44853498
2.45595653
-8.44185438
-119.28916059
-55.64014692
-100.52672740
-3.26709268
-9.92669627
-25.49811014
-2.75646855
-44.33023874
10.22797742
22.67752555
-91.74094222
-10.02411274
-2.60933910
-2.64853028
18.89627386
10.49035041
-2.68004670
-9.76492806
-9.76491640
3.93582873
-16.30316954
-15.43946798
0.00000000
-74.62666186
-1.64740030
-92.16936046
-3.69137310
-2.17222634
7.07071755
-11.46787301
2.11730438
-8.75428979
-57.17868027
-29.53550128
-10.71382047
-16.85872643
11.44885408
-50.97907858
-25.62535637
-66.78635977
-18.62688784
-19.82126094
-18.27901489
10.74308006
-3.84281251
-20.42004997
-59.86199943
-25.53593095
-36.03325310
-5.02363143
20.00650751
-25.82208467
-45.91159619
-12.20991739
-25.11700982
-22.35006587
