63.00215045
-4.62067981
99.60958062
83.02249699
32.75972091
45.74858179
37.55658460
38.54275378
31.75375901
70.70923787
156.86830066
8.89941337
49.81129118
41.44295434
67.71398445
81.66782940
-7.61433806
-9.62417179
-64.24279618
3.63726257
13.37284957
74.38213129
-36.88522642
32.74695645
148.84019654
22.61944145
74.98411331
325.02098721
141.35462974
118.00005883
10.34606036
-45.87142912
47.68470926
90.44328787
-39.26002792
69.96908008
13.01347052
73.44965983
30.95715188
28.45483372
1.41816044
0.00000000
-84.47027955
-54.40935124
79.12352718
186.62566197
38.77586241
6.38330521
0.57207463
-9.12270676
-3.26959695
54.17452341
30.96173317
49.97236521
63.31548379
158.63288077
17.33711956
-114.87848346
-43.11034975
-87.38892423
-26.84541066
31.48614344
53.19175978
-12.26380853
21.70436323
108.24917482
19.52400133
112.85902404
30.51676104
50.46464604
44.58916780
47.00960147
28.85480833
58.79707025
104.78845041
67.57748912
35.02651017
122.29961272
116.88735839
47.57859982
43.45024818
5.13911655
34.89806648
13.91603433
64.14263618
189.10168771
14.98439998
23.27400569
46.36645467
49.27704553
74.55344111
15.90927712
3.46328681
-28.03860906
10.71403583
68.84403174
85.51424628
-15.34268035
31.05576305
32.58563680
-17.01888420
75.10239244
153.30891016
216.75593457
100.62473545
8.29002971
-60.34250781
86.42458166
99.62055434
32.82668371
0.07095844
1.06895530
37.85470739
23.26295180
38.04685204
9.68509994
0.00000000
23.97590268
-35.73409830
69.64560154
171.16736543
21.64217270
-3.07571141
28.93577522
-3.72684650
1.07525793
99.29361406
17.28774805
43.12307408
47.21263091
77.75337532
-11.73157824
-69.40890570
-29.62118910
-35.41017765
0.20800481
28.92606684
19.84980888
-6.72840707
23.82082963
65.81559720
7.99417218
136.67423426
-4.10077367
57.46883590
25.57187114
12.22604804
12.57140432
48.63192188
43.11086577
