60.73874408
64.46029298
83.28275772
43.28883167
34.73601374
12.68929544
14.46929404
11.46873497
72.47412509
133.69063023
312.26832299
-25.64971490
-23.93962901
-57.95085087
-17.80667022
7.32572198
16.80489621
5.24081573
31.20143179
156.49334662
0.03410719
105.77311697
21.71507585
3.23720645
95.34905799
-38.35444819
87.54805361
163.87757625
37.28945082
187.84523064
21.78833809
12.71791401
54.62574428
19.62468690
34.65351666
27.66038892
-23.43784860
-2.30464502
-42.19525119
-27.25089004
40.56931049
0.00000000
135.28409604
1.05514498
190.50260035
76.36321798
26.92286625
4.74471032
43.47883018
-5.64253504
10.10597345
11.83983949
-18.73848639
-4.34957876
10.74781951
58.65805359
25.77034340
17.26094815
50.74819979
-16.65968100
-13.77645730
30.38530099
-30.24189023
21.04715261
-0.54786538
132.56306475
43.50305886
27.59995962
-17.17056428
-12.11923242
31.00599652
109.91494138
-12.17321667
49.64018110
65.99617501
-2.51595912
43.13989379
96.96894090
31.44752864
-48.80101223
-1.41141316
2.37438972
7.15392514
47.26458931
121.99852271
248.71270189
-39.03693645
-40.79967837
-45.41107463
-7.94470918
-11.48518738
14.09148815
3.17532912
14.03720330
121.27792706
50.95292403
134.98668912
17.77368325
-13.38214403
43.22224545
-12.87145457
105.74076417
40.22244152
72.41692806
152.92060124
12.14268226
22.58383562
49.83246400
-1.08803674
-6.79263586
24.40575383
-4.29985207
22.70693483
-57.17219682
-60.07040936
27.82705912
0.00000000
129.75657393
-32.21680892
148.54122138
48.68175758
37.08596910
-12.46188272
31.24128948
-16.62471592
21.12860153
84.96495670
-24.47225019
-1.62771413
-1.40848289
-84.70375313
28.56192974
-10.54864570
65.24644387
15.51604787
3.72833493
25.05176898
-60.41550839
14.50184767
-14.73114914
100.60184473
23.31906788
49.48693026
-26.81934385
-11.91810232
15.27544999
71.30545614
-2.97545958
53.86419762
53.82361449
