-51.71802320
69.17007718
41.66057310
-11.56763640
-67.32661667
-21.84186154
-24.78766569
-25.57124858
-9.61162696
38.55721163
171.19114926
-77.62414500
-37.99601181
-48.75238359
-65.27845471
-6.77706022
-18.53923643
-44.66959074
111.12933425
270.02281487
43.74791702
106.20034518
-24.67487480
-56.05772107
-11.27736554
-62.85344286
73.06996139
97.32290433
-13.26993580
77.29380460
-0.48045727
-9.46050228
-25.36719048
5.99701174
-12.13805252
7.92121470
1.61928342
-5.06789986
-15.63267196
-56.12672334
-21.53909503
0.00000000
75.65941020
-38.11845247
67.24155964
18.95050553
6.90024985
-46.16279150
-11.82496563
-32.11264364
-24.87394838
41.98421162
-35.72210821
-43.73164062
-28.44483092
-71.59070220
-2.67217614
101.51125218
132.79109688
55.12154034
-0.18377259
44.30054927
-64.58272235
16.49392425
-66.32524132
70.77211861
-17.44319442
-18.47698248
-18.87425824
-35.29474794
6.42332148
16.29241798
0.76927795
29.35537699
-53.86705319
-84.26428898
98.58894940
104.54029149
59.53471360
-127.08888381
15.15667700
-7.14142753
-23.95996835
-25.84722362
28.65846800
223.87355596
-41.37514494
6.25744263
12.45970928
-14.17364599
-9.14530684
18.76746626
-17.36011945
94.50230375
220.84523103
89.70223895
88.78737251
-16.52354963
-32.40261344
-35.90817489
-3.94649523
102.32215900
38.09804623
52.05135982
104.85943359
24.28480949
-26.92977704
12.97974011
64.15848728
15.56870589
-9.85565198
3.76380872
3.00280564
-0.25938608
-63.05645947
-2.37363471
0.00000000
161.09076155
-31.36424979
38.13957576
27.52072007
17.39311047
-16.77288402
24.32479663
-14.18956945
0.10120516
92.41414081
-2.25258398
-33.56438225
-21.51135485
-100.56359879
25.93397099
154.72572515
130.87022481
169.48109903
57.66291787
49.19166890
-37.09663409
19.57261615
-46.99676518
50.61501048
-5.22232823
20.40673292
-4.01390838
4.78681035
44.32678535
11.17541623
6.29978836
39.68794534
-13.89272271
