24.54753119
-58.83334798
-31.39038035
-9.05444775
-10.45518932
18.90180450
2.10424549
-3.17436844
-41.60351624
-94.92225181
-234.28319364
40.70701946
42.05467999
50.82819613
38.75031849
15.84438453
-15.21346656
4.31829323
-69.05061278
-113.95658805
-63.69357446
-105.38526486
0.49828681
30.06886638
-10.51606095
26.33448693
-72.04255445
-39.14185074
21.15555849
-105.22824725
6.46664588
-14.26649120
3.37114977
22.07939877
1.89786476
-6.05460199
-6.48693682
4.30914476
46.32465676
37.54918459
-28.33353380
0.00000000
-63.53621791
0.63174573
-153.84014233
-26.10570810
-27.45063577
4.65425183
-10.81115918
2.05492209
2.64451985
-55.91906676
20.86881853
2.92955213
9.61409276
-77.27071343
-23.78200384
-66.44107971
-63.80758603
-37.29105911
-22.91862349
-59.87186254
62.50352269
-20.70239490
27.50157793
-92.82437932
-31.40699729
-10.41191241
18.31519441
14.05331875
17.50516868
-45.85271471
4.89574788
-22.43128355
-34.77197295
-5.85838992
-51.63475411
-57.86836152
-36.32519670
-20.00995962
1.64739003
-2.84242134
-3.33437168
-42.42940712
-84.12724688
-178.08434528
2.97287114
-26.02490028
-13.39393094
-24.87682208
-8.49301175
-13.06652259
12.61929266
-46.12780817
-67.05655113
-69.89945466
-111.09317021
-11.65656578
-5.32934934
-69.25713486
-59.18354347
-94.97596608
6.24345339
11.00733226
-105.94248850
-8.25774011
-12.78552899
-32.90880789
5.83400196
19.14929292
-65.17567122
-22.70865170
-57.06254885
18.70757198
18.84225195
-37.84215258
0.00000000
-112.09012571
11.87242088
-98.79891239
-13.50621769
-53.81409622
9.72231069
-7.35687792
4.52680101
-12.54977314
-71.51271331
-21.87538594
-18.00054906
-8.72420227
-91.37491379
-43.36508226
-61.18293442
-74.63595176
-22.32533552
-25.27427921
-30.40199222
-8.19540755
-11.54599079
-1.31455927
-93.26024111
-19.81321892
-33.65337719
-12.01486799
2.72673445
-14.17246592
-55.37180679
-32.89007509
-58.45703329
-63.95144886
