-7.64364959
44.29451620
95.89739962
51.18867499
-1.08290903
-3.21364927
6.01145719
-9.65947220
17.31273646
82.74442055
208.53030194
-40.40765247
-1.77341305
5.52817696
-20.74017586
30.59237365
-10.92756879
-24.63260259
67.92292133
181.26605773
59.89484579
125.60425201
-26.14451808
-32.49795466
58.68454025
-15.89747348
83.09271605
225.94819003
41.59261594
113.32491794
-4.24355236
-25.93416955
10.15146276
38.34965492
-21.15571309
40.01995074
10.34275048
27.18897985
11.10601718
-22.61733258
-3.58943966
0.00000000
40.54108317
-37.54367853
92.58751110
99.28709195
24.97298156
-28.28531662
-6.58982252
-12.81519041
-16.57743447
60.06360696
-1.25401098
-5.68642296
3.31509421
38.65625416
17.00513459
57.43432739
100.07220016
54.77057436
6.81273071
57.77178905
-29.28832036
5.03426333
-39.06039031
112.35483148
1.37011478
44.83542246
16.25558348
0.29528368
14.81399173
35.96918229
16.82339393
56.11314581
-4.65045704
-9.16011893
89.85505320
132.86039928
124.62997648
-58.60485228
12.89745266
5.25404280
-7.00644460
-0.57385659
65.78235854
235.49784459
-9.36136231
29.02467112
0.92800668
-1.85091928
16.46431308
28.91453751
0.50985171
69.98528647
148.20918560
109.34734453
117.06019583
-20.50067466
-11.02569109
-30.87500250
23.07306549
88.31570276
89.32149185
102.79351786
98.97912555
22.30575989
-43.46140903
35.82990407
95.27920338
21.72298354
13.14509247
11.07098089
7.82888187
20.16460847
-29.62719224
9.16550880
0.00000000
124.10562337
-33.66547319
54.69632497
97.13329390
31.44470485
1.04386097
23.32401655
9.52781551
-3.89092386
126.78659087
13.03513207
-6.99156738
-4.58458645
-49.26025515
14.11858223
110.09447601
115.92287738
151.74955124
56.92151842
52.51436259
-43.34305845
11.89041253
-21.52012555
60.03764163
5.05645612
77.77832586
11.67636454
27.14785206
40.87235877
16.56691969
10.19372346
50.65701238
4.04163344
