17.48505734
-80.23071372
64.64617154
17.47145721
-15.61528591
33.21336628
19.72574594
38.01790798
31.37042658
90.03202178
161.07962961
-10.62931989
-14.48984191
-32.61263519
3.42275779
34.65276028
7.48528863
1.32321471
-89.48972339
41.65865672
-11.99910053
64.90512958
-32.67997746
3.97144793
12.24971286
-2.36974205
45.68088969
197.61555243
73.05484461
56.45581080
14.28643416
-26.48630484
2.90594112
-4.46853566
-32.44609744
-24.83907693
21.02433907
-9.69646537
-9.80598631
-14.95525479
-2.80936699
0.00000000
-115.74858562
-42.19554238
80.79062820
105.51189205
42.35239270
4.73005635
-3.09428956
-3.56847712
-20.44006931
-15.09823384
1.41276129
21.46956025
31.29821748
-47.56693896
11.71309604
-121.95088377
-24.47126446
-59.49419564
-3.53145895
34.37908705
-14.69125531
2.44291761
9.82264169
93.91989051
20.70340852
105.44605010
-1.48886487
41.27168622
28.66465451
6.56844999
19.21003964
-22.48546088
11.15932341
-27.12315952
-44.49093908
88.28602674
50.74065438
-43.16700699
27.91273905
17.59892478
41.17739707
10.19735124
66.81923051
153.69227866
-23.76704355
-32.00830855
-22.88000266
-14.82870882
21.67105282
22.06618137
1.05129524
-49.45405628
25.00111468
16.60604186
95.13329180
-13.92610478
-4.97127229
-29.09736759
9.93093542
24.35967002
90.10845804
112.96940407
56.10505968
15.52695292
-27.72172145
58.68082405
54.87288445
6.61359056
-5.11359128
-8.28420641
-0.23598752
-48.45938826
-38.51996279
23.03779182
0.00000000
-39.17124151
-51.54289867
70.05068022
92.67501935
45.73084594
4.79603124
10.51385419
-9.39534635
-2.62778988
49.42059798
-22.66152783
13.27612906
10.24932203
-8.41459198
-25.98357396
-127.44270065
-20.49511622
-51.00283771
-7.79358340
18.56078952
-36.39749365
-2.61246452
5.27073925
45.07575685
17.32474012
99.14039913
-20.72211896
60.85937179
29.93963296
-16.61957471
23.29434578
-13.39023840
55.19614263
