10.94639105
23.42257489
-49.73729709
-31.85096330
-4.57104577
-8.82344662
2.16525330
-18.61743409
-42.66869932
-22.51426066
115.08928369
35.52568545
3.36833181
25.88209584
27.29544663
-26.18693171
-8.43367973
-1.53880456
0.21704443
127.12053716
28.75659267
84.99732699
22.42886774
13.09202214
-17.26422466
92.97887018
6.08621282
-130.88428386
-40.42739880
-36.45428168
-15.49158270
14.95333197
-11.74818436
-55.43764422
8.10675920
19.80819385
-4.61848260
-4.50865974
-1.58703618
20.63010082
6.70351794
0.00000000
25.48423015
28.33621609
99.62229745
-96.40374693
-2.23297669
5.25536856
6.11795524
18.26446932
12.15061046
60.16348107
6.45644334
18.03119165
-18.22912093
6.25111515
25.74196715
14.52598774
99.72009725
-0.86668536
-1.12109377
28.23023753
24.55225550
-1.92018501
13.67495218
-2.21918789
-5.86647057
-33.11661671
9.17956082
-29.52719282
-38.59532098
-31.73766441
6.27568451
-43.07896448
-17.18295347
-0.21210664
14.46963806
-58.39936929
-92.42019659
55.47011929
-23.21214711
-5.73022930
-22.95072482
-20.61986449
-11.16232263
45.07277213
11.89007352
9.01416200
-33.48985779
-3.71947121
-20.30088342
-0.86409649
-1.93550448
1.68317496
40.22825424
11.03354629
45.51341471
10.93074178
-14.72246568
2.76629070
23.78207857
4.22859321
-114.80580368
-138.16585162
-24.39662145
-23.56674203
22.38693791
-32.15858695
-71.89120220
-27.45457200
2.21514318
10.08434442
-0.15657131
24.49646776
13.12309797
4.33397825
0.00000000
63.34426803
24.76151809
56.99836392
-105.60823106
-3.33248446
6.21456975
-11.15445778
14.56632560
0.66346208
14.64753243
7.92603417
14.08931232
-14.86694367
19.41360046
25.18329369
-2.20717487
47.85264882
-54.55165503
-8.07318892
-0.30417719
29.86760275
-7.44144097
1.06339130
17.28525799
-9.59863903
-50.00521328
14.94887051
-50.34043908
-35.10393279
-6.72188211
9.40478473
-27.13932674
-34.75987413
