-43.04689856
22.80450705
95.34157833
9.72075098
-66.02619132
-11.04872693
0.77775648
22.85636786
-10.39209637
33.43096253
219.32542558
-41.17213497
-20.85434406
-22.47962311
-50.83160980
8.20106401
-5.88480178
-28.78071109
24.41785687
129.75344130
14.03932948
73.18572725
-19.33416948
-23.98623422
-31.92343866
-55.98095183
100.92655613
277.71856807
62.38972912
77.91988718
15.48229834
-21.97790443
-45.96418607
-5.34920162
-10.00397082
-34.63286028
12.20951430
-4.40252830
-13.67296541
-44.36559177
-23.62450415
0.00000000
-88.85514182
-47.07680478
91.32503044
116.99644916
40.71904744
-20.36669108
-21.82641217
-28.71564400
-12.32500287
9.05270890
-14.18366892
-42.55329833
-15.92163414
-145.87551583
-9.70587145
-47.67738243
60.28748248
57.97320677
20.01230877
40.78767264
-54.15360764
8.56537616
-28.61634788
82.44710160
-11.41107428
109.47755246
-18.86180407
33.31968832
24.58619968
-3.02583578
25.48018804
-11.29665756
-61.09091943
-51.62710342
18.40513612
115.72558312
69.01182087
-144.96319484
12.39403861
4.06729351
17.66694180
-22.32721535
29.83878072
207.07126095
-25.35432122
-24.57395158
18.68596791
-33.28237938
6.97927415
4.73619540
10.47247304
-5.61471902
77.24228586
47.25825914
121.62537708
-0.86596089
2.07676621
-66.28632900
-9.23406167
105.66115264
129.91161405
149.72162398
71.61233504
28.09350137
-32.98866009
-12.77480627
19.46791475
5.89082350
-13.80940227
12.71878002
10.04440328
-42.27020551
-28.56696500
8.40907062
0.00000000
-9.70153046
-32.24033474
90.85925146
105.11284508
45.63808755
-19.28875942
5.90987820
-25.02930660
20.39740883
73.27311417
-11.30688687
-33.00314611
-16.09401919
-136.79285080
-0.14512345
-40.37073089
46.56618907
68.78366667
31.38221112
28.31371694
-29.52674301
25.54598153
-14.66853884
35.14220256
-0.73196332
150.41020503
-9.13093035
59.83657133
30.85594997
-24.40425807
45.72359239
-28.65952268
-27.13812766
