54.61571197
-44.39830376
-42.85902656
-10.04095667
33.45509392
7.48638221
-15.93864509
-22.62657101
18.40953255
-45.09952298
-68.83118387
2.33481223
25.05813106
5.25648497
18.66567745
2.24125118
-12.82968589
-14.11421530
-14.72218321
-124.70869218
-37.77752217
-76.36564785
11.11768479
-10.48124937
75.57995631
-52.73139123
-59.91823429
-71.54357840
-21.16768571
-14.89980676
-22.47526387
-22.93528363
5.58950549
-23.63542431
20.66571240
-32.76296903
-7.43883620
-3.09029291
7.21939546
23.35534114
-2.70816048
0.00000000
-9.75437667
21.80473548
-71.49111774
-34.85219019
-28.29920557
1.10904224
-12.44252766
2.26698209
1.81866235
-46.76462481
-34.77485229
-2.98138746
10.79526742
85.99372011
-25.62212266
-24.61369081
-69.75405216
2.46556234
-23.64945761
-37.84628616
49.11743416
-42.09805016
-19.13883344
-47.51587847
-16.35152356
-30.17622540
6.26372860
-11.16697443
-4.37525093
41.32008035
-10.60828291
15.36391067
-38.14960823
-4.13909599
-3.27590496
-60.70951190
-45.22931920
16.10911618
-30.67417554
-18.33396717
-20.36647966
-5.53949980
-41.25678045
-140.66591996
-34.07192969
-37.63612519
-48.91492936
-52.30529309
-25.67584137
-51.82136133
-65.42527990
23.37444710
-88.43321283
-53.43125369
-88.72110171
-5.00804459
-41.42700211
6.22900750
-56.27634994
-73.88167481
-17.69575713
-62.36006622
-74.01298931
-38.73554484
-21.62168843
-43.91536945
-50.12383585
-45.69754188
-62.34889567
-4.23498099
-46.42893906
10.95362724
-5.45824847
-27.68219022
0.00000000
-53.79856040
11.10813049
-61.96635639
-43.59765822
-48.86059270
-22.09545782
-34.06481294
-32.34131857
-16.63406285
-76.43062984
-52.55602955
-52.14164185
-17.05300709
-8.92207206
-41.72064737
20.97933645
-63.06568192
58.35458781
-7.18292425
-29.24691900
-36.43316064
-62.02028520
-43.25727089
-67.68710781
-14.07049113
-34.53805613
-34.22296667
-26.41342734
-62.15916113
-6.22201789
-25.46247758
-18.05875180
-59.28746078
