-7.80172122
-95.38585952
-49.77605323
25.15960383
-0.43425558
-12.23680569
1.65063564
4.94415155
28.58910700
9.68353037
-77.00642517
25.55534380
29.41906507
40.54127766
-6.36423961
-2.14614760
9.24751725
-5.31648406
-78.33747322
-89.74886918
-23.96333208
-44.04191475
26.55954063
-6.17433140
-34.40067904
10.43056835
-59.81391681
-45.74327143
-18.49157139
-20.50686211
0.76660482
15.53070234
-20.83436303
-25.22303045
19.68100103
-1.67557226
4.74172351
-1.58766720
39.09589453
21.82463369
6.37973473
0.00000000
-106.38428494
35.66362163
-13.48853366
5.16827656
8.71727560
-16.45549295
-7.58788129
14.94362925
13.15210991
-48.13352485
13.72416829
-3.65573931
0.11825876
-43.40478969
-11.69049366
-60.90787580
-78.99851345
-1.08916988
-12.38310983
-11.80347697
15.41957825
2.11816441
-12.24353296
-26.73124909
13.54320032
-5.39569804
20.68647869
-13.40042387
-3.70401406
20.68621557
6.19860272
18.38565283
-23.17175347
-28.44798204
-84.41858923
-58.45591931
11.79867292
-54.60110708
-17.04807148
2.11542592
-2.18859914
-2.23831107
7.28049140
-45.27388299
0.48191419
21.70482457
31.35936447
-56.17102587
-17.40126736
-25.86308579
-27.29350877
-79.96346444
-76.35733047
-44.62542271
-22.95266527
-2.02057008
-16.03988348
-62.00314320
-22.15151481
-131.33746224
-16.80346594
-37.30110166
-62.19447607
-9.72084472
17.14437252
-41.27511193
-27.62748454
-11.28109429
-18.91431505
-11.84507634
-39.12942486
26.44810527
21.19364949
-0.76622905
0.00000000
-86.72940499
26.98914424
-3.79748837
1.89168092
-4.69975777
-22.73742891
-18.98595731
11.30315187
-0.71507002
-56.37216584
-20.22203879
-30.88530651
-30.36937061
-74.28670059
-64.73072813
-93.87189878
-86.27301414
-38.94527610
-43.60143339
-9.10578902
-19.14702125
-9.81705151
-23.10103660
-26.58269625
7.42751299
-31.19317483
-10.15792077
-17.70043316
-15.54960979
-9.36421994
-29.07620462
-33.01170423
-39.12947061
