13.27506529
-17.23195016
-22.56924005
1.76433167
11.96765287
-0.71863373
-5.74148347
-12.76726033
20.81791665
-15.84090570
-30.55511730
-3.72762501
-14.04356365
-28.28763560
6.26421213
-6.82368666
-9.01252077
-11.26319673
20.42731427
-37.08050575
-39.61834184
-48.02281061
14.63834311
-17.80893224
74.36148543
-29.97138812
-37.75323626
-28.22437995
11.35024789
6.87194105
-21.91049633
-5.30273660
44.17681590
2.20840207
26.83442591
-17.87653498
-21.01816344
-2.06637338
-17.10009571
7.39507210
4.02834718
0.00000000
-8.51645403
11.10787889
-39.36281795
-4.31169930
-18.28734707
-14.47094109
-3.35402520
3.99442879
4.01865284
-18.77074160
-38.89999041
-0.62994414
7.89448075
16.19692553
-25.44282597
-9.41813213
-16.64994160
0.45444520
-29.40342654
-21.77700906
-9.00766656
-27.71574228
-14.97275014
5.69542693
-4.46257028
-20.97538903
-5.08509723
2.22757217
-13.11299623
25.51870321
-18.66831588
8.66773596
8.77213846
-52.03663292
-0.85572925
-51.14097807
-24.41979483
-4.12036066
-27.17153504
-1.34295187
-9.92180137
6.18185979
-17.83876206
-92.96317952
-44.16969843
-58.94574387
-42.21668435
-58.58766640
-24.26513201
-40.54835703
-48.64536731
29.03058251
-43.20767117
-51.85385745
-50.08477861
4.46561380
-53.18725374
-5.91209368
-66.21502670
-68.24616860
-9.17091176
-34.04717000
-45.09948924
-33.33878079
2.41894305
-18.46820961
-33.93915119
-20.75178334
-38.77278092
-12.04378742
-41.34056315
-8.59096533
-36.36802074
-19.05207868
0.00000000
-61.94403370
9.61352527
-34.50096794
-22.17807925
-40.78799223
-26.15061322
-20.96236010
-22.38851902
-5.77349246
-46.11848658
-51.14080593
-48.95747360
-17.89441265
-20.26122997
-42.51538479
7.10454719
-36.83691663
36.46857494
-18.68936513
-18.51558107
-45.05678988
-42.49419672
-37.22124534
-27.30095467
-5.68662243
-43.75803049
-25.56131118
-16.11964712
-55.43127836
-12.78501379
-22.45240348
-17.04463111
-28.18258608
