42.29249417
58.89319086
32.83866849
11.63311237
23.60799135
-15.53580526
-1.47836209
-1.82002164
-6.87176895
6.93017924
43.93123319
22.52823506
25.48847277
39.72569968
25.11189274
11.38011706
9.09848656
3.37885572
85.10375329
56.44114419
31.42793160
7.55433304
4.78605630
3.42390928
39.87923304
46.68941904
49.03748525
31.88936485
-4.63814363
39.81827403
-12.11782243
-10.58092132
29.86837053
18.97809138
7.99971461
56.19100305
23.43989718
36.69127385
19.43852866
38.37721839
21.83037908
0.00000000
92.44970225
17.95707168
11.78383079
-2.01673259
-0.01803886
-4.07126037
20.14128901
9.62458564
15.67162532
-8.36202312
25.35653629
31.40927265
6.89537058
122.70051124
73.65889184
115.48532888
70.30685264
54.38881895
50.16258092
-0.17969249
38.42734957
-7.99221473
-14.34571386
18.71300213
-0.35495339
26.02357167
34.41539104
7.63034565
-20.05195981
21.50526274
28.32649467
42.08419689
40.77529340
18.26174497
37.82858714
11.66395442
-20.85288889
39.69562673
-21.44022896
8.74400693
-10.30107273
2.55753501
-4.48628456
36.81108052
-2.03257574
13.45079082
22.91005884
22.68425331
2.38945882
-5.28731318
-17.16797051
61.43894589
68.46622173
37.80469111
17.48343479
-9.74096341
-16.81904825
27.48658705
45.52364986
65.02786625
-5.90934266
-25.03663260
48.71372697
-17.50969451
-8.62052553
-5.73726894
-14.85352204
-11.62233682
-6.54627670
12.62942749
2.26353996
8.37064692
-10.40187971
1.51565951
0.00000000
53.13152560
-0.55100387
13.34378843
-9.79600769
7.83806635
6.27685750
-3.78119681
-9.24657304
-6.73193065
14.79763299
24.02081456
19.36782558
6.49475327
43.28793335
90.45462691
89.87275916
114.04615129
38.70879712
30.93280349
11.57596220
10.13831351
-22.26089118
-24.60249895
43.69868982
-6.66389158
34.24112396
12.32037786
-9.09334910
-37.68330575
17.67756866
9.82353445
12.44565538
-16.36185381
