5.45606993
-112.47026804
-39.34189860
-58.48193975
58.58552725
12.49530663
-16.89751156
-16.15814849
17.88772205
-44.44638355
-264.81082512
-18.54625000
-19.92424025
-27.62191375
-12.66325267
-10.80365111
-27.68948554
-12.32005073
-124.99795545
-194.53601706
-86.39185316
-129.56415354
6.58880250
-10.85420416
57.94864574
-102.25153281
-116.92583147
-160.54263129
-44.76313900
-67.45103049
-5.25519273
18.18884968
-26.62829163
-7.05190878
7.94588441
-72.13075319
-26.93251967
-9.25388236
-14.64926378
-8.50955694
-29.61214215
0.00000000
-115.89633338
11.30744763
-160.82899440
-59.65866305
-41.74155132
0.52211799
-16.66182496
-8.96912732
3.72545460
-91.65066883
-20.20869499
-20.83860805
4.28162762
-21.32385948
-54.29075053
-115.93752806
-148.48484412
-61.35473071
-50.30382224
-74.33431949
-29.44338733
-14.22691351
-5.56247924
-83.70951883
-7.30475247
-55.92925982
-3.74367990
-3.64556556
10.08116602
30.64029226
-12.30331394
18.79267514
-45.47333238
47.12813970
-106.68347408
-95.19789003
-62.13841137
37.75556310
5.46420403
-5.47888394
-3.95810526
7.69378011
-54.91220692
-218.30141376
-32.57685119
-62.86512245
-68.79140505
-34.63298509
-24.30402341
-44.37684348
-12.91624450
-99.72449656
-154.02742197
-94.03972606
-135.60072093
-2.97033935
-10.44854887
0.07975601
-109.84700135
-123.85061133
-43.14631033
-52.40517836
-93.10671675
-8.45487984
14.10573849
-67.08491262
-33.93219354
-13.62775484
-73.20312784
-19.59987512
-57.42654318
-29.52318458
-1.82697828
-54.05532027
0.00000000
-163.44688011
8.30793826
-114.90518113
-47.95525976
-48.74820171
-17.98072599
-32.82941907
-25.08429233
-19.21261926
-106.90184440
-57.32262348
-5.83397531
1.62962796
16.87151282
-73.81568817
-149.42803505
-143.42740842
-61.72965241
-50.50247980
-46.23528566
-26.95490288
-25.62990693
-3.63362925
-90.83041824
-3.12216593
-82.68787984
-32.51268472
-12.85342508
-18.52015276
0.28807598
-38.25077151
-34.36144741
-59.08691688
