20.30933936
-4.02382243
-89.34020153
-30.33664312
49.83902083
22.27950290
-19.41685940
-41.01942345
37.93646722
6.42249399
-110.54568565
16.37679789
15.70903703
12.16421056
43.60478137
-9.98929230
-13.57393539
-2.77243121
-37.11624887
-49.84716437
-13.75980081
-56.00393064
27.01195406
25.96354537
104.77471559
-18.46098419
-84.38294940
-195.83391137
-77.21586606
-14.87670199
4.72616695
15.45248533
7.35699235
-25.11286809
22.13796605
-23.43043409
-37.45243913
-18.22510841
-3.01054259
26.30877341
-5.65748756
0.00000000
40.28486428
36.64774384
-25.93199715
-115.74338361
-35.11175751
2.47587478
4.06069097
3.80632171
4.52664492
-31.05884580
11.49718181
3.50752691
22.64442926
43.96910379
-17.49064881
-16.61759657
-67.45492226
-55.12391826
-34.94663296
-32.30678508
39.46985823
12.78312179
11.48958916
-38.73321602
4.25116646
-88.62388918
-0.63941301
-54.87030894
18.45853760
46.44831924
-20.91403775
9.55069479
-3.49407411
40.19835184
-72.81998026
-137.26717192
-74.21393054
42.86059335
-5.05266033
-22.95206859
-46.39037393
22.06620613
-19.22203742
-130.96921269
-7.48276491
-51.20412715
-52.88556017
-22.44508307
-32.11306805
-18.78135870
-12.74279828
-77.71528049
-116.59993400
-70.91107528
-67.48169406
2.74202382
-1.44767277
25.74084400
-76.38153827
-151.79743445
-106.08402377
-149.98885913
-68.86031254
-3.45850942
11.97318836
-39.48607173
-46.74143976
-13.68220113
-54.85682721
-25.66570825
-36.45469965
-6.69530182
21.42735618
-21.48226936
0.00000000
-61.44285720
12.31440436
-51.58027589
-99.04649654
-60.11554574
-11.58194486
-10.00248372
-7.77272556
-5.99479553
-78.64233266
-29.64823244
-17.73476024
7.70644076
55.06915527
-56.26349769
-85.84054679
-134.07171344
-77.42406465
-53.38222675
-32.47736625
-25.51817211
-15.78112461
12.74972319
-70.07845765
-8.12463212
-127.48308170
-41.04120324
-81.29506528
-7.70184423
20.29797529
-39.03584354
-7.45294886
-15.71690690
