27.25274729
34.14158806
-3.37338603
-7.35707896
35.09265774
39.61030184
2.90963586
0.11208397
32.28014516
12.67934019
34.93008331
16.61030465
3.49056418
-2.31305194
29.66337018
34.79764523
-2.76811348
-1.97510968
11.45897946
62.83316990
1.39802786
3.57406779
11.30996219
23.03340189
64.68663767
-29.64115354
22.41416868
-44.73184964
5.65531696
46.84849358
25.11492737
13.40930866
23.31339065
-16.72141338
9.98263744
-41.27705904
-14.00468810
-10.22654365
-12.64996607
12.64907775
-3.23220836
0.00000000
52.05885499
14.46425658
31.60811601
-19.12619477
-5.37253318
-5.40643362
-1.32865878
1.61891966
4.98668334
13.90785647
9.33311862
10.19431494
23.07273966
-11.25704014
21.86902958
27.82694367
94.33031168
-18.62349493
-4.44927674
-8.87044020
24.06414353
2.70496216
19.26558074
3.19223565
15.33892122
-15.15986310
-15.36514788
6.70957281
57.23311538
39.99627083
-16.99610030
-7.04609973
0.49804921
46.53116352
17.52666213
-12.34083033
-18.03659265
81.55625498
37.40224174
5.70071401
-6.32411842
31.86586278
11.72687034
21.07758387
-9.29808552
-10.44119734
20.78983430
28.52530684
34.01385059
-14.44141511
-8.91295338
24.44356497
52.75011532
-3.17867926
3.60410085
12.94669799
7.28953382
51.31410879
-35.29588410
24.13373229
-17.67991852
3.32482461
33.87041263
8.43803108
18.91819296
22.44118474
-28.19589559
-10.75971613
-28.46765034
17.11755488
-8.44284759
-3.96385003
19.71057806
0.98337084
0.00000000
28.47075394
23.10718555
13.49220961
-11.12940216
-11.00502951
-12.60842360
-1.53161374
-7.48565907
14.22884926
16.67929424
-4.80087802
15.33800372
38.59520314
43.39384650
61.77727804
55.11591825
82.68036342
-10.09464116
6.94712424
-4.74110415
14.98684035
1.98918798
15.47427063
-0.98580143
9.68427097
-2.31322282
-1.97045443
16.93696536
37.34834364
24.59196011
7.50667728
1.71083074
10.37328650
