13.36722603
-2.19048544
108.83950573
-8.17753529
-32.71777676
15.91074775
12.85446863
40.39122144
23.73140074
85.34076539
266.06415259
-18.81362577
-24.68130883
-17.38948822
-7.58057330
34.87351096
1.59049480
-15.33990671
-13.05576933
139.10739067
13.74757840
110.77452144
-19.08341669
2.68908698
39.50729916
0.12239629
121.31121566
291.55718936
78.24418119
105.89710378
22.11375853
-23.02320044
-11.81216103
-11.38525302
-10.29003738
-21.35932429
37.00507405
16.50397853
-11.87093529
-17.21394500
-4.04754218
0.00000000
-75.09424822
-39.56376835
133.97807593
124.37159504
57.19953307
-4.87697334
0.81124707
-17.95094516
-4.22608907
7.49777760
5.14723658
6.19348661
17.73017107
-39.88173608
28.84040574
-82.51239606
47.76023044
5.82320436
24.12338580
46.31397426
-25.73147361
13.23289897
3.57341851
109.75462104
14.56215966
143.96037301
6.94181728
44.38603516
33.01987830
17.95102522
42.17127788
2.28995992
-22.10498238
-21.92319083
0.29957953
148.02588262
41.32806131
-84.32693787
24.22166620
14.98870816
34.78066719
4.94747701
61.89227208
242.12891830
-22.39437488
-18.25222424
17.83124813
-3.35688286
26.47580495
29.99493009
10.02363312
-14.04981324
77.56115774
51.39402911
147.68948849
-1.61558368
9.61738574
-27.29642824
25.43264519
116.20766292
123.65496376
140.38811311
96.99364732
27.82362797
-24.58894900
39.87051237
54.82696456
11.64519410
3.40658987
15.56543482
32.97440133
-50.34365112
-35.86035839
29.41063798
0.00000000
20.50265565
-43.64244704
119.48669777
102.33872944
66.02181281
-4.91253115
25.58529116
-25.54758247
17.64504544
85.32667923
1.72762513
3.29301813
4.58308607
-35.88210146
11.79787015
-78.59775581
38.47238634
7.09313160
18.86077937
31.97559269
-4.83519771
21.28796744
8.08202264
58.21308052
13.69490391
162.69063032
-8.08881516
64.95342322
37.04429966
-10.34328594
57.16151714
-4.98094811
22.71659382
