-97.51358170
26.51463236
-50.86911029
-82.76673638
-125.85512565
-34.70197202
-51.27222127
-35.05916020
-40.67162671
-23.07722671
40.02913036
-108.66299305
-69.31153941
-92.38743169
-88.89552680
-39.63782609
-39.38765600
-65.11575844
37.75007219
169.95984098
3.19687872
26.53694038
-40.46927563
-68.17366791
-64.45602928
-104.65228549
0.64878846
-51.96182582
-59.05127818
2.46596790
-13.39358849
-32.41891426
-76.79081027
-15.52287870
-28.04352026
-36.09076931
-23.33553525
-32.28665945
-51.51128274
-70.49246016
-59.56611887
0.00000000
-39.70398553
-50.42116859
-11.19691198
-54.57908975
-24.67907281
-51.84337457
-36.55231603
-54.47714996
-43.04518700
17.78437659
-57.13203499
-70.70814206
-44.52753240
-142.98644993
-57.96889306
29.71311174
32.72738373
-6.73925859
-36.29001628
2.79639149
-82.61915741
-3.65892433
-76.65108338
-7.47809833
-39.25245822
-80.06997048
-61.08443025
-58.42852566
-3.44976009
-27.71092959
-20.44790436
-9.22032637
-73.69085493
-131.58800200
52.72287292
16.15689640
-7.01788703
-163.68578612
21.33292771
-22.35220108
-37.53693833
-43.64179129
-6.99636354
155.10032962
-49.64888423
-29.56195534
9.16254342
-14.61918122
-23.49034624
-8.40583730
-25.84146113
51.43692372
174.44164058
42.60985336
43.15704453
-22.44974327
-39.64943434
-27.32552177
-45.84601355
61.89479365
-4.33348376
4.18636114
74.65796193
12.14054702
-52.17572140
-17.61662629
60.12902961
20.65665879
-28.87634471
-17.02743683
12.74206313
-25.15859229
-50.57164205
-23.60314046
0.00000000
83.42401686
-29.07231122
24.10659627
-30.97755606
-16.69105348
-22.32937357
21.44772306
-29.71192927
2.56349758
15.98525584
-12.37750981
-35.80357470
-17.52281185
-83.67468384
0.41768256
90.18663969
51.32332463
127.27339333
34.84120975
25.49230968
-28.09818509
11.41324305
-47.88217416
28.32218098
-20.86600297
-33.36365111
-20.86709868
-19.33952878
35.79392709
-14.75911064
3.51053048
39.15020276
-34.05797885
