-86.20541842
30.89048223
-19.51985194
3.20936421
-96.27167182
-28.52124634
-19.42102099
0.81830869
-86.01374071
-74.94121461
-178.85377775
-8.82449557
-5.26845135
4.62094297
-33.21819787
-6.50108251
4.63765298
1.89769392
38.57709228
-77.06803611
-11.54154456
-39.13374388
-28.13388360
-18.88667309
-82.32153646
-36.18391732
-14.42012706
115.67435249
53.57853494
-127.43393869
6.79573019
-6.37950295
16.49037418
58.60790844
-21.72471894
-13.52147146
12.67938975
19.25905133
13.25747882
-10.03547523
-36.53189995
0.00000000
-58.31917764
-41.32834953
-117.67416640
48.67890325
-24.28077256
-4.59710289
-14.70455306
-19.40784253
-8.81655129
-11.50655893
11.62677212
-49.12982552
-19.88467941
-181.37810241
-46.23376930
40.55613238
-8.71611980
49.53263170
35.03215464
-4.33509158
-37.31434068
0.97530745
-19.12004826
-32.18386207
-53.41226870
28.22789061
12.27355975
33.90651524
8.11660076
-94.82459203
20.17747745
-4.08192538
-14.18980883
-57.57018690
39.21468703
-0.64853538
44.16001494
-111.46897841
-5.20020022
-9.98049577
-0.80330104
-83.77487443
-66.76929750
-96.34567318
-19.83189494
-12.38051953
41.53730899
-22.91464726
-5.62187727
19.56053989
-0.75659819
54.41514183
10.27549076
0.10911053
-17.28231316
-8.44832337
-4.84070270
-78.00797713
-45.24630647
-9.13928888
63.28366190
86.45931430
-95.04145905
21.94015218
-20.04815574
27.40619526
49.70373910
12.00609516
-11.95873754
10.78469549
-5.72295799
-2.95239126
-25.83463574
-26.71937510
0.00000000
-43.02391097
-32.70811334
-68.59912559
43.93043224
-38.90128968
-5.29424136
8.97709569
-10.16145898
7.00477297
-7.29191321
10.92381045
-43.78494942
-15.25462767
-141.69529999
-17.02750459
81.39204997
35.00559948
73.51506001
42.15340353
-0.84378877
13.55151718
7.45788833
-19.81145306
-74.63111824
-38.24379535
38.38351519
14.13722239
43.66792743
30.81926973
-89.37471705
20.14075245
-18.38110244
-1.22859820
