18.28270541
43.25840535
85.12733630
42.02831337
-24.54021518
9.05218335
32.44480386
23.21872927
-10.08932468
38.54429166
101.06584778
33.11227285
8.56561892
23.28634025
25.84641463
10.69251020
24.62502365
20.65203004
69.86602268
130.07034256
35.46324391
53.56120277
-1.21375139
8.99000033
5.43095909
40.58146493
58.09990498
53.07205033
31.98908468
8.19571597
0.24427915
-13.16323491
69.53680129
46.62137810
9.28074259
61.03648034
12.71309467
46.41980503
6.91292164
9.09464723
49.20079201
0.00000000
63.94730144
5.92127192
63.28340513
22.44717413
53.45717045
32.23485207
51.27647905
22.93409803
16.94370752
36.15413812
38.21576222
11.14124213
1.37079872
2.60417514
36.39256356
27.03124000
74.36940086
68.45927016
18.35908950
27.57257489
18.61690959
-7.98699866
8.34291322
47.36002833
-0.79881512
39.35378060
42.41272604
27.37645760
-3.32122018
-1.15037671
11.62126150
23.89283091
111.53841224
35.06023445
38.53583468
43.06284891
-31.60074827
-7.10392290
-15.42570925
5.62142777
17.09670878
-15.42844956
18.48015795
24.94398889
-8.87562746
-13.73983959
10.58433233
-0.69129900
-0.60084095
22.09863728
3.42828216
23.16087800
54.65072365
17.94315368
1.80364547
-1.59360684
-14.17804155
6.35224656
25.81415637
-9.27034488
-10.47803556
-28.12484108
11.72122396
-16.33984962
-2.28437446
34.67340032
-30.93152433
1.72335349
15.17380626
-0.71668464
-2.56817751
-8.48367885
-1.58663141
20.99231530
0.00000000
46.98207224
-2.80298692
24.09094964
-1.60201658
23.27016706
12.60190238
4.33406912
-5.36100488
-13.51862742
0.89423569
46.99327515
-6.21407876
-7.24229748
-0.96271750
6.66286624
-3.70708904
-1.57092928
34.78998293
6.95632614
6.67447971
-0.82530682
-28.42536926
-3.52065352
32.23260893
4.62279553
6.66610355
16.31567172
-0.32955957
-43.12423104
15.91786053
-15.09968852
11.77584381
36.71576599
