20.82759270
52.36336805
76.60434954
59.83140377
28.79366444
21.06673753
12.47883328
30.71408632
33.02352150
42.70498127
-76.74264924
16.41090769
18.26693712
45.76053918
12.18195415
20.39077176
33.98026349
23.16567904
46.38248167
-34.70176160
48.47622545
-1.85476536
2.96373710
13.80350258
-25.85106002
-24.76250953
6.12756532
73.70398367
53.98028181
17.59345970
18.04807739
30.95830310
44.67819098
77.78880468
20.06609849
74.29475053
14.67915504
18.10710424
12.27479552
32.61719167
43.03282307
0.00000000
11.78415711
12.67105377
-57.02852857
66.90327366
55.48485570
26.23199229
47.29145674
29.14404189
27.25621338
19.38821796
29.47558769
-0.87100269
7.23224582
-28.56085708
4.49416772
107.19128634
-0.56894553
88.54793519
37.57850692
2.79801002
-25.78937611
11.14180279
8.48942973
11.96863632
18.38919653
50.68318638
35.12095033
45.72514682
23.28298958
15.17723520
4.89315777
58.97885541
63.76352386
75.43306782
48.60040268
95.19611409
35.52074878
47.51064796
-0.21767975
9.70497390
23.86983112
16.07332082
19.22253471
-39.23034280
20.70412097
47.61791706
51.45754023
6.35726185
21.53205231
18.71982293
13.98824093
53.48102909
16.81386388
43.69607945
-7.16270428
9.81283512
21.66284655
-7.27556202
19.49594687
26.47430132
37.48943981
27.67954771
36.55668636
23.77756700
34.99072646
51.67686839
44.86641989
29.90599010
77.28303811
14.70043804
22.64094284
35.39021529
29.79193784
2.78795562
0.00000000
52.18541560
9.54102803
-29.63512980
40.22684657
29.25313646
9.67758293
19.36369186
16.74106479
7.19304753
46.13009172
56.14362793
1.47517351
13.00818454
-101.87430115
47.51345710
105.19484145
68.94464859
94.46532475
37.73566706
6.31462277
14.93308515
7.64425080
22.57014448
5.98718516
15.35709829
49.96236823
53.40392965
28.54096135
14.32757855
38.25009875
10.09284504
67.57971483
61.71944860
