-61.32278484
-79.52394352
-102.56721002
-78.42184077
-60.38924762
-6.56723467
-28.83076480
-30.73669630
39.63657261
-1.76319435
-109.96401624
-35.77943595
8.52352147
13.40658665
-37.76766030
-29.23692871
-21.95555439
-27.61941751
-66.12633738
-94.09239080
-38.60078759
-42.10224192
-22.28370818
-35.15098339
-23.28550380
-72.25881061
-134.94490660
-236.52075924
-110.70257607
-92.68556651
-21.80832699
-24.81353462
-62.88814438
-51.00967291
-14.68977489
-66.64321326
-16.43436816
-35.41135004
22.93508605
-8.85715531
-39.83358336
0.00000000
2.23278948
-19.68430839
-30.44786427
-119.16392799
-32.87345038
-4.37987602
-27.73872360
-11.37111898
-24.34382193
-26.35525909
-20.05591695
-35.97886523
-37.89695421
-74.04620759
-72.77696097
-69.49420920
-117.42298924
-76.91693522
-19.77720026
-23.18845519
-19.53254246
-25.56043980
-41.67619789
-77.19977754
-1.90687025
-88.14547057
-25.24338292
-66.59111948
-13.84214413
-7.08430841
-28.69628321
-23.51479688
-71.61014793
-29.27522069
-69.25937122
-149.49709011
-78.35121104
1.76895045
2.78143301
-21.61131519
-23.72241046
20.98336874
-16.34937295
-130.63327643
-29.65967995
-32.50133465
-30.41039439
-52.11341672
-31.18096913
-3.50295314
-6.18424653
-67.67021532
-114.69280887
-73.51119214
-64.72658319
-25.94947456
-32.40820204
-13.35403156
-86.11206600
-158.10947548
-84.19363904
-150.69894107
-97.63390543
-13.47509637
-38.61427496
-68.22167456
-46.18313234
-22.35803878
-58.92572607
-37.99441926
-46.16834593
6.62045512
25.69603451
-35.22997241
0.00000000
-67.44321835
-11.66151922
-46.58823360
-95.48433994
-51.11305684
-20.76341096
-25.27494344
-17.53221485
-32.41960835
-72.40509514
-22.63899245
-39.78308953
-29.67792975
-24.05361490
-115.72531166
-64.43011820
-148.83719446
-85.68842972
-40.49149817
-34.14794087
-55.84280859
-28.21547499
-20.71514149
-71.29751649
1.49349541
-129.11775666
-44.90527582
-67.51311174
-8.25634345
6.33968521
-42.53995515
-32.64362945
-49.93942311
