-6.65811017
6.15132500
5.59440136
42.40536294
-1.32165093
2.34042983
17.85479843
6.38236248
13.28351383
21.78156764
38.75982857
19.58934468
-9.62618655
-12.69086899
17.62075988
2.15626871
6.51107714
8.98624836
30.85071034
60.67329969
-17.93922318
8.13354435
17.41314916
3.26072570
53.71547958
44.35916733
15.21502933
37.15559603
45.06255522
26.52129084
-6.79602534
17.36289229
51.70194021
25.31219813
17.50656950
25.99063876
-10.76070752
23.50100646
-13.29081313
11.38365826
20.50891357
0.00000000
4.70259582
8.51997203
25.35235733
31.75284997
7.39557833
-8.61155186
9.28407436
17.84034372
16.82482074
18.37741094
-6.70491189
22.42210645
13.63773687
1.58275351
13.81495731
18.71716482
48.36274453
8.29784458
-13.31869516
11.06434017
-22.80802322
-0.31282531
15.60151296
54.85655344
12.77009490
12.96743779
12.79131338
25.78538581
-9.22922552
3.81435558
2.65809301
10.23826544
33.18366977
-65.95252219
3.24106856
-22.73945786
8.73730002
-10.02496868
-18.16837096
17.83511357
5.37785814
8.96794169
7.83517954
-15.27988522
-23.41693654
-33.74742870
-15.39475082
-38.81829883
-6.98708814
-16.22848502
-6.81303547
23.05245632
29.80388438
-23.06680742
11.41816155
13.78900257
-32.23284114
-20.14358353
-27.17355980
-15.67745883
-5.74693866
0.53462040
3.76887410
-16.32048555
28.61387788
4.04645737
-14.26438438
2.46538694
4.63313030
-0.86711361
-6.91468795
-6.78996862
-42.51075152
2.45273486
0.00000000
-54.70508562
14.07650408
14.59324703
7.93578198
-2.88817795
-3.81751019
-8.31607769
7.21676943
7.30653624
-8.11165638
-19.46822502
-21.88250250
-10.75060645
-10.55365055
-6.61230138
-4.25438354
4.90800930
8.68318004
-14.13426132
1.56726076
-20.87855188
-10.31203325
-14.34617030
28.02390056
3.04193365
-27.53997097
-2.20462140
4.70346275
-29.58996098
-9.61929990
0.75933401
-14.24071557
7.74547289
