53.66778770
43.71021952
45.40826779
-4.87133958
53.53859457
51.79315394
-0.34860019
0.79430575
92.10366566
40.98152575
66.67576030
28.74667635
30.90394263
33.89170737
67.97852348
41.78443879
5.33610284
16.36780261
44.49010247
20.24934979
-2.21080087
-1.84617292
38.17489951
16.35121484
110.32074434
-18.93275241
66.99949768
-13.56327692
21.26415258
103.10754274
6.86068932
8.43873926
37.42599194
17.54759211
50.20455364
-0.14961220
-9.28076852
12.60163302
18.09738516
48.53932613
33.34414796
0.00000000
121.23953056
40.14060111
15.41588189
-11.50608924
21.84065922
35.45866856
23.12049599
16.18450973
29.18287333
-5.77116181
16.90517847
39.47497771
42.13415752
41.86851899
46.39885987
45.56252082
22.09964702
26.60819719
16.28387611
-10.59707088
42.58509752
-22.09589907
22.34813521
27.94483392
48.46184714
13.91522040
24.26796088
4.20507008
32.73043457
96.10812384
-4.45609981
47.31166389
41.09627747
34.61220277
-2.42057315
-5.61493519
-74.73811977
75.61955409
11.49196810
-5.17202294
-2.45719097
64.08341321
20.57704483
-54.83918437
-52.12991212
-42.88246169
4.33807614
-5.96328521
14.66478150
-28.06519516
-17.85302147
-18.43640015
-45.01493984
-19.70138671
-37.23674378
20.36833035
-19.60741810
55.35203358
-58.01067636
21.30419285
-35.93708689
-32.73488136
56.05968461
-31.35017389
24.01531814
-18.57058246
-88.10795731
-49.95399688
-55.08497992
7.88075572
-16.72071596
-19.07530110
6.84071407
-16.87441645
0.00000000
43.09400910
22.66894622
-24.70211665
-39.71244796
-3.03308208
-21.85610775
-26.52045843
-34.06895314
5.78502710
-22.52919868
-16.63853239
0.96729182
18.08041890
-41.53235706
27.19228954
-30.17248586
-40.12531157
-49.24602859
-18.29900296
-25.22395141
-9.33569439
-48.53960200
1.19147715
14.23216423
29.28639810
-22.05129131
-23.48015649
-20.32183898
-20.02449354
62.03003943
1.34587688
-11.60085252
12.39508400
