62.37919870
-5.19464704
95.59204319
76.20673044
36.50449994
54.85713344
34.83986403
55.72217019
26.91961168
45.50426113
48.69090205
16.51489214
43.54159254
24.79960811
47.66957488
72.11368976
14.03257361
7.11981584
-46.28154794
-8.44498724
-15.07608207
24.43699541
-21.40058648
35.93051480
64.91397773
-11.64565705
49.13518904
275.61176985
141.62102896
62.45107530
26.32377268
-4.52948860
65.20031672
81.54075983
-22.74406631
57.00479890
17.93971149
42.69045590
25.42080976
27.68262169
11.51002413
0.00000000
-50.63957905
-39.58634941
7.47160367
180.23127449
51.57864357
22.09210816
20.52584766
3.15184139
7.85378473
11.23164959
15.37171279
36.33619406
53.71456625
62.52749636
0.93940540
-79.66908860
-58.23625342
-81.27654664
-23.85111791
12.29786294
33.21255148
15.15607287
27.21652997
66.25126548
19.47871166
112.40977972
22.30540018
65.60483349
50.50085331
36.82938254
18.34892036
35.29700816
85.33191107
52.01438414
28.55024238
129.32720991
87.56769625
46.84532597
46.85459820
2.62364450
44.30957699
1.24139256
35.42598385
94.27576220
6.66405813
25.06904826
67.76147969
42.37761078
68.25482764
24.87828733
1.10488044
-7.68290131
28.72168927
27.35514474
27.82602909
-2.35185857
29.84266809
19.42372396
-32.88615564
61.96248303
151.71459605
211.39591672
77.01372914
19.08838110
-22.06210298
88.95440274
64.29289873
27.04746737
-3.04015760
4.23833446
12.57108848
25.50622187
30.39873420
7.61868684
0.00000000
12.57566521
-27.42101619
10.02852426
154.93639693
25.06027493
-1.45873547
27.82516838
-4.17976967
5.72785168
64.68065372
9.42269336
28.34503958
35.17604185
10.66291481
-8.11956938
-38.57910479
-26.99064072
-46.83321393
-11.33686087
17.04599648
44.37662101
2.99792026
13.14316710
34.47794582
8.22276896
122.19338021
-4.47758377
68.03818583
32.87338525
14.49942730
0.10836112
20.61687144
42.77485263
