-37.90529853
-77.86149233
-12.19878900
-7.40033752
-15.72109012
20.73839553
-7.80382133
2.20830940
-3.94644129
-11.73784869
-109.09586386
-35.99102185
-19.54334507
-52.06945961
-23.02200578
-1.47745085
-3.71027860
1.66830617
-94.22684811
-118.52660156
-43.38444737
-55.01110303
-27.88032159
-18.26896427
-51.96477631
-49.71787029
-52.75599779
-65.02459299
10.93808918
-41.48177764
1.89438306
-19.53369775
-28.13711570
13.85396625
-39.16012563
-26.77641641
-30.11892651
-23.03036464
-30.86597988
-35.58186748
-19.24182590
0.00000000
-129.43056374
-40.84441520
-77.41799616
-6.80048022
-3.30640874
8.37854552
-31.70546715
-9.46597114
-21.55546627
-22.00929381
-28.26482659
-25.55653161
-1.54217106
-121.16305309
-74.61166907
-105.88421110
-113.56007733
-24.20729458
-41.67900458
-21.38653438
-32.32425246
-27.01031894
-2.23194291
-3.60813914
-8.37004151
-27.24186671
-32.10440552
11.29804338
17.30478640
-21.83501874
-21.85479193
-20.30085984
-11.24350244
-10.61534114
-49.19747156
-39.79804465
-1.44089506
-7.46886644
22.64858587
-10.78685832
6.50851137
-2.77000428
-9.05568004
-100.71874955
-24.44333130
-28.82559156
-51.61368542
-43.89505606
-6.39920286
-15.47037649
2.66270894
-47.29267024
-62.51325034
-31.00270370
-49.97121106
-4.73341791
-5.60725931
-39.92076051
-70.56456318
-73.42918236
-29.61936686
-2.87794265
-40.50719027
1.21700939
-19.48404248
-17.67713772
13.75015941
6.80058487
-7.60509443
-23.08149526
-1.33610206
-17.88851655
-16.11073790
-24.50371111
0.00000000
-114.42239648
-16.94061110
-61.61002552
-11.16281578
-20.81918218
7.37241493
-15.19870999
7.18438936
-13.34105084
-19.89345868
-24.42354090
-15.25702997
-8.27685604
-115.90587288
-85.80570812
-93.48143263
-96.61246428
1.71699936
-11.31859981
-11.80873019
-37.57185775
-18.96368171
4.42224346
-36.63274072
1.21107098
-55.26097866
-11.86582980
8.08949505
14.49744259
-19.07215980
-5.73948867
15.25982556
-8.28304964
