12.76994803
22.45176150
37.79957446
10.88999720
16.86608202
25.60507949
20.24505672
33.12598244
-14.47260772
-3.85333586
-34.36552945
-28.50376637
27.15921650
-17.19942239
-24.98325857
33.92075953
-9.69745736
1.80849898
22.58545312
-10.92952718
22.36140417
-23.15753703
-34.49473160
-11.09008035
8.13077958
-85.54471686
-4.09387877
165.71525648
76.44115936
17.25716726
1.41979671
-29.76621039
-6.00684975
23.12665263
-43.75200800
-17.31456484
-15.32974136
-4.94303847
27.82312002
-6.16638315
-6.83187328
0.00000000
-6.19218290
-36.04818605
-40.85541277
118.51665212
15.56194130
22.49837684
-23.79789311
-9.27302743
-25.20543797
1.77461722
-6.39320433
1.25914093
18.19631409
49.55533411
-8.17697082
24.39954053
4.89463707
-24.02306382
-9.68756240
-2.56925549
-15.45478350
-5.85352372
-22.66458614
7.38159440
-7.77139542
50.95737393
-11.30909222
57.25556579
24.88378814
-14.79536424
-15.04259258
1.05385766
23.79080032
0.94684940
32.80725241
69.20352425
87.33707304
-6.48176749
32.00281177
11.12034859
33.25480333
-8.03500266
10.60152884
46.22435876
29.42207116
39.20306867
31.90034604
24.30289083
34.20777521
3.13222117
13.86927213
39.65373571
73.40659576
23.53254145
5.32568668
-26.56903594
11.79532830
25.72500142
4.52581994
58.38704614
112.23440563
158.64876452
39.22061285
9.62140702
-35.51475752
29.35726070
78.80615795
22.79979605
-3.82404058
-8.85405677
11.51695245
33.58291064
43.89065310
-2.74140687
0.00000000
52.15277035
-41.13341332
-15.16967114
121.18419454
10.17770761
42.95597358
5.28849622
9.74371008
-13.42583455
27.17335045
16.43182945
33.55754543
29.42548988
40.65259958
48.72531859
42.80734531
70.13066856
35.22044310
20.35900166
6.84848230
-36.00495375
9.66487822
19.56141025
17.06170092
3.58729829
107.44226604
15.69862902
85.87226547
19.19483873
-12.36627308
-6.75345013
21.25805758
26.94056562
