4.78525305
-43.47546798
10.36735471
36.97630282
-18.42247171
-10.46672863
18.59383968
17.73110642
-75.04256337
-92.79574046
-164.02232462
15.33219578
27.83716085
2.24871215
8.11585548
9.37772165
1.96524197
21.42423366
-33.24988392
-111.72022036
-39.01408079
-67.96619964
-9.96313270
10.86216312
-25.62593718
27.74453658
-38.11525682
86.09048832
61.74147037
-124.02731293
-27.57363529
1.07604018
33.16811135
34.92679004
-12.02659373
36.06377427
-7.24724037
-1.97325768
16.56426493
15.91851334
-1.26546181
0.00000000
-73.91881772
-1.75432068
-113.44971590
57.03394372
-21.04727055
18.91999183
-21.04665126
8.51615624
-14.54685379
-26.05798959
-6.32844415
8.56845417
2.77004890
47.41138889
-22.94163225
-20.27626954
-34.83329022
-29.19740105
-19.32651048
-21.68406682
41.07796085
-10.82249992
8.33458733
-43.21849032
-30.21192888
21.46876282
19.34618014
45.43541438
-51.09151929
-69.16560663
-11.31579291
-23.69725234
31.71366346
-64.80280541
-42.37274150
10.48349118
70.63949132
-53.52240587
-14.84229848
10.20568759
25.52546000
-56.93796495
-64.37944490
-141.72774702
27.04729056
32.61538317
-9.80179672
-25.09466548
6.11061604
-15.56141456
19.10773822
-19.89065466
-85.35933808
-62.16978688
-68.37736142
-2.21055938
-5.42599500
-38.66300726
0.95943412
-48.86564902
66.14363871
106.49413883
-108.56982731
-12.08692939
3.99794144
32.69292166
27.76999452
-2.43493652
16.03099030
-7.53572039
-17.96770976
10.42765520
-19.91365590
-8.16201221
0.00000000
-97.47232760
-12.66043723
-78.04239451
60.36740048
-8.48974660
28.63590546
-13.41967514
14.15629387
-5.64360505
-42.23177241
-30.08578724
-6.40234821
-6.55968910
27.32889612
-32.03239794
-52.37349505
-40.86311906
-38.45147197
-28.66694399
-24.17280315
10.33115614
-5.60080182
-20.22601648
-64.76476001
-23.77235584
17.92268374
6.48948950
65.70164056
-43.13972999
-74.95527144
-5.06492030
-49.87627420
8.65694029
