-19.63441034
26.33662506
-12.00544224
-17.33519961
-32.16580632
10.16231383
-8.56102750
-14.60928643
-32.30094700
-63.08552730
-85.01734077
10.27782483
22.68048972
23.02680799
9.16694740
-5.85347621
-12.07414023
-4.32248095
21.61871425
27.90564695
-30.21583252
-18.88343714
14.03577299
4.79788506
-52.64296838
13.16481109
-57.09172163
-97.14521712
-9.11148998
-86.10964383
-7.16103600
0.60294255
11.47360363
-2.31543464
19.15786353
-8.26235046
-13.05791301
-16.99087353
22.85061769
3.95034932
-9.52427891
0.00000000
62.58774999
11.14295053
-75.58948752
-68.89936768
-25.58001250
-6.20866076
10.48431035
3.19937863
1.14378071
11.70026607
-8.26116651
-2.31364363
-14.71270699
-119.04426840
-42.55632725
32.60315113
27.64689951
7.47413695
-12.39496979
-25.56690645
12.66926037
-21.90908464
18.32494989
-55.87114720
-23.07283245
-41.55388550
-9.32338092
-6.71448364
-8.01715448
-46.90202245
-8.62976383
-38.75992992
-23.82231359
-30.65589185
-15.45373901
-19.74423227
-73.29933004
-9.85812678
-10.59485421
-2.21781846
-12.78327841
-26.92239239
-55.40402014
-102.41988498
-11.26009264
-37.49667984
-38.61533202
-26.28278549
-13.19915125
6.20869466
5.34550241
-6.55166763
-9.36082213
-38.42328924
-60.85270064
0.77505883
-25.50754531
-63.78202999
-43.45768294
-73.13813737
-39.08417870
-43.02072426
-77.14577176
-18.95031140
6.05084494
-34.84215202
-45.46359079
-2.46690815
-49.46390549
-14.60517114
-66.24984772
-0.65183289
-15.15597278
-16.89099430
0.00000000
-24.07156787
16.62776813
-63.28364952
-61.85032200
-28.98891465
-12.42926569
-4.78637616
3.29600424
-9.54465745
-60.82516254
-25.01387961
-19.01056815
-18.69328465
-52.17672939
-44.79833646
28.79561440
-22.11826745
3.27317256
-12.72879701
-14.11729780
-12.77333252
-16.00651157
0.45256126
-50.50305721
-11.84697709
-43.23563743
-20.41893210
-13.81663041
-29.63246138
-32.44521958
-26.50039877
-56.86919809
-53.36163495
