-22.06970697
7.49814399
-12.50411726
-50.11632164
-16.87593045
-2.04887481
-27.57591856
-14.72990238
-2.08799293
-11.59595107
-67.37189312
-36.30637466
-23.25630384
-24.69717165
-13.11111287
-11.94885783
-8.40957031
-12.87787131
7.04852948
-50.70226385
-16.17689834
-29.09910190
-8.18152737
-12.07862154
17.18205861
-6.87444489
-8.16683493
-102.75111324
-32.47376469
-2.59146597
-5.33314245
-7.66943083
-21.56742959
-3.89137886
-11.27193181
1.31908911
-11.60332519
13.53363090
-27.04291823
-19.72036230
-4.13387833
0.00000000
-18.28191272
-21.65924966
-39.17715891
-66.41574246
-10.69882062
-0.19395003
-14.82342290
-16.75302549
-0.18906718
-8.25893656
-14.17969848
-21.57771775
-11.01566976
-23.05669812
-34.60561956
-12.94627352
-64.71120654
41.17895220
-5.03816636
-28.54411616
-17.25092725
-24.45219006
-6.43702344
-18.93946823
-7.97008892
-34.09086509
-6.48308251
-12.29935877
0.14431492
1.30810854
-3.80715947
27.66981903
-17.93826817
17.83808398
2.99261242
-29.79176725
-76.49401509
11.19492404
4.48470329
-19.28503303
-17.28820045
6.35184298
-19.51636307
-66.37935121
-29.98745046
-9.53581329
-7.84532928
-12.02901863
-12.00313774
-10.75123120
-5.72782744
16.52452750
-2.38188175
-1.32032044
-30.48417346
0.62722086
-0.51769146
14.11551510
-42.53676143
-3.27125948
-67.44330653
-76.46904881
0.62758795
-5.10694805
-1.34460435
-43.93571283
-6.25651280
-1.98688183
-5.10652422
-6.56428289
33.96155713
-4.96761635
-12.02203547
-20.48608504
0.00000000
-12.71652828
-5.68831996
-27.43053303
-73.66983062
-20.53761698
-2.64767017
-5.78696401
-13.42986754
-8.42753039
-13.50368931
20.86913864
-13.72223981
-7.16801125
-54.99565292
-17.98219303
15.65764539
-28.58707371
66.68801659
14.88013969
-7.05466322
12.36063821
-16.75895662
7.95334206
-18.09897798
-4.17080370
-55.92478576
5.68083309
-30.71147013
-4.50561712
13.80608013
10.18033976
52.37491951
-45.21834658
