0.29149716
-113.34428800
-19.64313209
-53.55733316
-13.67505147
-13.11680865
-28.67531264
-26.17764025
-47.90388186
-81.43777987
-205.62760097
-22.97799543
-53.55280326
-29.35863935
5.05741559
-33.97942176
-12.57408724
-10.17672128
-95.33729260
-138.37129994
-54.68996364
-119.53729067
-16.96952640
0.86382700
-31.08332188
5.70149663
-75.19478613
-84.93177792
-48.36188227
-105.70942917
-12.45038036
-8.52900232
-28.54398158
-4.86385447
-2.82719229
-12.86483220
5.40732011
-19.88654205
-36.52261901
-26.28210468
-36.05017268
0.00000000
-142.32163035
-17.25756724
-152.92068479
-64.36217969
-37.42588768
-7.55704695
-6.35235857
-23.68726029
-9.01203191
-79.77502258
-9.88381796
-10.09427311
-13.31277512
-36.57244956
-63.50466756
-139.16473267
-151.49383405
-32.69407347
-33.10468921
-50.18209522
4.75720971
-1.74517475
14.89322664
-84.76283060
-36.30022236
-30.49549314
-14.03170904
-21.01643923
-31.44501034
-37.54589400
1.43715585
-39.89030539
-34.39374877
38.66664107
-88.10626466
-23.34062230
-47.91001536
11.05274215
4.83232202
-12.82889224
-21.64581850
-34.35768857
-55.51419205
-114.91668545
-18.81547707
-36.43988947
-44.49453319
23.51491776
-16.58931858
11.00342743
10.64318443
-79.57672377
-101.54880927
-62.13254484
-101.13030129
-8.24101409
9.94801793
-14.43136084
-29.95222152
-59.61802740
-26.80550815
-51.86057177
-66.54159044
7.21474594
-20.59678913
-39.57250219
-3.52395670
6.64990238
-39.89548568
-18.05911370
-13.72340167
-32.18682819
-13.09528010
-17.15112892
0.00000000
-146.40619936
-4.28466286
-101.88468981
-57.96764152
-38.63523462
1.87507006
1.93621196
-20.72045693
-1.05994874
-66.49780078
-7.48058809
6.72903627
-4.72441268
18.07922841
-69.78173245
-127.62870781
-155.75149383
-13.63010406
-35.05267957
-25.68632520
6.99425875
1.19436553
12.76966792
-70.11421764
-21.04662894
-55.42327799
-12.77168565
-30.21233593
-1.67830881
-31.38851823
-11.69364724
-10.70441235
-40.56145046
