-21.23984589
7.72342352
39.77962754
22.52317474
-30.69299451
5.02545549
22.57770059
17.86077922
-27.89974490
9.51238679
17.51957377
20.76935551
-7.37392580
27.08113564
8.16511005
6.77546944
10.84154520
9.49215681
10.49369819
39.25714319
5.25957651
18.32972232
-10.09806093
-20.87845408
-103.66288993
-0.04994543
-46.44358993
16.49433420
27.70868459
-54.72143751
-28.85835155
-32.62731032
25.84934455
22.98487469
-11.35101929
10.89413989
-1.50054242
13.17456110
0.83736154
22.08171447
13.88448623
0.00000000
16.00340476
7.56350318
2.88022524
26.75993721
24.06948620
6.51087761
22.60736270
22.91715257
7.52174201
20.76326881
18.06746835
8.39616424
-5.88010153
-48.31212170
-27.40452021
9.27391111
-13.59974063
33.94292824
-14.65618187
8.58314602
-9.21988355
-42.10623647
-13.77725820
19.20493624
-8.32693521
5.90707287
24.31934073
22.69385283
-21.62529798
-32.87297664
-5.73208393
-8.20666539
38.63075459
9.57987690
13.53033223
19.67772650
-8.85764745
-23.53441356
-22.49040421
-0.82281761
12.43829059
-24.34910388
8.80688378
-33.88468988
-8.28490781
-43.14793170
-34.29389264
-22.11467540
-9.22058857
9.04177347
-16.65759509
-17.96825671
-10.00359792
1.20716024
-2.63067211
-16.54357968
-29.93540669
-63.17899873
-13.05249907
-104.16066708
-10.78608689
-20.23261515
-58.67731325
-32.01044503
-34.74575311
-2.05496037
-4.58750619
6.56168740
-28.52270911
-16.46243725
-17.51190676
-2.50877911
18.62237593
-2.52578123
0.00000000
0.75358977
4.01217800
2.78648149
18.42511348
11.60303874
13.54070471
3.68908942
4.10619952
-23.07459638
-22.30792965
11.25107117
-10.32231900
-25.17452835
-35.55876911
-57.24305928
-17.72334723
-69.92646421
16.39208303
-6.33597470
-8.00583908
-36.61024686
-44.80111719
-6.24778911
4.63949966
-7.25467660
-24.26341526
-5.14370038
2.47391587
-59.87399838
-26.52466948
-23.97676655
-12.61479869
2.49116791
