13.52587053
15.84594167
35.99183279
23.53551266
12.80790443
2.46338045
17.41673898
-3.27855477
-0.92999844
37.51624548
43.09711003
27.43237535
23.01782564
49.85824716
38.35088720
30.23685997
5.22669755
-0.76074107
-2.06961416
1.96449765
9.51054880
26.53701286
16.57145298
15.69217301
1.52884325
-30.45382390
4.32119252
27.91873703
63.03989276
-13.89707083
4.24834667
-19.85195257
-0.14613050
3.01900267
-20.09227790
-5.20230689
10.77076073
18.79671097
23.27465267
48.16446188
18.29307221
0.00000000
15.58928816
-22.01354835
45.49387914
39.21230878
-16.15219914
5.63154913
-0.98544327
6.99736050
17.79673158
42.75570398
41.81867367
11.41931869
14.81426370
-192.11565615
21.54478252
39.48910657
3.47316863
0.72033400
10.08346331
23.74437026
31.30516375
5.36641405
-0.49721679
-6.08726673
12.65791100
11.81066735
50.68053923
42.43962549
-5.86533783
-20.49298534
19.18618367
1.88300413
6.62825306
8.44587067
-34.99330016
2.80802841
1.85492069
16.23230227
-0.21903440
6.30290583
-4.80860888
-17.99470081
21.99349462
52.75384198
-0.67331024
-20.12120022
6.00319459
-8.59408020
14.24323266
-13.48367668
-15.81155733
-31.38039667
44.35523039
-14.02736093
37.76154986
9.23047569
-3.38011484
-79.60557566
-69.90561958
-78.45664179
-48.17636509
-0.97294233
-48.15612385
7.83154159
-7.79145967
-17.19833722
-20.18300941
-31.44030967
-39.93954757
-24.23855028
-56.62212457
0.83451827
-9.74834090
-31.45814883
0.00000000
25.81846557
-18.26630804
14.29734527
-9.04650138
-24.74876090
-14.38864925
-16.68026042
-2.85146541
-1.92278551
14.78797351
10.22809241
0.32717190
-6.32985469
-126.23645012
-57.72510110
-10.49290126
-44.61995573
-55.42600257
-26.64134122
1.48267515
-0.84107811
-10.35777914
-4.22818267
-21.08883223
4.46560549
-49.09247403
2.82523201
-1.65307526
3.72197381
-34.37330342
-37.80695325
-60.55901947
-19.16211785
