26.01747735
-51.82546944
-92.03880969
-36.35999310
25.24371289
11.20012840
-15.62541866
-14.56392720
-30.32702530
-54.69858131
-7.94946166
5.45747107
24.05396809
-2.56625058
-18.92933876
-15.26434894
2.99600355
8.75303047
-32.81356170
26.49790783
-9.51022961
-68.22603920
7.44863748
37.83160001
-83.73382250
-64.04230481
-190.44350565
-106.21053108
-79.85243707
-128.43914003
15.92542564
7.52122495
4.23749519
-13.38522943
-11.57520528
-13.16227601
-24.49445976
-15.01162855
2.43267493
-0.76668927
-19.15750156
0.00000000
4.35361792
-28.31021517
-51.61185105
-59.21900942
-63.47162249
13.23103437
5.22307057
-3.49008277
-4.82211780
-13.97787197
-13.40612113
8.67837635
-17.40179959
-88.72469554
-125.03453090
-24.18608423
-116.79387820
-38.90403829
-17.78328052
-15.87730338
36.01895529
29.40961878
11.01082501
-36.51833826
5.00748021
-105.15951046
-30.48826667
-60.75510713
13.19397205
-53.56372126
-27.01701775
-34.65917213
11.50000405
28.17929278
41.02015984
-33.15516750
-5.50625298
23.56992084
10.34742559
-19.58201560
-15.67619866
-37.36857004
-41.14722274
18.17917331
0.96920672
48.39056234
26.77077509
-1.93259325
-15.04247814
9.04881818
-13.09239898
15.70878097
30.55354963
215.07926280
-41.25929806
10.99391025
24.10612025
-77.24100043
-89.64303710
-159.82671117
-60.94491689
-29.92929618
-119.11266946
4.61240696
11.17080886
19.91133259
20.26261053
-5.24875807
-5.75286560
49.82475415
7.34780222
10.46753038
16.95297640
-19.62958881
0.00000000
-20.81672028
-22.00311137
-17.61723071
-49.30160804
-57.41923310
7.55699955
17.97679862
-3.20796825
4.83169057
-16.04366902
-3.96226962
4.15946186
-21.38263815
-77.26327084
-154.66421715
-26.67970928
-46.99643443
43.31428924
72.82776696
-11.17955312
35.21184164
5.99899130
18.45195614
-29.26652592
-19.72772415
-88.22486927
-26.18033690
-44.62937344
12.39451199
-53.87634741
-19.58047058
-31.16639448
20.20429651
