32.13905851
2.74273385
97.26862919
18.58680513
24.16108900
3.52366880
-13.24924692
17.26570561
77.31905899
31.54741492
-48.21887537
24.32534847
60.26504473
27.55930578
-1.81604292
27.19592168
9.15538592
16.30653048
17.72756885
3.27947287
9.18968682
-30.58442157
-1.07403170
19.20026958
133.76155627
-59.69312805
-59.32646281
0.37361200
4.66323920
68.04907637
3.91711844
27.74028492
30.17845738
21.45127753
16.83722077
-11.78231480
22.26885712
34.61725087
52.32588760
33.60662109
-40.80326718
0.00000000
-42.12733922
28.83913834
-41.49434056
26.30099260
16.30345359
38.83993178
9.40481581
2.79980945
0.50881106
-7.71419044
17.35650237
8.73643760
4.66087247
-30.61403710
-48.85416570
-45.41334919
-38.09428660
-25.46774867
-7.51297346
-18.33121824
38.97930848
-3.98033094
17.59625643
14.58207647
39.25605195
-19.53200889
-19.46506674
-23.24083810
12.10395164
74.50665120
13.97238634
37.61634398
33.71000548
21.92449170
84.66548603
91.58826388
164.86499978
6.67744897
8.90684016
5.56604945
15.81222908
60.61862156
34.18888797
58.02765651
117.97466624
123.31482516
110.82829288
66.27353228
35.53085058
22.86376192
43.48915304
54.89167792
31.13668276
23.91918073
-8.26997257
23.28564996
26.46219775
116.88245647
67.93152244
69.69330988
128.79765299
146.95404590
65.73106332
7.63185660
43.45446602
148.49805996
93.30255657
33.19615847
109.91556991
27.21678837
74.36648550
53.29472132
88.66428160
82.08351922
0.00000000
75.59958594
-57.88228043
26.29088170
134.34857984
49.47947216
27.94750661
61.36395413
39.90230524
6.50773939
30.45838866
33.92485256
38.26501940
35.42155873
141.28986970
57.10145098
54.83156888
82.83032966
123.14100532
43.32303267
27.69035561
48.80171104
15.66291999
6.60489445
48.60993984
21.21088849
126.13983438
67.80562239
80.55868785
12.70267890
44.84139348
50.25322893
114.04108488
120.81977480
