-42.83484908
-12.23954525
-19.02305375
-38.80922108
-24.79945982
-8.89562139
-14.01005254
2.60008449
-12.94485125
-39.83556821
-42.21604690
-31.10495469
-41.41639384
-44.29499728
-32.82946029
-16.83345393
-17.23509867
-12.39967838
-38.92622581
-48.19351245
-19.00262283
-37.98959648
-23.01571196
-33.32317327
-97.15593905
-6.46175217
-53.21627286
-60.49315255
-60.34937951
-24.69362938
-23.17134089
11.17122174
8.09866591
-22.60951400
-10.92674175
-33.74128005
-12.70487758
-30.85530405
-16.26479124
-47.88916723
-22.80468714
0.00000000
-66.28374485
-11.31734855
-29.67577106
-27.31301864
2.88739053
-8.80619672
-5.11594614
-11.15635489
-24.32341796
-47.55722722
-24.69039100
-16.68514000
-9.03267931
13.03600924
-45.93095124
-50.18314441
-24.72873611
-19.52771935
-12.67294897
-22.24513695
-43.27315161
-28.97021189
-11.65956726
-26.76865072
-14.24345276
-11.71633150
-42.40151956
-40.54559343
-21.09200050
-35.75643542
-18.15670600
-35.79085039
-15.95903538
-7.03346189
-9.26025517
-11.22992163
-14.33595932
-18.98396719
3.27708114
-6.25677397
-7.88320865
-7.97235330
-57.83120804
19.26200581
7.66963777
16.72218514
-4.44180798
10.34880936
-4.23258682
19.73416751
22.75219781
-32.21447626
-26.78013313
-41.42505488
-24.07086969
-3.60745839
-6.87970002
-12.30408181
19.68797177
18.39725296
-49.48630118
-18.40626430
-4.43432843
-9.68551503
2.29662828
32.55268471
-22.12406804
-3.37176095
-4.25428067
2.74095630
13.58323856
6.77413169
-1.90117571
6.41110585
0.00000000
-57.83282566
-39.70168752
-24.12768809
-4.72843845
1.81001875
11.70523494
15.76823001
-0.85770533
-7.74114095
-24.24559944
0.57804431
4.97813687
5.20423974
88.09341285
29.12376559
-57.95722241
-21.86413442
-41.98830449
-34.36614361
-22.81229236
4.03254660
-13.66517895
0.17373417
-18.98246338
-16.91547510
12.36090157
10.55953349
-2.88049429
-11.72182987
-0.73342004
5.58164640
23.90254254
4.33558278
