-65.24556317
111.91052491
24.26012173
-81.12649270
-44.31975286
0.89807913
27.74506997
-17.58846249
-57.95964801
-12.51785198
43.50154278
-96.51673727
-77.37047761
-104.54999830
-60.66352710
-18.82984652
-39.68692420
-30.38617085
-11.79724197
40.54903880
63.00908569
59.75933274
0.73252783
-39.73219077
-344.05680052
-57.00904585
174.68258813
-24.34382617
-34.27652434
-40.04247739
-4.50216119
-13.40136909
-133.36764306
-148.02226384
-65.12518816
-21.78027592
-29.99063489
-184.32542095
-78.90260274
-70.62979514
-7.84678046
0.00000000
102.44391753
-22.43014134
42.38201820
-16.24882247
-2.40022913
-54.61453191
-46.14225912
-26.36982423
6.36752828
77.73004352
-67.24497239
-37.63800746
-29.65418845
-89.99412911
69.21271346
65.44376477
79.67046768
21.19922638
7.62840745
41.66364072
-98.61384950
-6.14312843
-34.96080817
7.71034069
-21.20418580
44.47560219
-31.58458569
37.57912974
-17.68521590
-53.65435850
-90.55099349
-105.69551562
-91.08019041
-22.01545297
-34.75829914
-34.56706915
-77.79170377
-4.18228807
0.31684281
15.91577380
16.60599067
-55.29347117
24.81338423
-112.37905805
-39.53222502
-84.10707025
-75.80394711
-68.37147755
-7.22899286
17.03113372
-22.40458840
-78.63966625
-144.35890098
-13.93497792
42.63257042
-37.83069431
-35.43400395
-281.81465332
-19.52053008
37.58468996
-33.85787729
-32.15011222
-36.74333412
-32.04713733
1.37915900
-116.29631617
-91.70719716
-17.42396812
-150.59066431
-83.91387731
-145.49372870
-11.97033134
-27.05671057
-71.17528968
0.00000000
27.09687581
-24.31830946
-0.39089204
-48.38844215
10.70659823
-36.55136853
-53.66586757
-19.82413519
-33.59751713
-0.81329247
6.43735352
-24.07506538
-11.71342777
-246.06252761
65.83103525
30.93420204
37.53625333
-137.68883898
-68.53532258
-8.43096746
-56.65085871
-1.75673929
3.84618792
-10.36229446
4.37233866
21.34854815
-14.19724038
14.17518588
-12.27904600
-34.27800071
-115.97622158
-241.84552938
-152.33861025
