-64.21859201
64.91100564
-37.95172392
-44.65207385
-43.01113542
-12.98144309
-4.09062248
3.46777578
-49.87036264
-41.03822179
-52.47040934
-40.51362134
-73.06185334
-63.60396230
-41.87458522
-25.27568222
-26.86917357
-19.10109472
23.06934498
-44.09636738
10.06954737
30.06065161
-17.28071547
-46.85450381
-200.37549955
-7.74859984
-10.02889794
-57.39068662
-41.63045293
-33.06191092
-33.00884741
-14.67772196
-12.45340548
-36.15974974
-41.87272467
-6.46886021
-15.48636028
-54.72030091
-32.75215034
-60.93774992
-9.01585715
0.00000000
1.02405381
-21.96966797
20.68245622
-19.31093848
21.32702899
-14.11969417
-12.74119460
-12.69929057
-26.10747312
15.12203362
-34.16921865
-23.78758617
-15.05774772
-45.84704080
-25.86841605
41.84752652
56.61824912
55.13948595
20.45331733
12.32263164
-70.05715157
-32.41997219
-16.67295625
-27.60868063
-26.69181152
-16.12303089
-38.98649277
-16.81259667
-32.79325613
-55.30645114
-29.00984050
-35.92115234
-8.17659575
-18.63488613
36.77175491
-29.41761022
-39.53754658
-24.91721725
-0.06342175
-0.81242924
0.57241908
-22.14577974
-39.50460563
18.20885999
-8.73675874
4.95654656
-12.27985934
5.88098819
-1.50914967
5.80161315
17.77893342
13.96066099
9.56255348
-17.60675032
17.61669141
-2.34903723
-30.02876653
-55.36733643
54.20197689
69.03071450
-88.92024032
-33.16048473
21.58180863
-16.83771749
-15.76583269
-17.05196256
-30.70942413
-21.82621052
-6.15503492
0.04361532
9.54039697
8.09035921
-14.88211876
1.05690268
0.00000000
37.77667685
-49.64409579
0.15940054
-20.06067079
12.22538340
-8.80374650
-13.90333691
1.96232998
-4.06143976
16.75237525
4.32651955
0.42821458
3.82041461
85.40971727
63.42068703
30.00490001
31.61458467
45.77529868
10.06347560
-2.22193466
-16.63607692
-52.68977771
-15.36432722
-0.27757603
-8.94817122
7.88035813
25.47667018
10.92774666
-20.14961454
12.57182276
5.14759959
36.37140439
-20.01676641
