4.99509688
19.72088063
71.99516319
6.71702750
17.45801320
1.26930653
2.11610487
-3.76908757
23.81973291
-6.24003347
-85.95483557
10.89736705
28.38020763
5.17823353
0.96313438
16.79451453
1.40528792
5.99035079
47.75472905
4.30917164
2.17145698
-27.10848666
-1.72476562
11.99766015
67.63187869
-10.99020206
-17.43430721
-27.01538060
1.42727434
45.45817610
-8.09469271
12.02340040
29.91637743
8.61923716
12.98678953
-3.61245696
5.81596593
9.19785608
41.23201933
16.18761977
-23.48658144
0.00000000
-42.48441979
9.30453344
-42.44974143
-8.23680548
4.00324693
29.11961314
-0.07832793
1.16938679
-12.04425284
-8.04237054
16.64251122
10.29164809
12.33975285
-33.78765563
-10.10404987
-11.37654331
13.28887094
4.09885560
-4.07824673
-25.96369856
-1.56159252
4.55300634
11.70821697
-9.15787908
18.41269453
-10.21739335
-1.97412209
-5.47296145
-6.29176425
43.20784331
-7.66681786
9.73069246
19.50717701
14.74086045
102.21114938
72.03734749
121.29230511
0.23275477
5.17521961
8.03409601
13.15301960
20.04371489
40.05477818
53.77400170
90.33479645
96.96276037
93.51578304
63.08707875
27.93670910
59.94060574
18.34233587
57.07320562
70.29319549
10.66705968
-20.33016976
14.91547083
6.63133689
74.10192668
62.90181393
101.47632723
48.46438977
82.86038759
48.77120140
-8.26339749
23.23710710
131.47700295
72.27067233
18.00467436
97.85165011
34.07286122
79.63343984
29.44452152
49.77730523
78.93916106
0.00000000
75.64491009
-57.06221608
36.12645469
65.23475779
26.05284877
-11.24994105
58.57728665
25.01149330
12.30761777
17.79288645
37.80468189
40.78180176
29.02339508
135.45293732
66.71609539
40.95049087
85.72427843
117.18777890
33.13712168
15.24818722
37.35351729
10.50717262
-5.55447513
46.54066926
0.66792574
69.64692631
59.45565967
71.52886474
-3.18383730
28.15034110
52.94392773
105.49717573
105.68078252
