13.33020010
57.85136054
-27.64822651
12.43486623
-2.86442206
-4.57783188
-4.97646392
-17.81778705
-20.71968866
30.62320776
114.87068440
1.51106589
14.75392920
-14.83999609
9.24128442
-20.45001781
5.57291042
2.64305072
105.85754669
108.53195846
33.51304282
91.36993581
13.35094337
8.24694585
-15.26580884
12.99948547
87.61748506
11.38770094
-3.88043948
24.89272720
0.21531089
-2.09953497
20.45224310
1.12805007
-7.21489816
-12.02858657
1.61150859
-17.87546218
-2.15346910
-6.44374709
15.45023210
0.00000000
132.48732610
1.76560948
71.14878804
-10.62923940
7.38936534
-10.43977277
3.17488003
4.52918510
-0.04358155
51.16901572
-4.71655826
-10.53856836
-9.55563756
15.92069541
87.79558183
115.49706952
155.82402930
-4.29118669
15.46950330
47.57620511
13.99660996
-9.30518613
8.04902257
47.34920023
-5.22628493
19.32433309
16.16628581
-3.34826839
-8.36662369
-22.27737465
15.69927868
-34.43905994
25.24147773
-20.59192695
-17.12116778
-27.00509926
-31.73115282
-13.75604899
-10.95455071
-4.52552961
-10.09206626
-16.99551621
18.77086543
39.83218435
-20.03343733
-22.90629037
-40.80346842
-15.42455617
-22.78498245
6.63817452
11.05071103
70.56653736
99.02639861
27.87434172
53.54727740
1.48201600
-4.78406298
11.41336279
1.32074902
73.25506963
2.52695091
-41.98138778
35.14464940
-7.44495945
14.28189713
-19.52013009
-9.56971419
14.11038165
1.63198121
-4.35986969
-16.17123807
17.02168016
-11.46816721
8.43734484
0.00000000
47.90103060
31.24810979
26.42529663
-8.80174834
-8.11660418
32.78607805
-2.05486237
19.06922128
-22.71520602
13.48293092
11.05982819
-14.11817226
-19.50919304
28.45845181
91.59575595
114.17985036
110.68681303
-53.72900172
23.91862022
35.15121860
-9.38396724
-11.12646040
4.40551238
52.03529462
14.90860225
11.18594989
-1.04619021
-25.59085952
-20.85907056
-11.83851861
21.19258024
-28.96901302
14.00350829
