40.96239842
-29.21603893
-50.22906672
31.61149009
19.86989509
5.15615691
-17.93910535
-16.38048456
-1.62442517
-14.19386272
-27.34046876
-3.17713094
2.48250202
30.96079743
13.08927278
-4.81630488
-10.48128805
-12.37929914
-74.46053389
-17.04240730
-7.39740333
8.39057047
-8.15744211
-3.13516403
67.53552217
-44.50956709
-61.10239636
78.93807187
15.09433752
-67.72083589
16.78401700
3.40395409
-22.45399612
3.75371244
7.73180135
-24.87527064
-20.05915302
3.97878768
-19.03593738
19.75172533
-14.89790991
0.00000000
27.22584372
5.03637028
-14.10123960
30.01967621
-39.66442850
4.06350961
-13.94115233
-4.87400101
-7.88463150
11.81276575
0.40523654
14.24659741
7.60401100
-21.98553459
-52.49560025
30.73813757
-74.61845942
-40.71222909
-16.41943545
-5.16611915
31.91962209
-13.38814592
-11.80347911
-54.01057314
-11.16163402
8.87878682
8.54039729
14.01024369
14.68747208
-13.46569211
-7.72260116
13.58997714
-7.44660775
6.19587268
-47.21003623
-49.62358073
-25.62641392
6.08792347
-7.57046195
-19.99195179
-8.84261787
-11.98377615
-8.23456793
-90.24659803
-50.84262547
-73.47375314
-76.11876521
-56.04123649
-18.32805869
-14.37069754
-8.22147993
-60.31382426
-29.30860332
14.37007431
-22.54029332
-23.69374716
-4.85489311
35.76311537
-87.94476606
-63.89802786
51.22898119
-25.44156695
-55.44867902
0.58256573
-19.66712369
-57.44214230
-7.21126129
-6.04860894
-67.28910602
-39.06628161
-68.95163423
-39.80152792
-40.66635146
-39.18580341
0.00000000
-70.36674389
10.35634963
-41.52317283
7.60789468
-43.03570007
5.66310452
-31.15556299
-25.83629366
-35.74278432
-4.63349614
-33.40152855
-14.44068269
-0.08698207
-89.97460847
-83.94956157
-47.11497980
-89.57286198
-41.35716980
-24.20971898
-3.25903258
7.20625134
-14.12519763
-15.75347744
-45.80439712
-11.46824791
-33.98800786
-36.24908948
-19.30967363
-0.43488352
-20.01104018
-61.69879463
-38.25934582
-61.54305214
