-23.51710069
-5.13881938
-13.13741529
-46.84734474
-15.27223046
-16.15147840
-14.33151501
-5.57785160
-4.48961238
25.08304014
20.14228011
-42.84377638
-63.05713450
-67.24167259
-53.46726195
-30.73363537
-17.63172234
-19.15773061
50.88749800
33.61652510
17.09638826
49.29684959
-12.85367877
-29.86193502
-121.70663123
-70.63893155
4.78487835
-40.85921615
-48.63225421
24.37068296
-18.50684678
-19.41615127
-38.02839263
-40.67960834
-30.78928435
-49.86823032
-13.78123710
-62.29358727
-41.83423453
-54.62765369
-28.05979060
0.00000000
26.36553250
-18.16143370
49.47158187
-41.06040712
12.89834887
-18.12159749
-17.45905574
-14.55472878
-21.29485083
22.18835067
-32.18177968
-26.02402638
-28.72462372
-138.68895238
-33.46521972
7.32037970
93.95199864
6.68689029
4.67115904
22.82210493
-61.38499344
-21.78840294
-8.41394597
26.01500562
-6.82075009
-19.30598484
-47.33251748
-24.17089429
-12.62719606
7.04003386
-42.90915906
-40.11685519
-22.18460888
0.84899273
47.08487380
-26.47661831
8.69236402
0.21046505
7.70542388
6.10525906
-0.02185505
12.92079144
24.97005185
96.90101760
7.86023805
28.06093188
10.32772465
20.21879272
-0.13719279
5.08117171
3.03708512
58.11052284
49.50088836
-4.03404923
55.54241780
28.09339141
-5.61719547
37.39675666
33.53099938
67.53105226
-7.88136338
-3.89566773
43.25684787
4.23729240
-3.75852319
30.14887845
19.02009752
10.71887388
46.10748119
17.64762885
61.25566653
-5.02336295
13.48718682
18.31649370
0.00000000
69.75364517
-29.64566215
47.47835420
16.48657760
15.35811733
-11.68764906
25.44093812
6.07231426
9.55588171
15.83234755
11.39331258
13.70650248
6.93136903
106.71698224
74.35968524
20.32291407
89.89983954
80.70645813
8.67115604
26.72071970
1.14027035
-18.17270664
-6.66252297
58.55484440
17.41091248
35.99839001
32.05704750
14.67317563
9.88017434
30.54837025
31.41765307
72.52869242
34.54578582
