-30.81332675
-23.46426355
-4.95232060
-7.15828860
-44.22864674
20.77007659
11.83779501
20.01055494
45.12414693
26.86730554
69.88374804
24.96250414
29.82926833
3.28981653
4.15279892
26.58636364
6.73952665
19.30012100
-13.09115052
4.48755456
5.64106584
-17.91233980
9.89607425
-3.56976925
45.86050764
11.58972722
-6.26797500
-4.47891970
0.32653947
59.59047237
-4.16103584
21.36052296
30.48945945
33.01129353
17.98135248
42.50348700
19.42296690
37.42296827
29.32976294
9.14746675
4.64950518
0.00000000
-54.46433391
28.92560232
0.92104875
4.32380354
27.15941904
25.02325303
16.21572232
10.99493786
7.70773995
-48.52209372
5.54426982
4.90310583
12.73635118
50.15807573
-25.20139370
-27.50489263
-14.17580361
-17.92319405
-4.47854119
-1.22684650
8.36789423
15.46535927
22.35183354
34.82560860
18.10414364
-7.44763123
4.95479290
-21.02532304
28.17332791
40.82603745
25.65666948
33.19822269
40.33684917
24.84410635
-17.32270469
-21.47783239
48.06994470
6.56938114
20.62774117
18.68512104
19.43918670
43.12232686
8.77827830
136.98162927
53.51847866
34.09459082
39.02350321
29.48243848
22.76347580
30.22950174
40.21122826
-13.02092995
47.10470152
-61.77801986
12.09395431
21.73684095
24.74585698
59.62969820
38.92271412
18.39209316
-13.54115999
42.03180653
42.97414035
19.07351997
34.09891189
61.40799134
57.21538072
48.08768891
69.69423537
7.84229072
59.33724317
10.27545394
30.86376137
31.46208086
0.00000000
-23.91478286
46.70834142
13.37343630
34.05468249
15.77425335
21.47817215
39.02313337
25.05753491
24.89252305
-16.99664991
13.07760372
26.11282285
20.65483700
84.13710487
34.48658067
-44.21126376
9.95551917
-42.14716985
-25.32328659
3.65442189
17.73869828
21.77182845
27.15231654
74.83374505
19.25532995
26.70067564
35.41025067
5.59638901
27.24640414
46.33176982
36.85998860
62.10823098
71.76714012
