-12.52508821
43.30038689
-6.28887445
-43.25883555
-14.04767935
-11.28115043
-4.94969401
-1.57141528
-8.96351312
-1.65329430
54.83189183
-9.41421746
-57.60508471
-19.13057215
-41.95764926
-12.55578190
-15.81697372
-7.59743144
21.29936650
68.28451812
11.23297728
49.39084444
0.08215537
-12.26730234
-12.04826801
-54.41761340
18.35536251
-62.22202121
-34.75735088
42.99216044
-39.59254759
-18.53784457
-35.64629062
-9.88463760
-16.08425295
-28.66509187
-5.78461227
0.61952488
-15.80410838
-9.39051599
-22.49592290
0.00000000
14.73300997
2.62777430
54.22910052
-53.45576322
-4.76125734
-33.41260561
-23.74616932
-16.07549677
-15.24261297
31.86255423
-1.26909203
-20.76627621
-27.24937743
-93.14773426
-12.29981694
36.65407948
74.36991635
20.94681866
-2.29795042
7.87664286
-15.72196242
-17.68445663
-1.50429236
57.36542693
8.13535956
-49.52324011
-25.16842647
-25.20092017
-34.39370254
3.02052272
-9.56360249
-18.22571539
-33.11504132
17.53094040
70.87504795
23.21774480
65.49291315
-15.60019599
4.23766053
-5.39298847
23.23734847
-2.05768618
36.96140893
140.10099225
59.77935862
53.87219739
79.05736531
66.07285931
19.78900633
25.93371311
-17.45225619
8.19237828
97.72311092
22.62701312
51.68303927
28.67674247
-10.11653696
49.98056418
144.99467670
129.66447685
35.61412279
108.41523948
67.95415518
-15.25206235
-30.49825865
34.21030555
43.61686924
-6.43659002
125.81939345
19.32915047
70.04407081
12.06710154
36.64030331
63.52178449
0.00000000
57.93189504
-25.85448958
69.87983050
88.44968891
21.28510040
-25.05058858
46.41021818
18.75367009
28.85874536
56.30370047
36.83962051
29.89412468
21.66601942
173.80813302
109.56241107
7.66300058
64.02571043
66.53136965
33.88112823
36.51509520
44.12292424
-24.23944990
-15.34695766
78.60632747
-5.89663975
96.60598946
75.88471426
84.61293840
-16.73720627
36.20852794
48.66050256
107.74503459
69.84681269
