-7.68589407
-45.16271521
-50.02852820
-32.34424705
-25.02425089
-18.08719899
-12.35646055
-10.14321166
-54.92169094
-46.56473090
-37.14890093
-34.77625072
-44.29903455
-47.85887273
-11.51222933
-34.33941781
-13.77256597
-20.57428776
-29.73758003
6.27220638
-4.40992510
-46.62515387
-12.31083610
-20.90334474
-26.98887583
-21.33844265
-6.88410311
-14.56705249
-24.85122311
-43.23411844
-19.63597567
-19.69905945
-16.64554326
-5.81495386
-2.97164976
-8.96054552
-14.85543167
-17.78515084
-37.07871487
-65.21870865
-4.36061587
0.00000000
-51.12221539
-19.57110668
-45.60516347
-22.37530142
-13.83756210
-32.37313003
10.78724296
-17.11868560
7.64993304
-50.72836751
-21.67996307
-16.66374052
-17.49817589
46.90745810
22.88785001
-41.35797503
-1.26558499
-19.83198977
-10.23462207
-16.96828035
-18.50590827
-21.20051690
-19.30277775
-6.09773304
-26.71692786
1.16547285
-24.26385290
2.59669937
-26.00893318
-19.59702014
-10.48229196
-11.73299636
-21.68466996
-35.09713278
-26.15996313
-14.13817123
-105.51623783
-24.13638598
-22.62284435
-5.77207199
-23.93937813
-32.76222117
-51.21189136
-141.46202788
-68.40172279
-41.08995155
-44.56532211
-43.65036593
-27.85040227
-54.13215615
-28.66377303
9.66148948
-46.36053984
6.14768399
-42.80835010
-4.58689255
-28.95796514
-82.10836643
-62.94319669
-32.73153761
-24.42208404
-56.22177516
-39.84989774
-20.42251421
-28.87687631
-62.64313722
-49.38145654
-30.07037618
-65.01460592
-21.68710006
-52.28025928
-34.24912505
-42.28528048
-47.10630771
0.00000000
-45.15238102
-41.47871363
-44.82890600
-50.91268992
-6.22260793
-24.06999308
-24.93664792
-33.43473128
-9.56180844
-14.81370850
-27.99061317
-33.77492345
-24.06839447
-89.53673654
-14.48943110
47.91502194
30.68160141
3.99170728
0.81850714
-4.01608971
-70.34212432
-3.96610334
-27.27451546
-17.48779836
-7.24438180
-8.95640651
-30.28312339
-13.02389996
-20.00425600
-23.87077077
-26.48329726
-64.17413787
-64.86006063
