44.33625454
-72.84784434
-41.42772004
-22.89739799
40.02964894
2.25501405
-21.14829600
-4.01357876
13.66007749
-9.52507527
15.20200427
-22.70000392
-19.85600719
-10.66536407
17.99685100
4.05938206
1.65088861
-9.66137123
-63.31852734
7.99600750
-22.17536769
-19.41616894
-0.10619496
30.58163772
97.48609804
-36.67451322
-97.16302539
20.99424885
-30.67413237
-38.15570406
37.16769942
-6.65558100
63.47947213
13.98639710
38.40332520
19.76711988
0.11384401
23.86899949
-46.01728640
-41.42149169
10.83923964
0.00000000
-33.69960997
36.66991881
-22.79168698
-20.65832419
-9.47805793
-13.04236550
25.32484215
-23.33421808
25.87819988
-49.62187577
-13.97552696
19.06136306
-9.64047265
77.65584946
-17.76597569
-56.23726015
-60.50245746
-47.95206776
-33.15423876
-11.57885861
7.89158050
28.53889707
1.47318767
-9.69427268
-9.59002445
-17.19502403
-28.25327520
-25.11660842
33.93960041
20.97044901
9.45815337
21.58330474
17.27870628
8.47642977
-29.46667888
-6.49009536
-45.99142573
33.05179780
-0.00378446
-9.84154538
-6.85201456
5.11771479
-21.68701142
-3.94939822
-55.70070118
-4.79577384
-29.42974540
21.74982017
-6.54488115
-7.49469594
-16.20486551
0.47981445
15.88379485
10.87925396
-28.67151558
1.61864561
14.52855874
68.41759129
-56.17921103
-52.32581940
68.58958130
2.71875700
-19.91238385
26.20034938
-4.64032530
1.62701499
3.25233102
4.01007773
-12.77093302
10.90192828
14.49259568
-29.93231002
-32.88229131
-4.27119165
0.00000000
-99.78453833
16.27955830
-25.72149603
-8.65955555
-11.15327670
0.93765147
10.11192682
-19.91137166
1.84806308
-11.98034323
-14.68070255
6.61292357
1.67131383
9.37257860
-35.42760035
-38.30066795
-21.02953492
31.49148388
2.13196155
-4.87361654
12.23819789
20.73594758
-0.01567519
-16.61980952
-4.49402561
-16.86757618
-42.80752994
-21.64396568
16.63963299
1.15857064
3.30985275
15.63253982
22.95630353
