17.53658333
-46.88792147
33.09850141
3.52500618
15.94960904
7.26383060
3.95089101
-3.23309412
-9.51608585
-11.19797301
13.48075507
-16.41594663
-2.39926805
-41.25589169
-13.64499412
-3.41270474
0.80499551
7.47804328
-37.52767646
6.92059626
0.00735952
-53.10528817
-2.31131771
6.90101348
25.09624870
-25.45410133
-14.53802692
56.96057365
10.75957615
-42.79164692
6.31066939
6.08017418
4.93177697
23.84230542
14.07663606
10.10689108
-2.17529661
4.47406355
-19.06007665
-29.31608526
-20.27149102
0.00000000
-56.60339552
13.94935806
-29.09882277
9.27462527
10.68629047
1.56071235
1.55639494
-3.81318154
-7.31217727
-28.71621665
-4.00654043
4.65006340
-4.23884319
11.85896634
-39.84041699
-50.91706608
-91.98007202
-7.83574178
-23.84564891
-4.27869254
-6.07584933
-11.42408403
15.58581651
-5.93454810
-2.70512888
29.97518350
-18.36270845
13.67083567
-1.43694328
-13.92321349
-1.82709055
-8.05758650
21.76510730
10.39822185
34.79863310
32.90941370
58.93196354
3.71039897
6.46081276
8.35497117
15.53912140
-18.89099554
-15.51795453
46.56434710
25.05448044
9.21490424
-9.60232583
8.79050791
2.72123262
50.40596575
30.63091289
-26.40041171
-9.41594334
9.48702639
-28.19281970
11.64980813
3.12336485
-39.73190622
64.33882771
28.32874798
103.68126902
77.28392704
-21.27625450
6.38601002
1.84001682
58.52592719
45.77850436
20.71073336
86.83726316
3.06944756
-13.65691881
-5.57735083
-2.85798210
43.99072983
0.00000000
-56.97537592
-19.39086940
-8.57912813
72.34935149
10.85096988
15.95199733
37.97343769
21.97341215
6.81407964
-8.94924108
-4.25410133
15.83525158
5.02747220
19.51741652
-6.41365245
-48.03907679
-18.85100140
76.95580080
4.67663672
4.59433551
16.26724928
-13.27933001
11.39735006
5.94444266
-5.24565372
72.87752805
14.55885463
54.77660863
7.25619735
-15.32033291
-15.99346766
-4.67176493
74.29884673
