-60.81357788
-21.85796751
-41.35701321
-118.75997619
-22.41659986
-47.74753144
-55.62344322
-19.71896853
-16.15491522
-46.23091936
-139.84323060
-79.40367199
-23.12803156
-99.50695096
-140.67960878
-57.90404183
-25.84128085
-13.91423406
-0.91176802
-48.91766778
-18.07612253
-21.20296369
-46.04681681
-58.05538591
-173.26262437
-247.05680960
-84.53142787
-124.20276904
-136.49123133
-45.49926779
-97.47316711
-22.44645103
-97.22871464
-29.63129334
-3.36424456
-185.13865259
-35.70097156
-76.70050186
-16.65002120
-46.57194547
-132.15716373
0.00000000
-64.94206638
34.35769473
-14.11282971
-119.77772974
-24.42951788
6.00922711
-52.28673927
-47.51824085
-61.57303795
-64.94714436
-37.68741066
-59.80195199
-79.53919199
-400.22915929
-59.54438413
-72.87407750
-42.49392159
-105.57827075
-23.10048739
-31.20998619
-46.52061915
-90.52755473
-17.87623328
34.15633672
-44.12883705
-130.07557129
-119.92884370
-78.86393715
-85.85392260
-10.73999593
-77.40271046
-109.04853038
-93.10052585
7.42831424
83.93402873
50.89814808
231.49588798
-58.68653077
17.52789927
-7.43844746
33.83064463
8.51381849
0.56889460
260.35124809
157.00871246
205.19152502
182.42139660
154.34969168
34.05089434
89.38078812
45.87396054
4.92876761
101.38518648
25.17319294
49.08388751
47.63431679
-24.01674246
162.08317107
405.52004516
351.22001134
204.64399232
300.46724055
174.01554226
-25.42194251
-35.43506575
195.52616454
130.74733869
91.02189250
283.69040790
71.45245519
154.37149723
70.62889217
135.34328328
171.39832905
0.00000000
65.51147607
-39.58578295
99.78742726
270.62287717
109.86472986
-24.04511921
144.07130984
62.79203698
66.24391954
80.96994945
79.79580965
80.97494828
54.95458071
502.12964955
385.57324249
106.34253244
223.49142625
178.80280306
114.30545273
46.97743078
83.59015962
-78.80668752
-22.20039267
173.50484977
-3.86330170
365.68396533
213.15831316
206.95135617
-29.80715576
95.36543104
149.77610899
203.03372306
176.30466108
