9.02119498
-56.32723119
-42.24810410
-43.46796736
2.86165785
-3.05973614
-27.80757401
-9.11137362
16.28073096
-5.53003408
-63.43414201
2.07824828
30.47419753
3.76748504
-26.05077629
-12.41309725
-1.01627067
2.19617305
-8.63778750
-39.83812232
-10.99503850
-34.02017994
-17.28683274
5.33065644
-11.56795629
-65.42989358
-136.41141314
-117.28691621
-74.44037455
-55.35907653
-13.69751768
-3.37280128
-31.29902899
-28.79064185
-29.16164614
-20.79451162
-34.37256934
-14.97166112
7.73166557
10.94076753
-21.85167542
0.00000000
-23.81063863
-39.48964278
-36.20521410
-57.99800712
-31.14374427
9.60616050
-5.16567305
-4.60659506
-28.25243317
-20.21345446
-4.18995256
-5.97156402
-25.13939810
-30.74797544
-84.21097786
-35.53052271
-69.04499576
-75.46512683
-35.70240831
-8.21449209
37.27408963
-10.03440312
4.34222470
-15.25457174
6.51439005
-78.75053333
-38.00385847
-76.99259918
0.52601182
-1.29637875
-29.35595772
-16.98389341
-13.65043614
20.07308492
-107.87102413
-20.68425290
5.11139119
13.39986425
6.63152394
-8.91748971
-21.09373900
4.54420258
-31.39022853
13.12030877
24.83518714
85.67837949
69.29321016
9.84517168
-6.70273110
0.65584005
19.07512932
39.87138358
16.79089175
-181.16903250
-26.10420678
18.07646917
27.47134858
91.25787598
-47.79547742
-74.29673403
-83.12890577
-25.61011657
-64.75845426
2.89196289
6.33140494
43.65838300
38.48027101
6.17698919
26.56538663
-56.35247861
40.98412520
25.31930451
61.57207730
-5.09121110
0.00000000
-4.45597742
-39.91141100
-19.10590674
-24.60925854
-26.60067969
19.78166949
16.33701554
11.86172711
0.38033059
-3.53292925
9.13634684
10.29956590
-18.06330274
45.22263221
-47.17441881
13.22339797
30.49566626
-50.94133531
-107.35844326
-5.02992879
48.31390491
-9.02590565
11.77346859
7.25789881
4.69104063
-30.95327584
4.22625835
-47.54642595
7.30960992
-8.68006602
1.24825488
33.28875477
30.27669218
