29.02952886
112.03197769
89.44297775
18.60560426
41.14696794
11.29059317
3.99199468
30.56717195
83.54976439
51.28181954
-8.96349302
12.15023822
39.81544474
15.24711362
3.84806091
30.16797441
12.04132281
10.69556730
81.58163818
-22.25742104
38.71013103
61.67339141
7.87853223
18.56686521
137.26560115
11.40283086
75.95124058
65.68073738
21.68292518
121.31362181
-0.30493178
14.14171171
57.22380039
39.20005793
20.30544751
6.16140575
17.57400501
27.35598260
27.49641436
28.89456760
13.21053622
0.00000000
38.78920953
21.19439712
28.21230250
18.73746787
48.68236531
24.07393591
10.29243730
10.79972497
-5.02860174
49.38128284
11.33432223
19.56061682
14.63165445
27.95734475
51.94476475
59.50009418
96.25599145
57.54156878
34.34912398
24.01053641
18.70262733
5.89717411
21.24283323
55.02447347
35.49889009
34.42787132
10.98600719
-13.30784836
21.79057594
67.61339808
22.14303877
61.86572694
54.99631852
41.96803135
145.97650580
85.34768553
108.62552437
22.58764213
25.04386309
15.48405917
35.08671627
76.20129429
51.40952427
93.35099182
79.04587035
71.37638106
74.88608226
83.88930122
40.94238398
48.52198618
31.80454214
85.26761060
62.85975266
77.14014485
51.10807807
24.44710125
33.18238838
178.45651978
175.73000285
188.94589241
113.60971400
96.06370701
158.93733016
14.37480116
16.88329041
114.39473526
99.09677743
60.85946168
149.31836388
69.45916487
122.55378449
40.70204687
55.13012803
95.02256666
0.00000000
126.07797317
35.07405824
66.28549457
110.48035671
77.86757082
22.43650550
64.19560419
42.01470220
23.51211157
75.00452384
62.53046559
56.35972517
57.64501164
249.79514272
206.25885065
143.18861156
149.66707580
131.32628962
113.31930516
40.38201881
53.94369561
2.29475652
26.36531643
90.73698270
37.69855917
150.70020280
81.15357344
59.78720153
26.05481829
82.62668167
101.13333805
159.09428992
117.08399973
