-42.99677536
57.11205200
-29.07112993
-14.30004424
-18.04411227
-19.03846279
-0.70545166
-7.10698425
-16.91512193
-38.55829071
-70.66926093
-39.87798176
-48.89863945
-56.37952895
-34.28404511
-25.90927784
-6.51921239
-1.76597651
38.17889619
-37.78836039
-5.21616633
18.67337435
-12.16261502
-35.66219961
-92.97133720
-1.51560207
28.14517754
-46.05479283
-22.36974213
0.15842592
-27.32563179
-5.35996011
-15.04999738
-13.36125910
-34.76540805
-15.73065819
-2.25281651
-26.90616912
-24.20200529
-32.04806143
-2.99047786
0.00000000
9.82544567
-20.07149607
6.82729989
-32.77230090
7.72154428
-18.28827755
-28.89589797
-5.10243625
-20.04803418
3.14476821
-19.76637771
-35.39358212
-16.22527617
-78.81530971
5.11462792
62.45879268
48.09319257
50.40052104
14.93992108
-12.07909524
-60.09603028
-31.77177625
-17.05596469
-16.79295168
-10.88959922
-11.52728340
-20.16617259
5.20006839
-41.88398131
-7.29231746
-9.71094291
-38.63347085
-13.56442526
-29.59110965
62.92039339
-8.58956908
29.67829336
-31.25405084
-5.95654163
-6.33073225
12.95819982
-5.04533244
12.89168813
39.45120738
11.27067358
24.63668065
9.40112430
27.41985433
-6.67376898
5.60818554
-16.11971263
22.15358836
18.18442526
1.06978456
4.69088260
-7.40312509
-37.93256938
-18.57781384
66.63287591
152.29828420
-27.82495043
35.06635847
72.66261283
-21.88086950
-19.94006304
10.48943424
1.43150666
-15.64302375
47.21667966
31.52404195
32.97040453
20.70332851
-4.30498211
33.92630405
0.00000000
36.65565596
-50.34885990
30.68585541
12.36774144
25.33645561
-28.50938190
14.59406541
-1.87839451
9.23811699
10.74060031
18.90182696
-2.12917696
-1.59705767
67.41177296
95.56285851
51.95371376
70.52991998
104.57895553
49.38581285
-2.03128868
-5.90116032
-32.46802555
-21.44950936
30.29861710
-13.22284366
40.16028526
40.14737100
36.34260733
-22.82901855
35.63361001
40.64745451
36.01400935
27.69999362
