51.52909074
18.08488327
58.89291840
37.30868536
41.19975176
20.61531018
26.09808165
22.02175352
11.73655462
14.01800287
52.15397601
43.80093078
50.07629648
47.92485587
34.32664824
41.83642877
12.58374727
18.58763045
0.21107020
12.45884190
20.07943188
25.35297418
-2.10201847
27.76613348
49.80478376
66.19835866
59.79356358
47.33825737
53.16341773
43.78099840
22.93821669
15.38885444
40.33673565
31.61411990
11.55058863
47.18754081
4.57592898
23.61830078
29.11634682
40.85391273
25.22570078
0.00000000
2.26011484
4.91004748
25.47753561
29.30362823
38.79122786
19.99193950
16.01516952
26.28215033
-1.85158972
14.18511363
26.79592230
38.81619679
28.02947148
112.35644045
31.19136841
37.00532123
34.58495121
42.83381847
15.21696373
17.66570694
36.25418619
6.25407940
13.56602023
34.69855367
4.11534913
16.79205467
48.88994046
35.04673300
21.56968999
20.10672638
9.69225991
35.53260980
51.23833167
27.94711525
-8.86154414
51.06446916
60.82755859
38.54009054
16.80802653
24.12177610
27.43454280
11.25683737
20.33295189
68.73016835
58.34815859
43.41582259
27.57326405
37.68795442
33.75891633
24.68234420
25.14595004
-10.37908191
21.93492379
22.21433307
22.01472035
-1.35643528
25.64284223
-9.30417131
85.11177647
38.88354198
56.21195357
71.28440802
32.70571972
16.22943857
12.24028706
40.27062058
32.09860943
31.30461058
46.68271064
-3.93196396
-1.67000947
45.57049219
52.15816485
40.18402926
0.00000000
-22.22734785
29.18535410
18.13272825
61.62277631
42.23317146
43.55085417
11.84127349
28.26280204
-4.72893891
19.34421114
39.07348103
30.32988618
33.20287775
34.60759905
28.35859343
10.56720117
2.45030011
10.98209533
15.01872194
16.31770569
38.58033214
3.70417419
15.71313938
37.68128085
12.97546263
57.28723605
44.71152930
53.62489568
11.28423951
23.69822647
9.79275035
17.08109643
39.79566366
