21.19759688
-34.18127195
19.44075998
6.51390248
24.17534243
19.03509250
12.09081576
2.55484631
36.62707877
43.79594952
-68.33551889
14.52591391
13.09130335
34.69111403
12.49988889
23.67952529
5.96327124
12.58348808
7.25462074
-89.26294293
-2.24201946
-22.92827979
19.28870249
34.53772707
94.70006126
-8.76778400
0.45124913
-3.68978074
15.49433535
50.82073105
29.97443156
3.31216219
-29.52864003
-2.32802707
-2.84515167
17.90916274
30.64965979
7.60017105
30.19384133
56.56237626
0.61638455
0.00000000
-2.04606499
2.55878099
-18.00219558
23.35541913
3.33993698
24.53573815
3.61372581
8.31166226
21.99711957
-8.84629466
32.09122992
22.61727599
18.56761069
47.80535068
19.85809448
-79.96694689
-74.46646177
-9.45859533
-2.56851977
8.40791805
4.14526529
42.57395961
22.26555507
19.78753772
27.13521391
-20.92330466
28.78899507
6.04047383
28.00754097
43.00301099
21.52099851
23.66947707
9.88119151
20.27168202
-22.38692882
-5.19098699
-1.78859533
38.94196474
13.77527714
9.25899291
9.18970470
28.75298979
46.42341642
-29.47525507
-1.25941850
21.68399727
22.72938767
6.78439963
20.52019748
-5.19619218
4.57136810
-12.67406786
-82.30968109
-46.51888232
-27.46471746
17.24488815
18.85470576
24.31866443
-50.35088125
-67.08451086
-36.60823116
-21.23120902
4.02490263
27.64194639
27.74638512
-9.67787244
1.78408160
2.34689719
-24.63971329
-4.22292115
10.34893098
6.51770008
16.82912177
-15.08289147
0.00000000
-37.81510097
19.66610873
-31.51772843
-13.63028871
-10.33085747
0.85385031
-12.84696676
-2.01855486
21.00066532
-28.87861665
4.66548295
28.18131336
11.49925777
-48.08510636
-68.72830502
-101.36873494
-62.38998335
-74.13745387
-50.75052527
-16.27440856
10.63876976
13.21492990
8.73567943
-13.06034833
23.67237765
-51.36852891
-2.24860591
-15.03217806
16.81436302
18.23595115
-6.86900254
-2.77021501
-9.84958426
