29.50597761
0.94061075
44.60113736
33.89882680
39.15438686
2.54055371
1.40590505
12.48136565
23.35366881
7.76975683
-52.47310621
17.09318999
15.50947961
19.15432813
43.40558585
16.31282801
7.23737317
-0.11144353
8.97368414
-72.40862609
18.94821753
-38.29718177
-7.38657355
4.49309342
115.12052778
74.41341031
13.74606935
-9.52028649
24.65991755
56.38679587
1.83695287
-5.99372978
43.41563492
48.07249779
27.74089559
62.47593967
40.52802128
54.44191962
-6.87564999
2.73049056
6.62889867
0.00000000
-52.17621160
9.76529556
-44.48627516
15.74858194
21.08525505
1.19441826
35.41339123
10.37237259
12.28476153
-29.14127409
17.14487862
32.53934925
19.86996657
160.29749053
19.45978479
-84.00310312
-12.20473046
20.21750885
30.07050820
-16.03985497
12.15870150
-8.98995685
0.25981475
2.53364712
2.77914649
19.46171132
27.13196257
24.29527653
6.06772602
13.58944808
40.55168016
52.09827751
36.13427064
-10.11361394
-14.93288899
54.49173374
-8.54519228
7.11644257
1.27229442
10.93070290
-2.61224823
21.90674821
-8.53731283
-47.14366396
-1.14546026
-11.52732595
-14.42402082
23.60730731
15.66860949
-16.94480403
28.68599066
15.60049083
-74.94510419
-14.99842796
-29.27526066
-4.98094119
8.86092517
103.81481567
37.18493764
29.94557861
-19.72293851
-7.38439560
40.07145250
-1.39563827
13.53176443
15.58919731
5.87937516
12.60580821
8.53702094
7.69808959
26.09356015
3.43188898
9.70262541
9.60385368
0.00000000
-33.77136457
20.21344306
-19.77660721
-2.93686760
28.61083247
17.76080836
5.24610043
-7.85200290
-5.94023469
-17.84559808
14.10936937
0.57610340
21.52121621
110.62277439
42.30931439
-2.59072659
-24.85091309
57.05635366
6.66228335
-5.03790521
-11.53926849
25.31468713
13.66558061
-18.73124032
7.10604654
22.60372861
12.57152583
6.92329845
7.56159643
17.62732574
28.32602650
60.80795878
6.05889169
