29.35657564
-17.74017615
113.92949566
33.99094205
36.88329986
7.50801034
22.47924499
11.21859328
5.19444817
-14.00491646
-89.40900263
29.80563963
26.76038475
10.48909348
39.30378435
24.30638265
14.77068168
9.38825990
-7.54776036
-70.50077502
-13.85637359
-51.21077289
-5.66120964
18.23735965
61.49360347
88.41903822
54.61202556
-35.31543377
7.47495770
67.05023441
5.53223131
4.50294069
42.89400087
31.22543749
33.51326818
25.13758638
30.72040275
35.20872771
5.95490371
10.70978752
2.20959498
0.00000000
-47.82618081
14.11689580
-59.80777359
0.80453433
40.25619365
13.73076635
28.90634912
21.14376971
7.97182248
-32.34914170
28.49690271
37.82545734
26.16240083
152.16537650
31.94946766
-95.70027374
-45.13234662
-6.36825583
14.37727627
-29.41649593
16.49454811
6.79346081
9.32874117
-22.71782025
5.51040298
33.84471039
35.45972575
30.92141064
3.93542598
7.15148510
25.56939524
4.58553747
27.95938662
9.09836278
3.94133642
100.73303639
10.97469365
3.50681115
4.07108200
20.89740853
13.25959803
13.49867750
6.44153684
-49.66793581
25.30807140
21.83238409
19.27751319
41.10881757
23.74739943
44.49223768
37.71487756
-9.53536427
-83.63896202
-14.57462468
-35.87962166
-4.73124345
20.90898520
66.60381387
96.99187957
66.51977472
-5.38268382
2.10868299
50.39535960
2.69353450
23.66001813
69.47622420
20.15589758
18.35837704
53.60963935
21.52377556
41.09941962
18.59921575
10.15532241
54.45722386
0.00000000
-6.99615420
23.76429878
-4.98886389
10.80239648
44.29296185
27.69534640
29.69410275
11.74877472
3.19979947
-16.05608841
35.81199510
23.62950650
22.91104698
139.30784527
68.88947134
-14.52068650
-24.65257665
20.00406874
11.86921809
-7.73717008
23.54651051
37.76702108
19.31575746
-8.13751245
3.16230596
61.66602094
32.35897407
29.69158560
11.18550403
16.97371508
62.65605636
51.94926698
54.55362518
