-36.43365193
-31.99679127
-68.41163819
-23.26941712
-16.13427909
3.61614005
7.94273739
-11.30802781
-27.77214139
-8.92466684
1.60848767
-14.07269203
-31.26284678
-52.78244451
-33.17895878
-29.78013277
-0.04463385
-0.42985565
1.82254222
-15.76013356
-6.12820242
25.31108672
-1.15842115
-20.58680117
-107.38878162
-47.48688692
-9.43711561
-46.76006388
-30.14010612
-11.15718756
-12.07144020
14.77449052
-14.65372985
-8.10988724
-2.85782466
-42.23065770
-5.72480609
-52.84893803
-10.76995141
-29.92883411
-17.27622294
0.00000000
16.63948063
-22.34461148
24.23834651
-37.94608123
-37.00023357
-0.44654786
-4.32428589
-0.08370697
-3.84558034
12.80818237
-19.18294167
-19.03554655
-12.79569037
-142.36847928
-12.19368861
-31.21244471
-38.02498836
-33.12936880
-10.00863659
-7.11751091
-59.34616769
-3.24456041
-2.57236722
0.95036665
5.75253976
-24.24559224
-13.46437501
-11.53649862
-10.71064879
-33.53662064
-23.34662694
-56.97311449
-13.19330991
-3.22755853
5.91228094
-41.29247107
19.02307823
-22.31378117
4.93900252
4.09391273
-2.00299806
-10.75531709
0.37330315
12.99927868
17.18135338
0.82200878
-0.71916657
-6.26104067
-10.86264334
19.14792848
3.69740917
-10.95254272
-25.19658650
26.94450402
18.44864149
11.37051428
-24.54602810
-57.43125969
-28.96511656
-39.27509572
-20.50710294
-6.81547671
-11.82645385
-12.76423500
15.68696020
37.13679363
21.08998581
5.64062997
18.08311646
16.84654989
7.20334694
10.22406879
1.72857277
9.54297989
0.00000000
-18.95599640
-19.20981276
25.50194985
0.99161623
-23.20592524
0.14920872
35.75247631
12.71038512
14.37455546
6.34955828
5.94753318
10.36915385
3.34792634
-17.84094603
-14.07364182
-34.68168589
-20.20075368
-4.06448302
8.94261184
0.73870147
-26.56090473
9.05314360
-2.25921340
17.40657866
0.00796794
1.56669632
17.07562696
-3.53669310
-3.10891795
-12.31714165
6.01672159
-27.52265965
31.16951483
