18.63641884
47.30425016
61.90969243
30.54862415
-2.85822732
-1.48111296
14.38844198
0.29349582
-43.57325968
4.84899989
39.91019689
52.16736835
26.76061287
41.72747225
14.16970675
17.37976231
3.24335710
-1.59397082
-17.31213331
34.28193285
19.83813049
18.74856775
2.91134883
1.23074243
-35.90882830
18.31234355
59.49076452
28.10437225
60.62459782
-23.53457265
-9.91584784
-9.69837819
-17.79939995
15.45066292
-18.42229239
6.92801426
1.84247092
22.12303545
36.24977344
33.55158073
16.61434308
0.00000000
6.14723563
-26.43048511
27.72603384
38.22381740
1.50222626
9.12328914
6.51837757
7.21890928
5.33151478
31.71399667
28.12522161
-2.07069695
1.66778410
-79.95330861
32.46554860
11.65746434
26.79291288
23.33412278
5.23608812
19.45809397
16.39662370
-19.37065657
-5.34493448
6.36039941
-11.84674464
21.81633626
38.07185390
36.75240211
-19.72967008
-29.80794303
11.16421673
7.32243490
1.25890202
1.13911337
-12.25172777
7.69144972
6.14617220
-6.65266203
-2.07212861
9.98742527
-7.38230793
-43.13259551
-27.33153671
2.81700584
17.75648003
-6.79733757
18.58692563
-18.51723953
9.94491542
-4.91324579
5.88666312
-20.49841908
34.73973100
7.19450523
26.05093573
-2.10828812
-3.87960225
-84.04684452
0.55575085
-8.29813253
-11.71233640
9.77265277
-33.81402394
-6.18316044
-11.82921075
-14.47726889
-9.87313588
-21.53687503
-6.03326015
-31.66393639
-62.08468195
3.75110338
2.76460576
-18.37434252
0.00000000
34.65105666
-32.66679825
0.76923456
-2.09522072
-5.61687546
3.89462316
-20.67408153
12.35917763
-11.65449516
10.63733508
1.63454714
-10.75387562
-16.67718446
-95.25215789
-18.28870553
11.58499630
-24.95572581
-12.81499945
-14.29820538
3.28325963
-4.00575733
-25.90411606
-15.48130010
-12.23325075
-5.30606125
-19.86672840
5.66877967
7.12540636
-15.28695887
-41.33139333
-51.15970327
-61.90567721
-28.95195690
