29.32602813
-72.92914392
-21.16924360
-12.06898596
26.19804479
18.75359586
4.95477630
-4.16680053
46.87433077
45.34526362
-12.92701114
-0.40567721
5.72212483
8.12150418
28.49264368
12.29665418
6.57479154
9.12969802
-31.46354672
-57.76567000
-10.55053321
4.77706607
5.05183229
31.37429902
144.05591548
-26.52988015
12.02060001
-36.24536963
-9.29708546
27.81095412
0.78601298
6.52700938
-0.73387158
11.31415033
-8.14809491
-17.06984553
19.10877880
-7.32823634
16.77570706
15.72157320
-14.99436517
0.00000000
-5.40221492
-8.87334276
11.63553211
-20.00587383
-13.21910603
14.99323379
12.43401260
5.49624412
9.00641462
-37.59264398
31.24368384
25.45189976
17.95121734
-10.82337809
33.07710789
-82.97935441
-75.32055302
-64.79450991
-12.52300492
4.01909474
14.35885153
10.06539132
29.39144469
21.43041582
32.35444167
-8.18456502
11.66722697
-8.32185753
15.45031850
13.11355234
27.47443554
4.45513192
11.77469077
15.43183221
-47.97750598
-15.35564174
6.03847132
28.27476814
18.35102503
11.24253322
-8.11851632
16.51600847
11.22420167
-7.63276205
6.14615152
31.19074164
29.32220312
32.31685993
13.27471095
-7.81388018
1.72991456
-35.06056619
-51.63218228
-27.81289200
7.47058822
10.17526565
28.98173691
59.61116038
-1.91442013
-27.59801299
-17.99736606
10.53938663
-18.26128999
10.80926187
13.96881202
28.58192491
20.45818579
12.36044578
18.92100462
-14.16497648
-21.52129178
15.01333593
6.39056659
-5.44979002
0.00000000
-4.49546451
-7.46319355
-4.08206507
-2.62768154
-21.48845549
-1.53761910
4.97943100
15.30444671
-5.11312889
-2.62730849
38.86995694
30.29993250
23.14791729
-6.74555297
19.99907489
-82.14065482
-52.68137470
-88.45587783
-47.70317795
1.05558191
36.67197206
3.16092716
25.67836067
-6.74509357
21.00069607
9.88409231
23.16497887
-2.75846124
14.67795286
-3.47622644
-13.88656603
-15.47245952
30.71308463
