0.39288845
-72.39585198
-39.55824491
-17.62263893
-1.60077361
10.83400612
7.08343357
-0.75320581
1.93538738
4.91811431
-2.39202497
-3.87780903
-14.33343452
-24.98782142
-2.59524556
-11.67621440
2.29640937
-1.71383613
-34.78548206
-41.02660267
-15.45057707
2.65828488
-6.83491107
1.72623171
60.06119522
-21.78096854
18.72761217
-31.34203615
-19.35975157
7.14574409
-14.87893499
13.02608035
-7.69401933
11.78613508
-3.47674885
-27.10648480
5.17718203
-24.25951922
4.47047095
-12.41907226
-17.47685909
0.00000000
-13.83676606
-15.80612153
7.59724061
-25.84573828
-18.41654391
3.30853871
8.07746217
0.68794636
-3.11608297
-33.08140750
7.23389016
-1.94358709
-1.22378903
-43.30545999
22.99642655
-75.79748945
-72.18881734
-63.77907602
-19.91435363
-9.81521557
-21.37579128
-9.71095210
13.41512502
17.63026747
11.12173372
1.93036453
-1.27940217
-12.63170551
-3.78111058
-9.43832243
9.99719725
-16.85180283
2.02226522
0.95574197
8.77903112
-23.49947529
17.13171608
-10.92763656
9.48171609
12.31454559
-3.80643083
-6.50263849
-23.34012823
7.63823942
18.00418753
20.94465798
16.51298727
8.20670175
0.26405786
-2.53159386
1.47219762
-27.14750539
-36.49836932
73.01439601
6.34940163
7.60054638
1.13772618
24.81339153
7.55969532
0.78998301
8.62758823
15.88771768
-12.52222582
-6.74237533
13.12807380
45.47470580
37.74804306
18.81298137
36.92416685
17.63324731
-6.55174573
9.55011968
0.51505275
11.36225164
0.00000000
-26.33401795
-15.17213902
5.54623951
15.06761910
-14.93153905
-3.65078243
27.09868822
17.26286339
0.48128869
-3.85565123
18.01653673
16.00305931
8.00244132
16.64689586
24.67878271
-59.16617754
-34.19720007
-41.45966247
2.60460764
0.25515150
7.35189659
2.72091724
10.71316316
13.82593490
4.66188278
35.46106929
23.39895227
5.84004187
-0.83948727
-11.38791084
-3.72230787
-17.65518006
40.21385873
