-12.70860272
-26.24356468
-49.15346966
-42.88086825
-0.74731594
1.01312839
-19.41936790
-21.44415349
1.78607804
19.44570195
-50.61003742
-6.27617437
11.99013607
-13.98917421
-31.53300521
-13.47052914
-2.67651089
11.31334437
17.23597363
-34.66894930
-1.07904749
14.25392562
0.53621461
-1.16571793
-120.29368130
-93.33062186
-100.26480540
-101.32608891
-58.00351745
-42.73599270
-2.40038607
-3.31736025
-41.75378916
-37.99627254
-23.74942757
-35.47932445
-26.22073264
-40.99238839
-2.77552046
1.36012536
-24.36485274
0.00000000
10.36218669
-27.10453985
8.14634992
-54.67857601
-36.28177499
17.21992964
-8.88926624
-1.31371971
-10.85716331
16.41538204
-11.46441089
0.60376380
-18.48847396
-118.84541658
-71.93762816
-18.12709521
-33.66530465
-58.73648661
-22.37175983
6.71477890
5.51897353
5.40539852
4.39496895
-25.41192535
10.42577796
-83.47083702
-36.05096487
-54.86935631
7.59359455
-21.55117827
-43.66750159
-50.48267815
-22.94546850
25.47168279
-164.35815937
-25.85564700
-6.54963546
22.32562994
9.63288204
-5.03566573
-15.58146092
10.52002817
17.34248359
1.52239053
10.63099938
58.40854167
45.77651938
9.51549756
-3.62218845
17.56604905
29.71780766
19.72572643
-9.02934384
-313.35690697
8.40168485
24.67207546
16.47611160
19.24284067
-60.41549137
-90.01593812
-91.85253232
-38.14159774
-46.88865841
7.59611448
11.25696428
14.55999366
1.79492226
-11.00274204
-13.66947874
-87.72381177
23.16132840
24.74027807
50.25942653
-16.01788656
0.00000000
12.32632950
-29.56350330
1.66200077
-26.17268025
-29.94619178
23.67350846
7.17590448
13.78016126
13.39071904
10.39774326
13.34911774
22.86044029
-2.06733000
-0.39649903
-43.52421148
-3.02101646
17.31205786
-74.87058960
-142.39503756
-1.35102464
23.40676353
-6.32281832
12.04917606
4.45177535
17.45522266
-35.47879519
10.13581170
-42.74417124
13.75052222
-5.85500633
0.13764070
10.99544821
10.77961197
