-4.15862712
-82.37632046
-70.20968270
-9.04546952
-28.34794121
0.49146715
-4.89830903
-6.29251071
-21.79130065
-26.07698579
45.17855787
-1.29309866
34.27656343
21.63434396
21.88863473
13.15681446
12.20293934
3.51739335
-44.87191896
55.34595378
-27.00450852
-70.77625276
2.65951187
3.04417580
26.67079921
-13.09972339
-108.94057052
-23.42315645
-12.45750502
-86.10490527
-13.66337065
-21.03685258
-17.56648139
-17.04536559
-6.75563289
-4.29568854
-12.42796839
12.32211321
-3.92580456
28.99386075
1.79493413
0.00000000
27.33196174
-1.52218328
-24.88581840
1.12046897
-43.97556328
-12.56243222
-0.59132776
-1.90525344
8.06026742
-44.57356047
-5.63396034
2.40943836
9.05766080
3.64275517
-64.33365303
-21.00457473
-128.29800702
-51.17967116
-45.68453236
-26.80021612
34.85615923
7.15810159
-5.99453074
-27.36904342
-9.99319021
-31.77603421
-4.25831766
-4.44299505
0.91700773
-36.13478988
-6.34883131
10.07005229
-24.33582628
2.00640359
-52.35405925
-14.42756072
-20.24815281
-10.71215068
-14.21402575
-8.60210366
-4.49204315
-32.68055470
-31.85700539
-26.02586347
-45.14787533
-67.98776658
-26.69259511
-50.96206671
-19.34744357
-21.85940549
-14.98701800
-26.50636191
-14.87408978
-50.41373125
-45.68413780
-5.18325695
-16.85210793
-56.08707241
-73.32697790
-188.55581242
-38.05121437
-46.26037304
-147.85335692
-18.70218966
-19.02338670
-47.62448012
-19.41257884
-25.83189856
-40.92446132
-32.45186915
-50.88113478
-44.82926591
-31.59064233
-36.18225622
0.00000000
2.72215238
3.13697713
-32.36627522
-35.73446490
-40.52861564
-29.42859991
-30.22774073
-23.08743227
-6.84337900
-25.95275785
-56.07097433
-35.77611303
-29.82335591
-171.49650724
-152.09873235
-74.81308460
-120.45611938
-60.93801563
-48.93696144
-28.27126754
-9.85232765
-5.17251420
-9.05706803
-63.41779529
-18.58924115
-67.67452285
-64.60085713
-36.95057778
-14.23137006
-74.13599332
-50.00322987
-76.59306185
-35.14643370
