-14.76218315
17.35220343
-16.23441895
-0.99557107
-35.79880119
-4.16830953
-0.27425931
-6.03080383
-23.40955350
-30.49331134
33.40754089
25.43962721
46.03150426
20.36656036
-0.30803506
9.83814233
15.88087580
6.41975612
3.98760177
84.79411166
-8.07943944
-26.40898619
4.58980516
-1.24485934
-2.91737069
14.06540049
-51.56050813
-33.75517094
-8.58046300
-59.49387359
-19.97907851
2.75004335
-11.04823289
-8.52363018
5.65300808
-4.88920498
-4.62984690
19.82352781
25.17404800
26.22768877
1.46985219
0.00000000
46.83756816
6.43526927
-12.02040744
-4.41262564
-32.22247695
-1.96529361
-2.95292139
1.24384144
2.45835162
12.74695798
-14.06408259
-15.51112216
1.97667654
0.94336602
-38.61983118
19.56626230
-30.63045686
-15.71582743
-29.42184521
-20.30256457
19.64171525
2.88082265
-6.96039662
-4.89030923
-12.55232692
-20.41944430
-6.36906714
-8.03865746
-8.30085242
-27.96204522
-6.03007177
6.37795678
-25.00871837
2.87796043
23.72638052
-2.88190043
38.22545058
-28.74291922
-7.28282250
-7.51038773
-7.99394400
-35.48194353
-36.25000267
-11.76079771
15.14886755
-19.81243894
21.67594282
-24.67258351
-13.10881319
0.45437767
-10.51128695
24.39155646
40.72166883
-10.69058849
-20.91397535
-6.38336224
-7.57950923
-10.71291456
-0.97187018
-73.66267536
6.07882473
0.39733966
-83.43014570
-22.11019691
-8.89671622
-4.17741087
12.11440053
-5.36818474
19.92597048
3.71642512
-4.67440485
-14.86198017
3.09163150
-1.26299371
0.00000000
73.00787632
12.81439923
6.12612459
-17.70942886
-22.91768899
-16.96696987
1.46586467
-1.20135456
1.63075498
2.92773295
-37.49797398
-33.21087394
-25.88437303
-85.30176387
-69.46070754
16.80654283
-34.40268754
9.41296982
2.09844534
-15.18415173
8.05396358
7.02691744
-8.24235235
-29.56281539
-28.31181804
-37.06072243
-40.02086687
-20.89924669
-17.53633207
-58.46144544
-12.72339904
-35.31779769
-8.62066251
