50.47716566
-47.13254007
-62.03112507
-14.19289289
46.78701624
12.29938610
-18.36908604
-17.80807906
17.50437464
-13.24725947
-5.84368137
-23.36066578
-12.91034016
3.08221572
29.63790792
10.81542060
2.52369750
-8.02977146
-55.06278055
8.16615749
-10.69633122
7.38075418
10.47681612
32.33614358
106.28941605
-74.67395349
-127.91772424
34.87096368
-20.64416467
-63.97759807
42.19239031
1.34962922
45.50619251
10.14297747
35.33762829
10.91890821
3.63355178
19.35096446
-39.06860327
-21.84879593
1.72182993
0.00000000
4.79789111
33.60429547
-13.39159746
-9.06479773
-40.02910037
-3.88409651
18.30026632
-18.39425679
29.06876593
-4.77694077
-7.47636259
29.46889015
3.81189180
8.58265201
-48.04223172
-3.49268790
-54.61156076
-61.50650885
-25.58656944
-6.51943760
23.19041651
33.51935040
3.22332347
-35.55349691
-3.42791274
-25.89121721
-14.78505148
-11.33023768
42.36637071
6.69525547
13.23554110
20.56817901
20.55968257
21.51326950
-35.44180311
-40.15822795
-45.67141326
37.64299993
5.01256673
-14.00298220
-13.07957061
-0.94915542
-1.38459019
-43.15966020
-66.59466601
-26.15162295
-51.99562504
6.51312857
-8.26699110
-18.46824070
-26.69961382
-14.94856273
3.58432032
-2.53381565
-22.42707348
0.48446471
14.01939631
55.65596743
-115.94411853
-96.94623935
56.73860934
-6.44488586
-53.96348567
29.20314973
-4.60365996
-20.84826581
-5.71366878
-3.07192876
-52.26526317
-3.68637640
-18.00166205
-37.45804821
-48.68855941
-30.81182364
0.00000000
-84.35778940
19.25006355
-25.41548635
-15.56228177
-42.82170932
-5.16804916
3.69673945
-33.23433354
-6.32374389
-7.42658070
-17.56603443
6.66727325
8.12907741
-65.86240667
-81.51492994
-32.65789172
-47.17076341
-4.96826703
-11.85695653
-2.80678533
20.00979683
25.73529810
-1.90183028
-35.58105591
-4.51319100
-53.88501489
-46.94202096
-27.58441320
24.74741641
-14.91733851
-18.48110586
-15.27061026
-9.62807409
