-66.43213851
25.82456213
-166.39478380
-73.26963591
-23.45411869
-24.30880694
-31.25956556
-40.90811042
-41.19848816
-35.34077976
-100.75025559
-80.26691063
-85.41506893
-94.02577572
-41.34515673
-63.45094989
-31.54133369
-24.50192396
38.85957898
-31.83818125
-28.96113375
-27.94994099
9.74542271
-37.20804687
-118.60776141
-74.16738771
-78.17685111
-97.62865056
-87.37330242
-43.51587219
-9.96363958
-23.53483228
-52.45833409
-60.68739640
-5.61992231
-41.89200462
-14.57566481
-47.19679695
-90.82695353
-105.62944683
-36.35095315
0.00000000
-20.66773839
1.95010926
-47.88534716
-71.91478953
-47.56608269
-35.83760328
-19.43779407
-34.66679269
12.09842864
0.73762977
-71.08007078
-24.09181674
-19.79121977
-3.27999227
-22.36676269
16.63757028
46.56587039
1.29935157
17.39843138
-18.27271642
-49.22091179
-2.15688895
-37.10216558
-59.07547043
-30.19000132
-71.21578441
-56.63096137
-34.81171230
-16.05224900
-23.89925770
-22.38987828
-42.13036012
-56.24522862
-24.41162326
-15.21869748
-84.97169334
-104.33049845
-2.49363375
-13.60673757
-37.30597293
-32.84839735
-11.78730404
7.16105326
-135.40971920
-105.54980238
-29.04517080
-61.52826552
-13.87104709
-37.30158275
-50.10282541
-64.74049954
57.61228353
-42.74857946
-26.18707554
-35.06745924
-20.29414670
-27.35892008
13.50578905
-142.68667031
-29.83355515
-86.22076247
-96.46938226
2.02944746
-19.96848485
-35.33192448
-121.71106925
-79.46265319
-51.26386018
-141.84916547
-0.09451701
4.21157233
-43.84766762
-53.76820622
-82.59148043
0.00000000
39.00919321
-1.46273171
-18.94031502
-97.33870458
-46.13658338
-46.72844844
-37.11214484
-63.97841627
1.86889485
-7.51345953
-22.65999367
-12.48034796
-2.57362107
-35.60364862
-18.60793673
69.42150504
35.76602134
-17.50602464
5.40562185
-11.55720274
-30.18648634
-3.15540142
-16.59092807
-41.63609708
-20.78025734
-89.81905916
-57.92489456
-57.20963048
-17.90740409
5.39490682
14.91989259
-5.63701785
-121.00819704
