-35.31283243
-38.92057466
-70.72840433
-0.71968537
-56.73459896
11.82352269
44.42610395
-26.63026660
-103.61218418
2.04861070
-125.07635676
-96.51200319
-169.96021531
-80.49833265
94.54568773
38.28727455
-46.38548644
-80.76063822
29.82120005
-132.57278793
21.52626799
-86.30161680
31.99213731
-7.56405346
8.01350430
170.48100407
-108.11696333
163.26739940
64.14504723
-176.81222446
89.82510712
-36.97850187
-31.96555087
-156.21103739
-151.44192900
169.45689674
28.83048120
-65.53183904
-78.75539554
-69.69177252
147.41051613
0.00000000
39.47701232
-134.91041580
-13.09608025
123.73539437
-87.63756140
-83.48105440
-21.42817884
-6.33942561
47.24470659
53.90371299
-20.27793447
-15.95331491
91.67468456
236.97138035
-2.32684107
83.40932679
-59.65817769
94.40140692
-5.90585173
45.69318546
-110.47653739
109.82016276
-40.42394656
-135.48241766
-34.35035273
130.60014459
34.62523635
113.24577619
51.52189807
-113.84072314
6.58417072
68.58322586
13.04834565
-16.39513260
-248.58978555
-215.73496782
-530.94475317
71.25556106
-16.23322493
-11.75542904
-112.45052726
-164.44954036
-116.62967064
-379.95825382
-425.94604412
-397.54538937
-391.90471000
-266.19899411
-69.95637311
-270.35722463
-186.36088724
-187.47246853
-269.55707179
-224.35539719
-168.21399898
-70.52938370
-42.12755593
-586.66919339
-986.88385783
-689.08338463
-552.84748481
-604.62126396
-467.42467488
49.76302389
-40.21364603
-459.41146354
-428.86705476
-229.69495754
-788.00463232
-147.34336409
-428.22399257
-187.12599479
-341.75372713
-480.89789235
0.00000000
-281.40029067
-83.32471135
-275.22521747
-575.21880841
-269.34114841
-101.26300583
-322.73193217
-222.60647590
-89.87347372
-259.93408186
-215.73244261
-140.27769254
-131.68550773
-1097.75337914
-779.10761040
-505.77050009
-565.19067430
-536.13344093
-398.06213726
-200.77358438
-166.43638706
26.45695508
-18.66382517
-434.08725697
-74.55479581
-797.75315175
-416.08036692
-362.61881440
32.24799082
-251.61432138
-434.80431570
-539.35465322
-551.77412601
