9.94209369
20.95070439
-24.57074296
46.33494308
10.39311225
8.76662446
11.82917704
2.71353010
10.86624535
12.62325351
105.40629352
54.21786641
35.47765026
67.54738976
27.70529361
8.28782393
1.21466314
2.48149330
-64.43313378
25.62596684
58.56404608
26.82044419
12.94582758
7.63853059
5.01730802
73.37165284
-17.22909031
51.46028987
42.68389094
7.32950769
-10.99254649
8.03224150
54.22180653
86.32814016
64.51121932
94.19575784
12.75444988
68.82404965
26.47001441
29.96166518
17.33239249
0.00000000
28.89875609
19.21094826
42.69096146
33.73856863
15.06903007
8.68800484
36.71644994
9.53672972
34.76216879
-5.86292246
30.36691647
28.54136941
13.42517144
70.09417630
-19.73642075
21.01810520
40.64365844
51.24784622
35.03238902
11.88880210
35.54199007
1.60655367
11.88822415
22.15067425
-1.29897541
19.37436612
28.02922115
-9.68314529
8.31573816
21.25479477
29.88429594
54.47661431
51.40360058
10.70991210
-17.34665964
-29.79126897
26.25949364
5.70918712
5.45360080
5.74749386
-3.35203606
12.19198900
19.97218248
83.40171994
22.82891477
-8.70729300
5.30039259
-8.76659812
-12.33644381
-13.31769228
-0.45797695
19.56607749
42.80559614
35.67033444
29.71421396
17.95422140
3.05959085
73.43843302
15.53850714
-9.56861198
26.29263866
2.41042137
-3.68031086
-2.92210925
4.76804982
48.14147934
50.03977199
61.05008325
29.72286762
25.11036906
56.11908970
-1.93459219
14.50070171
15.48635232
0.00000000
-55.56028064
70.65221718
29.30424309
21.14377542
3.68422312
-18.46058828
7.47353152
-0.56691369
21.93579099
4.74007912
0.86546435
-0.92577718
-6.97463786
47.11252089
-17.07120523
16.41412058
8.60348667
101.94514103
50.56134561
27.72831428
-1.50477311
18.52641731
3.10460580
37.10297706
10.20512328
-9.85757191
0.85970530
-36.82697158
2.94747686
-0.49823110
28.79592582
69.87242678
24.23136888
