41.45204070
-52.34805321
-15.26301185
61.22829193
27.04082518
17.47587673
15.98732068
13.98432797
21.14381913
11.62885215
172.28070826
64.96020696
43.93981321
76.67682466
50.26546053
26.50551284
9.31899280
13.17124480
-44.01978772
65.31554281
-33.99666183
43.03849399
8.13602069
27.90589479
89.77446103
101.36057963
-34.40038360
54.82403955
55.23436352
25.42968648
4.27719288
11.57397077
66.55936891
82.25626379
49.78516388
75.47644391
-2.12445229
82.16926080
24.41903611
46.55379177
26.29428356
0.00000000
56.70771434
17.73420514
51.05262192
50.03572901
14.06042255
5.69930611
30.21099564
20.72454180
20.76693252
3.34115190
38.48732034
37.16172876
17.74599644
182.04209353
-31.23047998
42.40534135
14.42662902
24.77564482
-30.44690751
-5.08878998
64.30790258
15.61628615
25.07161284
36.48385383
5.96101144
26.64544450
36.05422537
-0.91266450
16.79945584
20.61260820
37.50648857
56.98405081
54.97747037
18.87175164
-18.37020230
-19.32662215
30.35149861
1.16702364
7.68745510
8.46106260
3.82675636
25.91357555
20.00452397
113.84359143
19.12888206
-21.47467102
-6.79054688
-0.44011312
-9.85015321
13.86521811
7.06402394
-16.24306952
53.51834406
21.32329529
40.07241022
3.44987480
15.48628377
70.95679844
12.39546206
-70.47369423
28.29748086
16.37668739
-19.21710197
-0.95418224
3.83041184
45.09768154
46.48453096
41.54822221
38.06890256
0.07770315
19.03768542
0.50487359
-11.07104715
19.93774053
0.00000000
-24.74930902
67.54925232
35.44136068
23.99430090
-2.81017273
2.29610558
0.88247294
-4.16253284
16.27565326
13.49635008
12.67998882
-2.96865003
-8.04248642
31.85057209
-66.72942807
-21.01235175
-60.21526556
35.28662126
13.38300796
17.74743085
21.43420858
36.99899571
14.23854628
27.17124648
7.79620953
-24.13207910
-12.34805961
-26.54879902
12.59187550
-6.60080100
-11.32567046
31.78233977
26.56827865
