-9.57179163
-18.74898374
-22.23956130
-13.09516118
-7.74968516
-15.01297514
-13.53325571
-5.20319050
-11.88215561
-37.17310532
-38.25950828
-21.13711961
-23.51028395
-33.88736334
-30.38437916
-24.19245230
-9.48781465
-6.51864292
-18.81219930
-7.86523418
-12.83519359
-13.50789806
-19.81799772
-21.36367840
-58.23346231
5.74750980
-15.66283137
-40.25687320
-47.59780251
-8.84036732
-18.21941710
7.62310525
-24.59001866
-10.06757160
-24.52214773
-22.96471811
-3.95489562
-9.95811487
-3.78535339
-20.23439452
-18.21567207
0.00000000
-25.56539704
-15.31733599
-12.48819739
-43.18742193
-16.62306372
-13.50005951
-22.24929527
-4.60687103
-19.20894935
-36.49791010
-14.92208445
-29.28930986
-23.04582725
-22.64337402
-39.68451861
-9.64350442
7.08332830
-17.27900176
-7.25075021
-26.31467321
-26.74124819
-27.06122809
-12.59127985
-23.50198518
-10.35761988
-16.60506378
-33.57195146
-20.58077766
-25.49008332
-2.94588977
-13.89343700
-34.43007610
-26.55083660
-18.01140320
-16.76740054
-23.82632274
10.60134631
-24.18418891
-4.57530531
-8.41681811
-5.99320066
-13.16350702
-18.55796005
19.37445064
11.88759925
28.08877983
12.07973940
8.94035470
-13.62720113
-13.17794808
-13.22974075
-37.38410624
-22.06453390
-32.94362682
-9.31155289
-7.27445979
-9.75846469
-27.10173118
-8.61495952
58.65677915
-40.13075112
3.99840438
2.90297537
-13.67110667
-1.92554525
21.40587809
-11.62648199
-1.39497647
0.47980525
1.72671900
6.68971366
15.87570915
9.99131408
3.92054288
0.00000000
-24.44984301
-41.52441978
1.18297090
-6.26365745
-1.14751141
-3.37503818
15.07701779
-5.02304076
-7.33632041
-39.35481346
4.09840408
-6.37515396
-17.01919123
36.85525443
17.61456546
-50.66940306
-10.49653412
-4.34378292
-29.76033568
-14.88253051
3.75869406
-0.75302111
-8.42039817
-8.52664007
-19.46343089
4.68863035
16.34229349
2.64630149
-12.60238795
2.72891780
-0.14233569
-4.63223001
5.91758817
