11.40387047
-117.82080580
-61.47309820
-11.56501382
-21.88048866
-4.32763675
-7.71832152
-2.14756065
-42.70363281
-33.05594464
23.42608311
-13.60701624
3.27281063
3.98095522
20.16192635
-2.20488780
-0.57993809
-8.20236118
-78.34231093
21.48148733
-21.26323848
-82.32911265
-9.71759847
-4.24655057
21.99374131
-13.43080324
-66.11756050
3.50980555
-5.05041033
-78.00710300
-14.87273427
-30.24585159
-20.42681191
-4.97332904
-11.87586200
0.33280271
-18.27387260
3.12997488
-20.13555786
-2.12382199
2.80206246
0.00000000
-25.60280932
-16.95992526
-38.92653669
5.32869685
-26.84363422
-21.83246314
9.72427991
-6.91614741
7.25835486
-82.16557189
0.80026705
4.50330505
0.04778864
38.52527135
-28.78661596
-63.07430201
-124.97556266
-51.74569209
-39.64269153
-22.51972438
24.33933963
-11.15060859
-9.23570579
-22.67680723
-18.86232842
-8.96977913
-4.91903891
6.82604237
-9.53309431
-33.35619801
-6.41559673
8.02502445
-17.78434881
-15.60381213
-83.06207656
-9.45171205
-82.30872364
-10.05951796
-21.70279082
-2.44656188
-9.49486920
-37.20054689
-51.57180523
-83.29108478
-72.48334675
-76.16890377
-50.74848211
-64.70342453
-22.43265435
-42.82255243
-10.70748871
-48.00628924
-55.77854703
-36.75547037
-54.52797552
-4.73615824
-24.16401335
-101.06142566
-79.24419628
-160.21431369
-39.88366829
-63.79164576
-130.53835317
-18.06671164
-26.91580686
-66.31603736
-41.29132262
-32.82065784
-67.01991897
-52.86411866
-84.68490242
-49.56458566
-45.68757982
-51.14000284
0.00000000
-63.79014158
-27.43844073
-62.42824001
-39.09816726
-25.63271070
-22.43520775
-44.87078136
-28.51646681
-16.61282364
-36.77470122
-51.05571470
-36.35054928
-31.62562471
-172.53377039
-122.97941731
-73.35440992
-100.25725589
-65.54887253
-54.75690719
-22.19534384
-46.41567535
-17.10822335
-19.06157917
-56.02380730
-7.50318035
-39.99953071
-52.91239046
-25.67069492
-18.15330027
-62.24395703
-68.49312772
-96.28217397
-55.53711814
