17.45959212
-40.99569995
-24.99015501
-3.84633848
29.90579869
16.44786232
7.78537249
-8.22867908
75.29932908
68.13323192
-8.59574558
-5.00776475
11.30242666
13.54672732
31.32573815
17.36066023
10.20676146
18.11453091
-5.53088322
-46.35000271
2.77034838
13.97852342
13.57205244
30.45466983
106.88793303
-25.03655878
2.53374044
-37.63563650
-1.55518592
58.64615623
9.11694206
9.13609620
11.88401489
1.61028678
-5.72558359
-19.04792617
24.25942302
-10.13527483
22.19083051
26.55951146
-7.26308137
0.00000000
10.59526140
-9.44517082
20.23083739
-17.37732280
-16.10259627
21.46992308
3.26159735
10.31405556
10.66422839
-17.30562751
31.19631533
27.11533166
28.80137563
-33.83972950
23.48015905
-51.88976467
-52.06076449
-26.36414399
6.31044708
12.97827746
3.95679601
24.97942023
27.65690805
28.72301171
49.82345620
-20.49534473
19.66698517
3.93688246
17.67976587
31.16497944
21.81739767
-2.48269085
8.53283771
13.39322208
-60.10779515
-29.62448015
17.60918838
43.37804661
20.35428109
3.59002082
-6.37993470
42.27353588
57.26898413
2.02664274
11.43721451
13.24625901
27.93322356
39.85887983
13.95989323
15.11984675
5.24549547
-20.89919614
-30.06516290
-99.44741857
10.72017009
11.42147262
23.24991735
37.62413975
-17.90542808
-64.66977932
-56.30601625
-2.91447443
2.39511274
15.42738255
18.65470279
26.50993093
14.05276856
10.70674983
19.39545991
-18.68726567
-5.66902038
22.50373623
15.52386927
-5.22671958
0.00000000
14.87586060
0.49077915
7.21827467
-21.31392600
-25.01188435
4.74049155
4.47516305
11.33356139
-0.26702855
5.38787880
47.46554487
33.04541506
35.07751982
-32.05812020
-2.77658396
-77.86965126
-45.61790948
-72.32403173
-58.86732946
1.07708811
24.47864296
11.83849395
21.20650795
-1.96361930
28.20426425
-30.46896511
24.78976478
-11.16447272
21.43579574
20.38775051
-3.10880421
-7.70581810
29.94387588
