23.64507806
100.29621411
30.14612096
48.37624332
56.89819693
0.80694399
17.40472917
27.75898430
36.13533722
16.28738547
36.41038999
20.13167856
48.58743680
45.32831756
33.16673635
16.10865313
17.03665061
7.03453001
88.75457107
44.64108370
35.27664930
71.45282473
7.23045810
4.84981879
76.51577210
92.82850165
160.22611884
81.96729530
65.89799358
98.57745940
0.66074149
12.29229120
19.22944437
43.36808869
11.45733241
55.64951507
12.20493385
43.01604779
31.97453453
26.13434331
16.62588155
0.00000000
26.57871793
11.57496268
44.69818803
45.26651985
40.37696525
16.15498211
5.07696916
16.64781209
-10.68535951
48.92593706
31.76440070
20.62044041
18.72174606
91.20977796
89.34714372
103.36755117
189.47946706
89.34470008
55.63932796
31.25143341
23.86785296
-13.19871194
8.94327315
44.19580388
13.19800247
43.52110426
26.03946360
31.56799440
-11.68808300
55.20370639
25.26683507
57.04586586
40.13466183
5.89929775
99.88141722
15.50901316
50.23808468
13.88793444
5.60139314
21.06416794
25.52458952
47.75299284
44.43630606
54.67832785
58.18198782
54.57280953
54.52584618
69.55825018
29.31149215
20.04150562
26.59807762
37.85067980
51.02922213
170.22602599
60.42352682
-9.03053342
11.68844843
81.17204290
124.50697883
190.92466927
54.73985820
82.02826987
132.81990755
-1.82333630
13.47560499
57.51853547
32.93205421
43.05486779
74.11366674
54.79493561
60.55358756
56.76004040
49.20562997
54.36397307
0.00000000
62.27478189
39.54577527
54.15561941
58.94610027
44.49811315
28.16326412
20.29727384
23.77508317
1.11710761
35.67057625
52.20863281
28.17788171
38.09765095
169.22717393
176.89616215
136.79363575
149.78667733
122.93435923
127.51904175
43.08836602
37.78982149
3.24617277
8.53997686
64.12856686
26.72231192
56.96747701
65.47236022
64.35352150
-10.73078262
58.61799785
59.30467929
112.70534610
52.40589996
