29.51036375
-51.09237069
-23.67242172
-35.03764575
-6.41698830
-10.54692963
-17.33193694
-11.48394069
-55.91102597
-28.17281295
13.23393247
2.92227261
25.00887705
5.63821040
-18.68005570
-8.25193236
-9.61432520
-6.94237390
-39.19660190
5.59376401
-10.84840773
-57.99293009
1.27380326
38.13185457
-108.24436437
-67.82908241
-132.26697856
10.70460296
-23.61524541
-111.58990372
6.29101816
-10.20312712
-22.11067026
-21.76494225
-5.28574474
-57.78556448
-29.58153044
-27.81082138
13.48944897
-0.96904125
-24.29554385
0.00000000
14.37234196
1.10586062
-31.67532690
-9.05620000
-20.59268123
15.29915691
0.94335360
-11.72194891
-4.06737472
-43.25247454
-10.86759064
-8.03142878
-16.62624019
-49.85887909
-82.11321718
-42.28978456
-102.51148781
-56.95491408
-33.24856681
-16.76496452
31.79523306
10.94341586
17.55670492
-12.48955251
-32.66071361
-31.61928586
-31.93557527
-31.52515349
1.42505200
-60.42624424
-36.57726587
-39.80967750
-39.73208822
18.39129548
-55.18667370
21.50498211
-1.95349624
-2.80790258
-1.62604906
-5.63526761
-14.67266135
-53.09326401
-70.87520846
-0.37509964
5.80114898
51.26376946
38.57042691
-25.04064491
-7.32850479
-13.80560301
-6.57122792
25.50150316
35.70785533
-94.74685288
-34.04683693
23.45728120
30.93467766
-49.53108002
-30.97567295
-64.41075291
40.91085654
20.68218545
-83.28420330
10.66336789
3.66757105
-27.41658113
16.99884585
2.23660745
-17.88474076
-34.76761154
13.38474048
9.04333117
19.98184541
-15.75520728
0.00000000
-15.10746991
-4.79762222
-18.71031861
15.36814960
1.56902961
-2.33707777
5.71547073
-1.73298504
14.97870311
8.67053021
-23.26105100
-13.48470936
-22.41251539
-29.82813773
-75.21669541
12.05366108
6.85596446
42.95214382
-34.76360333
-11.25216959
21.05427377
-4.45592402
11.84475532
-10.22438170
-23.70522495
23.07394322
-9.50343472
2.87598454
13.22808293
-42.54170826
-17.70155779
-4.93905682
-23.12117350
