31.30241689
1.79650892
68.39704587
19.00390847
5.58874699
18.35398624
16.30219021
15.92897828
20.93105016
34.53854361
-66.66828972
53.82577595
51.24208262
68.87598056
16.66595107
27.46456886
0.15339464
5.11481987
15.27413836
-51.89083671
22.75891979
14.89566576
19.54785205
44.01940078
64.61962050
17.11161784
24.53314478
27.84669302
29.16771103
35.25804739
23.65919989
18.67540237
-19.88708024
18.47791759
16.03161858
41.04381149
35.02161990
37.76019821
77.05632024
68.58081605
-2.01607403
0.00000000
14.28152945
24.51222214
-4.04704401
34.88700897
-0.02046781
34.93217834
9.68405518
11.73910584
22.62863844
35.26385342
40.52054533
23.83840554
14.58778786
33.44466331
16.48017316
-37.54988440
-26.94402302
-10.63569501
9.53793559
21.50237403
42.09535085
45.65536948
27.61975361
12.52139594
19.97353491
3.55602233
29.16853142
9.92412966
26.71444019
29.76196034
18.79847418
33.11525173
14.59711247
12.73693422
-18.01172353
5.06476544
4.24432922
22.09996825
7.73641318
14.29072295
-5.07967225
4.66534345
10.37066643
-64.54654550
49.52826280
37.08901334
62.61812922
-8.99065877
19.79414294
-14.32086529
17.10299257
-10.70247015
-36.29666301
-6.68247507
-6.84497609
19.47666584
33.69557818
-4.53962365
-10.17761334
-49.80352545
-10.18171097
-7.14576521
-18.66928874
24.48968074
41.42948294
9.56971063
18.01023270
24.76755887
-12.96930679
-2.50967499
3.01854754
33.56652276
51.62372991
-7.75889788
0.00000000
13.60824312
50.47075606
-24.43002787
-7.93923083
-12.79052561
26.65835949
-6.48937334
21.28402553
17.37769933
-10.64770132
2.69617284
16.13652672
0.51405395
-16.00460583
-60.27236027
-29.81840291
-27.17399985
-71.14400268
-31.04228609
-3.46450324
-2.01610725
32.67548646
16.13620331
-21.67134947
11.47961055
-25.24320200
10.34918786
-9.33006469
17.74269662
-0.73774925
-10.39754188
-6.43811248
-9.75015222
