-1.15324253
-85.51746281
-188.59861307
-55.86241207
-12.76215072
-5.80707577
-29.06148640
-52.58388197
-85.41454291
-48.20452614
-117.19969583
-23.71540617
-7.98733191
-5.30783645
-0.57073272
-42.70470621
-16.24474847
1.62987752
-54.84084650
-32.68484818
-25.99331436
-36.13145994
-11.93091304
-8.89381626
-81.55159407
-87.97709611
-94.35821504
-109.30854246
-38.79789470
-145.87034315
1.31570444
-22.61018220
-58.45806029
-56.23807245
-17.38619536
-77.55584929
-59.43244203
-60.74126626
-21.58270122
-14.65916511
-42.59128551
0.00000000
-4.72047063
-20.64502989
-40.35165029
-57.94264151
-73.84414283
-8.65330335
-14.55611282
-8.81889070
-20.47585456
-21.96315304
-15.20947560
-12.53684356
-23.07291975
-91.25333686
-28.91398468
3.15307898
-20.14751587
-94.33244167
-9.31096493
-15.68899445
16.63169170
-6.68246775
-7.66148075
-80.57222744
-36.33668368
-85.62166005
-4.06708908
-20.04936752
-0.85181813
-88.20249130
-39.42617901
-67.25889980
-78.58508395
-21.84606862
-116.76835871
-96.28016338
-98.31552644
-22.78606268
-17.15203556
-35.93728256
-41.00904772
-65.18944837
-40.88796624
-182.82629028
-79.88076016
-52.65903325
-63.15899509
-48.42521523
-40.91350434
-24.91093686
-33.51536836
-14.66977109
-9.12097542
-21.51972821
-30.14333326
-33.20114670
-32.19500716
-72.16816073
-187.43497988
-149.37293786
-111.90073559
-91.31646910
-146.17632762
-22.27371305
-23.68360972
-119.03774410
-73.18829597
-43.55432688
-149.60268268
-58.05771819
-77.07975547
-27.02181166
-44.07947608
-83.43918371
0.00000000
-57.28517857
-21.95790187
-26.74305613
-85.77567140
-73.16454596
-19.45278904
-53.16104062
-19.56402629
-40.32406209
15.14225788
-26.20704119
-33.91272713
-31.56872337
-164.35113484
-93.36968373
32.24293306
-18.23385325
-115.63974882
-40.17759120
-13.41881533
-35.90068539
-19.87765732
-15.66480851
-67.61041884
-30.97158627
-76.30678148
-45.16625229
-52.12025856
-20.42518291
-67.68815447
-52.54598506
-119.39111905
-81.06657186
