-7.45838323
61.37767165
-21.27519307
-28.89845784
-2.81970630
-8.30293780
-4.79755306
-19.95168800
-22.26631128
16.70990478
112.53340938
-23.89528283
-17.77577235
-27.77308975
-18.82621460
-28.97002455
-7.66825504
-15.16781788
45.08894012
92.23471129
53.56179492
74.39055698
9.41754744
-17.22666600
-83.51391063
-66.85197855
70.78655939
-28.22781585
-37.24162822
6.74803754
-5.17268155
-8.97854130
-36.86718517
-35.75715267
-20.71997185
-44.93773218
7.04034045
-49.15684315
-16.78719865
-27.65092304
-12.46763840
0.00000000
122.72295887
3.31840754
63.13044571
-33.07306736
6.95290880
-20.33754872
-6.85576857
-5.57111008
12.98565441
40.32032854
-19.29550279
-18.69791922
-14.63638399
-74.32639594
52.01406662
62.44331267
130.29401784
-13.90541823
16.45687798
37.71344558
-21.48251951
-22.82811731
-10.72737732
27.29104934
-7.51545622
-6.38690065
-15.15257295
-7.48751942
-11.22253023
-14.62633895
-3.39509936
-44.82294449
-15.37436222
-17.15341875
-50.69259766
-29.78977855
-48.83280822
1.56989662
-11.60688147
-4.08492762
-9.42615751
-19.58113525
17.28076544
2.19681850
-26.91236786
-28.57534567
-39.52513335
-20.52306975
-20.67563903
-30.76155157
0.86485279
33.29586808
23.40963483
13.31191000
40.55918581
7.27377300
-18.15577769
-51.93834384
-12.95008914
44.73716258
2.04554588
-30.03062054
10.72265230
-13.26699788
19.54142934
-26.65158546
-28.15735244
13.06358688
-35.04527411
-19.89154351
-33.82910181
3.01122841
-4.26978334
-14.05527273
0.00000000
-4.11638239
20.59064843
13.85219896
-7.38091128
3.88848880
9.25939689
-17.73603442
7.15020840
-21.12309307
-11.90652770
2.19272423
-5.69943375
-8.73672760
-38.35370631
58.87711684
82.49188769
81.58566670
-32.20004008
10.32638484
32.79077689
-19.32847217
-14.35378603
-6.83174455
30.49959605
15.13831071
20.21198756
0.29377729
-19.63552000
-26.98732371
-12.18175505
11.54614047
-59.41662921
-22.27715474
