-25.31204223
-61.19316705
-16.72210613
-26.64326526
7.76315427
-3.20233573
-12.61360608
-6.53779202
44.47483793
-8.53793272
-46.11744844
-37.11932346
-22.48651501
-30.64215089
-16.54916888
-2.78667327
3.17690101
4.69200294
-42.83923664
-72.59204832
-44.68548522
-79.58855603
-11.92331881
-12.08703833
45.81640806
-26.89227613
-67.78078100
-63.39917257
-52.43021628
18.54654726
-3.05055515
19.03674014
16.95726294
-16.79805929
5.59211200
-55.95531445
1.15902782
-17.97826231
-16.56571972
-16.30258358
-20.54221146
0.00000000
-83.82241304
-8.08210288
-56.20738246
-28.59193581
-8.23894082
-4.91085502
-7.34362576
-6.17625270
-10.47607273
-78.80780798
-7.90517456
-8.96109471
4.54723109
14.37103247
-25.58841840
-98.70919060
-86.55446781
-54.17399714
-31.65233032
-43.22741837
-33.97216145
-8.04506093
-3.85324419
-4.31840715
14.14959511
-18.56209390
-21.89554627
-38.06731640
-5.98680442
13.22749854
2.85330212
-29.07599567
-16.53092779
6.39130548
-9.39866275
7.17176201
29.40640388
2.16908945
9.10164529
-9.83312724
2.00971207
30.46190052
-4.72283819
48.60123353
4.88892855
24.84146103
0.13315369
31.56535654
0.65052297
31.44958648
3.38341354
-30.07096040
-50.10813390
-57.10439276
-51.15909602
2.16828154
1.18063988
60.22331162
-19.39294964
-4.29700252
-13.19299979
9.33584782
20.15575546
3.16434725
10.61621827
58.76644003
-2.15895394
1.64896357
15.33062807
25.15883913
42.17004353
-0.15152386
-1.34203319
19.35671726
0.00000000
-106.15179428
-27.46870897
-18.87570628
13.11351255
0.63769509
-1.70408461
40.06124476
-12.79645874
8.18077188
-40.29474061
8.34835378
18.48166153
15.81007590
57.56843362
10.95280599
-107.54143033
-36.43635722
-62.64333385
-39.58024178
-33.19761547
25.92557596
14.26994601
7.12195037
-4.08817712
-6.59425188
5.63888797
2.14115656
-5.07229222
1.03142584
17.18016588
32.75435873
30.21068155
40.57913776
