-2.14721585
107.76838743
292.62990525
83.79861087
-20.22146645
6.97551612
46.26009835
34.39250265
-12.50906415
26.23777290
119.33916730
54.24099609
-13.72370975
15.62251556
5.64739851
31.14376402
24.33680487
23.95463231
92.11134620
84.97952092
40.90134910
94.09507122
-6.56343149
0.00224861
-68.77911648
169.32059902
223.47392176
75.14684821
94.56580823
100.14818456
18.99251403
12.09869691
54.67333669
9.29981848
-6.28432911
61.48892206
9.08032008
-21.76615837
33.99295641
37.63071598
73.31312485
0.00000000
86.70316342
-5.40437822
81.95394548
58.62976073
115.76650305
-6.47772930
10.52794085
39.55591713
-14.30854857
94.86865902
24.26167083
-12.57867539
2.53192193
91.89963873
106.31656131
76.99443797
154.28481686
109.98791677
38.25510134
30.75598361
-24.88242214
10.42061462
10.49464720
62.58565986
6.81264555
121.49137657
58.15463274
62.48682150
6.55462695
1.08091885
-3.08522356
-6.45638207
40.05375872
-22.78194336
72.94188501
177.80013724
46.17983411
-45.70431364
-3.73033570
32.18827661
34.88384042
-0.68907887
45.81205057
54.49274584
43.25204112
-32.77984852
-34.82501421
-8.67890533
19.98286137
18.44450603
12.63244326
5.35253131
-5.61607489
52.38082560
73.23648064
-13.15860038
-2.40463966
-110.94563349
199.20090274
148.04351748
94.35985926
42.94085230
93.98569632
10.45423859
9.29801663
12.85441649
-31.99179105
-9.01239932
53.88329540
12.57104978
-33.46835737
11.38934700
-16.81684336
63.52651059
0.00000000
56.58948348
-2.03403672
56.70652104
38.58725908
105.88838265
6.82241915
-19.47155339
39.65148469
-4.66044359
14.15974859
11.36206985
-33.67702695
-22.72100275
27.15399896
82.07052770
57.83783154
40.10468546
34.94664050
38.16342877
17.32651719
-44.93109799
11.46499624
7.07672719
35.73117869
13.29170214
100.30081190
14.53049189
49.71800980
14.21136666
7.37065279
9.42252253
-53.02602564
17.78665136
