20.19927878
81.63115478
247.15669912
52.53248267
26.07159776
28.08704866
50.90001318
33.90041110
-8.78353029
14.42998333
115.26840876
48.29529530
9.07034146
23.87145956
50.31846573
54.16059481
35.07984301
32.92383767
84.45415308
97.74548383
41.28973723
79.31879472
16.85613845
28.80140127
-30.63872976
155.04035185
196.50228636
64.30527793
85.70964140
95.13669678
31.53475265
14.44612452
69.48573074
24.13919848
12.69255085
111.11489149
29.06533087
8.34788315
35.03694852
25.02249618
69.18144783
0.00000000
43.68924804
18.34752497
71.79757527
47.40186659
98.39042582
11.30855308
39.22119246
33.09419729
10.47540936
67.35073273
40.54940410
35.87155504
20.37924345
143.30100530
91.77933997
57.22533334
155.20083716
81.03478239
47.55070124
32.62228466
4.45645563
33.22514426
29.93909045
34.44766094
6.30978780
83.42416386
52.79973531
53.47687278
24.28475261
5.58141130
32.14830978
10.65576438
70.91991024
4.07000451
42.64254517
147.52215194
20.75707371
3.53983111
12.90204731
46.83298860
34.89755634
1.03227175
53.29004489
64.72208568
31.23247922
14.18679878
-7.48387772
45.66897498
37.68517480
14.25741533
23.48231982
9.04180411
4.55612326
51.73790553
72.80645166
-1.27993263
18.84877676
-98.50471999
178.10169102
116.62014746
76.26131769
57.45405973
74.78903250
29.33249015
25.31559161
26.78666221
-34.75384510
-5.09354700
29.87221730
15.21033478
-17.84462399
23.52756815
-18.24155604
48.73899721
0.00000000
68.58119678
13.93721348
53.20828308
31.77616055
84.30478696
16.05473459
-12.10582566
31.39424964
7.20473882
-11.95338118
35.26742763
9.05428559
2.88243950
39.62580761
72.18171253
53.85437036
48.19868943
-8.90451115
27.68157460
14.72605284
-8.52342970
25.06299026
21.89170021
27.23529322
26.63699811
75.37104644
25.35025558
51.62078098
24.43382868
3.50513281
24.85601345
-36.58075939
24.08180053
