36.49960769
-52.05980576
-73.36157473
-40.88705688
16.91745442
8.26898960
-17.54029271
-18.14719892
-51.46362003
-39.45498208
14.80321147
5.98940837
28.16061414
0.72244702
-16.86482689
-10.10089349
-3.17717475
10.20459852
-43.16570217
34.63339235
-8.04767870
-61.02441881
15.03580998
51.04113093
-121.70609803
-78.82092859
-168.09407398
-54.96786969
-59.69665623
-141.07249750
21.97538907
1.48023763
-9.03780444
-16.42218276
-4.44967579
-34.07967034
-26.49359505
-25.73827333
5.61598093
-2.63853842
-25.46614771
0.00000000
11.68691343
-5.64073314
-36.15624959
-41.64373068
-48.94022819
26.62712231
6.99345485
-6.16672690
2.95653893
-26.43358627
-13.54693971
13.94596286
-14.08745848
-89.87306082
-112.70173349
-31.41396783
-115.33037198
-49.58144773
-22.95643767
-10.85697020
41.47811607
33.44834019
21.73692715
-32.44186828
-9.91841514
-88.96881811
-36.40916282
-49.97758759
16.59536940
-74.69839865
-35.50138915
-48.77507930
-6.27745980
35.91546180
-13.98456542
-10.89217430
-19.48020487
27.33636615
9.03558328
-12.97228464
-13.60349528
-48.76976975
-48.82749676
13.04683406
-7.65420684
47.88806565
26.80777403
-9.34328925
-10.13110645
6.02512205
-3.59725533
9.86375520
42.40298202
94.37721997
-30.83988427
19.13094606
36.90778301
-93.46872809
-65.56140501
-134.18885561
-17.33068226
-16.24358385
-110.58430982
12.24761605
9.77671196
-17.00779941
6.85696758
-7.80221573
-31.10700018
13.23655718
-0.53563313
10.21025533
14.77620559
-26.64379190
0.00000000
-14.09246102
-4.39461625
-16.97534818
-27.37575173
-39.20234113
10.21092690
4.50777812
-0.14559366
12.71006916
-0.88857744
-10.44379224
4.64868232
-16.84256915
-77.08167065
-130.58780614
-19.89108188
-33.96219661
40.54307690
38.85596977
-10.94889653
35.81989405
-2.95343822
24.73835102
-20.32170588
-17.95573917
-43.42181644
-21.51206012
-28.06414952
17.93415289
-55.61674043
-24.27460994
-28.57874793
-4.85413988
