37.62713910
-52.94107697
22.01874457
12.34695707
32.63455941
20.78721446
0.69315756
6.83920055
10.80508242
-18.71164843
14.67184579
-2.88180704
33.78295310
-12.76196230
8.41754604
15.47109400
4.07903930
12.24216330
-68.70052874
-10.07156936
-1.71105869
-75.71243500
3.15377581
34.88668860
106.12121360
12.09840611
-80.25972231
85.63951643
-0.38165736
-49.60115302
19.32139813
15.57114182
27.74292202
33.47362395
20.25516009
43.13623806
4.21414856
31.76801023
6.72702785
4.59995523
-8.98611419
0.00000000
-75.37501571
27.69755282
-50.01275773
20.04981911
-7.90234584
20.61748894
8.24335301
1.31931663
1.12081179
-44.57308082
2.59952614
19.21356615
1.13194472
121.40165980
-66.86076011
-71.24179587
-149.31857748
-29.73772315
-27.05963369
-16.29136340
34.98250752
16.25673243
28.79907523
-20.79534187
12.53652514
28.16322440
-19.42159708
-10.23834464
23.53998831
-13.69801121
13.09082208
29.89176816
35.34057399
32.37085154
6.97459583
27.92160575
40.19988405
10.64635687
11.30686749
1.77824962
10.56754755
-15.53240365
-40.17160512
24.01903664
12.22136829
11.22230562
-5.63301711
2.35272372
4.09366415
34.04456534
26.38962433
-70.94187938
-45.76724673
-16.76521786
-47.39965727
3.76097797
26.90731347
-26.73042783
-12.04311742
-63.93408184
50.03538939
36.15905163
-71.27483261
12.14410062
17.13566213
53.50311040
36.53309790
28.97011683
38.23105796
-12.46494152
-24.59829388
-5.57450578
-3.34861852
17.17322604
0.00000000
-79.30615623
3.25428447
-37.40908009
41.22625707
-12.22003162
26.69423380
30.84354232
16.43613620
-2.85987737
-33.37137862
-15.38141589
17.51314052
-4.38812647
5.41299279
-80.44898037
-109.59374177
-110.70080089
5.71299358
-43.67730137
-12.06566656
39.80982471
7.02833468
29.85403685
-44.78078078
-10.86704899
16.20796748
-12.30682889
16.17403328
16.90461787
-38.30485508
-46.21189131
-27.24796223
48.97396663
