-39.22070306
-6.69800635
-71.69273843
-33.35052238
-9.16228251
2.93220516
-2.18494337
-24.12356722
-23.70145093
9.20472972
-18.38393441
-15.64796137
-19.50282750
-44.43501877
-39.78120720
-25.39087299
-1.57990283
9.72950663
29.43146259
-14.46254741
2.86488202
39.79851686
9.39734818
-15.21640610
-193.00556461
-87.13401397
-58.97961223
-76.53392526
-42.43383365
-30.56031372
0.45074581
6.14450395
-29.87611410
-31.41007937
-11.56412737
-45.70095927
-14.42917616
-61.58098683
-14.07755399
-20.15302166
-20.58012066
0.00000000
37.26772959
-22.88236114
33.99438017
-49.25666647
-46.37758632
9.67181551
-10.63832776
0.71695278
0.41629289
41.46345146
-23.73086697
-9.31997104
-14.89449791
-189.40420952
-51.47731802
-4.85549116
-17.21271738
-28.49270663
-6.83542142
6.01065121
-45.18075389
12.44774902
-2.62578769
-21.70268304
10.42641390
-66.87470720
-25.51963249
-24.89604360
1.18440153
-41.01659339
-45.76897678
-74.35026488
-22.48402930
12.92300347
-91.76030991
-41.47339248
2.04028475
3.46836177
7.92358031
-3.06911308
-7.06595496
0.57975056
34.89007134
3.39955585
6.53940217
13.75354189
8.52687895
-0.80934860
-9.14799199
29.39670019
17.20075435
1.46423286
-24.45345500
-180.41690494
26.37145517
20.72668993
-13.39558842
-73.17279469
-66.39614138
-92.80410526
-71.93111375
-34.84563517
-28.95930549
-1.21072085
16.17100993
12.36729467
-7.94198050
-13.69920754
-19.39845203
-40.82115315
10.34773483
16.97180621
20.49770353
-10.03433014
0.00000000
5.16692896
-21.74500584
25.18415039
-22.41299858
-33.74721413
12.81889161
19.62261209
10.61775122
21.53317659
14.42130083
8.75453219
19.37151338
5.00538642
-45.28400219
-49.03643314
-21.34593404
-9.07026770
-34.44349025
-69.18096134
0.69068251
-17.70078575
6.09074717
2.48517939
5.05535597
11.15698485
-38.44622132
10.85545480
-26.14140367
8.47854781
-10.88892072
3.32972367
-22.69507705
11.11702695
