-3.06596388
83.09724361
215.67450134
110.26710823
-44.65900952
-16.23691939
20.83863528
27.46619541
-17.52848784
18.04613566
64.41562500
51.44027375
-7.47927655
30.59593743
-30.43164850
-7.21213313
0.22887741
1.76175556
28.17691283
31.56918051
25.34092848
67.78982037
-38.45866336
-39.57560711
-49.22611243
144.58142783
210.26561756
114.23904723
94.04734584
65.02152411
-9.56043698
9.91468062
-8.23474189
5.10698853
-22.79209327
-12.75269837
-27.68602793
-31.03732835
30.29485784
55.16661210
39.13925176
0.00000000
82.51784728
-30.90465281
50.20890945
76.41440379
86.95199264
-10.05363837
-29.86246295
33.89099690
-53.09821992
73.46214143
11.92569188
-45.04910398
-9.11946699
42.51486708
82.53156174
77.99840999
79.10951172
97.61747229
19.32323518
16.60451978
-22.49702936
-46.40046591
-17.48511988
48.40771079
-4.81316995
135.94909447
52.20623262
61.86928092
-26.31205612
-2.11246046
-36.03517588
-6.51033023
-9.02539845
-44.10594861
65.70727627
123.38184212
58.76899472
-77.83387294
-24.19221410
6.17693728
26.16409402
-3.91533501
7.41946734
-7.21601354
45.65929326
-80.84562675
-55.63731448
-77.55273062
-6.68379286
21.17385716
18.58319671
-29.05625646
-16.67353391
85.40521954
40.69868353
-36.87318992
-26.50075418
-52.52411942
172.56665712
162.97482504
106.47743792
19.66028882
86.42912677
-24.32771048
-16.89079513
-12.30516004
-3.52432358
2.08397015
56.47432253
-8.64294752
-55.66934692
-1.42498985
-1.93559032
55.56686185
0.00000000
9.67654308
-11.88845985
21.77030882
60.31391330
85.65717635
15.09789698
-34.00124067
36.10764698
-35.57804311
29.80975710
-18.92839943
-60.91434040
-32.44369247
28.69622453
78.22002649
38.65465433
8.08900225
57.17118923
44.20960418
16.42139523
-54.81259517
-29.12258957
-18.60821668
29.64133410
-5.47290121
110.65321730
11.08491047
42.62626233
-18.37738633
13.60999933
-28.38584861
-37.33706621
-14.09866072
