-30.93061888
-26.43326717
-43.23900192
-78.51718614
-19.73282865
-22.39830455
-33.04799963
-7.21988591
-11.05229852
-30.25462510
-66.42029196
-32.23189335
-46.81727461
-50.72985834
-89.93144693
-32.21949567
-19.94100305
7.79283821
-51.89482473
-26.29928427
-15.78185722
-12.36749147
-19.68016346
-32.65511930
-98.38785988
-143.21854390
-68.22018180
-108.35903475
-88.85131420
-34.98375345
-44.47267947
4.42612728
-74.36739834
-35.60243995
-36.03935993
-117.80612424
-25.27796348
-37.26226688
-20.66941713
-16.66319255
-67.00654571
0.00000000
-47.59331277
11.86127233
-2.08466395
-82.24128246
-15.82177787
-13.00408087
-51.28234410
-22.93989147
-37.52705340
-34.73454219
-29.92841733
-36.39204084
-61.97481046
-216.98974457
-93.54342094
-54.76454145
-68.79945058
-52.00511302
-25.02643738
-17.85786016
-25.33928396
-44.80420506
-10.76839285
-5.45546720
-0.90516019
-92.55551248
-67.70697890
-57.68957221
-53.59927678
-22.57033325
-43.61493121
-69.25019488
-66.19692315
3.21109364
68.55292338
13.71544577
97.44524449
-36.70084844
4.16711699
-21.75992851
22.69107748
-6.61122035
-13.40665583
89.55994882
85.79841486
109.78852240
106.16405105
62.60446445
13.70515836
20.45473178
7.16260318
-14.61840854
34.31876947
12.44354249
20.79158410
24.00027686
-15.93841077
32.29661516
181.24667729
135.67532833
55.20835037
140.29860670
56.10957156
-10.89844346
-11.27398007
45.46063013
56.27284881
4.51556167
169.59815778
33.22025277
84.53579998
25.23865535
73.18128566
83.46181779
0.00000000
50.81903992
-43.13313488
43.47445230
126.44785406
32.89537722
21.49272117
67.20074898
39.21780445
37.84460069
47.58702746
23.53496658
28.66750611
18.25161118
235.89077774
128.18041785
-0.25826499
53.51171193
57.45525125
34.70847085
29.43028214
41.07671554
-50.37440509
-21.38661662
47.76506978
-14.16939726
167.76637196
96.81689348
98.15818854
-18.15806384
36.95752434
65.69730003
97.74583431
99.56950766
