-73.13036937
-111.57044545
-135.36362329
-111.26916953
-38.10769715
-27.67778547
-47.96069776
-34.41955086
-32.57887892
-55.62776007
-251.75963793
-85.02599431
-30.10622690
-97.91247238
-92.81293135
-48.75308484
-35.10237097
-17.36966616
-30.30245940
-160.67152367
-42.24954881
-103.67391553
-37.59222780
-39.73082236
-124.01131512
-121.25795939
-137.46369364
-127.04353124
-131.17477164
-144.15801476
-17.59434030
-10.51710786
-84.48900310
-90.17488981
-64.45229543
-120.79321624
-48.04822063
-90.56708856
-38.73081678
-54.28130040
-56.91126001
0.00000000
-107.66624281
-27.25078806
-82.83758600
-104.27243887
-28.91796805
19.34814249
-61.60796292
-40.31757783
-55.63024882
-108.28245119
-63.82027312
-55.84106336
-55.85268260
-201.44987442
-54.63403522
-74.93513546
-151.55206680
-68.84036044
-24.48753924
-40.64863126
-71.47552637
-23.53302874
-24.84437482
-90.28413821
-35.29342731
-90.63629091
-78.15076861
-61.08050294
-33.02171151
-48.68895683
-73.36348576
-78.45676662
-88.77517123
-16.41649129
-29.00522886
-64.60607847
9.27170620
-32.50088739
-3.06361352
-26.94291297
-10.44287927
-34.65441249
-78.54859588
-5.41010059
-3.81875947
64.23201556
16.99978487
20.76588959
-13.66219723
26.03254034
3.32126754
-50.95788499
-48.67394176
-78.67677749
-66.03497288
-15.01730731
-26.27567644
-70.57706273
-26.49662629
3.16353668
-88.29244896
-10.08968939
-26.53559909
3.99035238
-17.51376062
-11.85956759
-26.81035709
-2.37343319
0.62983532
-3.36157741
-10.92886383
3.37372500
19.35205594
-2.50112821
0.00000000
-73.65012370
-65.76020455
-54.54146750
-13.94241747
-11.84154318
-1.07239646
27.25337495
4.49668821
4.93201356
-44.82890700
-25.45384408
3.45646694
-12.57222370
62.40637068
19.50500889
-114.24467074
-47.17800017
-54.62054504
-61.48711314
-49.37026392
-4.17192443
-75.17349309
-15.74319423
-50.21392390
-27.57590859
4.14373888
24.51031337
8.44485630
-5.57422026
1.57478598
-32.01213525
-22.93647225
-3.81945257
