-6.20249368
-49.61829806
-128.57202286
-21.66002334
-6.15237668
-1.35290212
-26.01260716
-29.93370654
-48.46625433
-8.39998773
-65.77135750
-1.86663396
3.65384646
11.81217152
-8.48084713
-35.64356338
-9.39967375
2.95868162
-13.93166960
-0.34420855
-7.68303650
-25.56130673
-6.42967809
-15.55749089
-115.00031687
-76.63603401
-36.97435921
-63.54114296
-10.50137003
-103.55767843
2.95376745
-1.39692757
-34.15533558
-19.87359407
6.05465484
-62.21372651
-38.58547614
-35.43338141
0.43011624
-8.97025004
-26.61752004
0.00000000
16.15874956
-4.65709083
-20.96602423
-25.50351577
-46.33159439
2.58475256
5.92492293
-7.08012806
-14.74619177
-32.36838656
-9.38467232
-8.08640303
-22.10484133
-125.10152435
2.66705300
22.81791908
18.87397762
-56.07808016
21.49036588
-4.55465799
18.63673910
-3.40930948
-4.79315962
-45.49962742
-20.76394991
-52.77846195
2.08027540
-11.79962568
9.75202510
-55.48898510
-17.87943750
-53.04893510
-44.11798984
-13.17785127
-121.70457882
-55.64641061
-68.90486345
-8.64786734
-8.46867783
-20.56699502
-28.99964509
-35.20062254
-32.65342024
-133.06610173
-42.57547117
-30.09322434
-31.34390669
-34.13903659
-21.43932250
-12.56709946
7.07911939
-14.73705925
-7.93433918
3.59911197
-13.52813020
-25.85553240
-6.05082244
-57.94293992
-118.48311985
-68.80986355
-42.74020386
-42.58546577
-76.96732480
-6.75383145
-4.94228274
-83.06460942
-48.95330298
-12.19311559
-107.97710376
-52.19477272
-71.79495337
2.91882795
-11.59270358
-58.33890867
0.00000000
-80.71794800
6.42303406
-25.49261714
-39.51836896
-43.87999069
21.92914292
-51.22920957
3.21106759
-34.32494645
20.52125612
-5.82753449
-20.98395385
-10.26583554
-107.79941183
-19.90409331
32.87232477
18.09021195
-102.76997721
-4.69311824
-4.94273461
-28.98229890
-12.21554008
6.21447182
-34.02348455
-10.66901190
-31.73565347
-10.31361230
-30.61818226
-2.68924690
-33.02971327
-44.69457189
-68.77914932
-58.93062133
