-7.06044730
-38.08636772
-27.62839692
-34.81237047
-11.37035338
-13.88145735
-20.44975141
-3.68227175
-11.77170548
-7.80757187
2.83617893
-25.80628825
-38.28530122
-41.09899019
-40.58839134
-27.34663703
-18.49661554
-18.06682647
-5.57735503
22.25397223
1.16904317
12.07859347
-19.89528610
-21.07382281
-96.18962023
-25.92599678
-34.85703293
-46.03790143
-65.66388954
0.11429190
-15.53244256
-4.29079244
-39.39030393
-32.03196679
-31.47715446
-35.30089683
-10.81943887
-34.54010676
-14.87875473
-32.43328886
-27.43496883
0.00000000
-7.48006228
-18.30044430
16.66355926
-48.11588701
-14.73505605
-13.93231035
-17.99590871
-10.04129527
-20.08805909
-19.36364145
-24.38205064
-25.83833174
-30.15527706
-52.66340383
-61.42709159
-24.70308859
41.71602633
-30.42639659
-6.60319659
-4.73935033
-32.21400631
-19.87246842
-10.22090734
-6.21340090
-10.10078280
-27.45063575
-48.93105780
-38.11723672
-10.93958132
-2.65656218
-33.23905574
-34.47027718
-32.25486483
-3.46878271
-28.11024510
-44.20337902
-17.38891506
-9.08183791
2.05434011
-3.31183773
-14.17893413
-6.47673422
-14.63542718
43.18320521
-0.35279049
25.59042772
8.21605733
1.99737153
-10.78349176
-22.29302083
-7.02642237
-18.47525757
-8.18183982
-42.93325713
21.66851658
8.78570055
3.54581689
-7.96216510
-41.03015750
3.04024166
-62.98611985
-36.37922317
-17.23799149
-1.82229742
4.28881227
14.68556526
-15.04698362
4.95383864
-20.51563256
-10.34280077
17.71945823
1.91158824
13.94211639
-15.59599343
0.00000000
3.51805860
-33.20434239
7.71358525
-21.56178038
-10.68098959
0.75746695
9.69020355
-5.12186888
-9.35374938
-35.72474316
-1.58399241
-0.50919206
-14.94672608
50.41603192
-1.43526883
-66.01023520
-8.55139900
-24.18443060
-56.61100842
-1.99572140
4.35132355
1.15897185
-3.02717312
-1.63729916
-4.02395328
-17.57899687
8.35489942
-17.86678552
2.18846702
-0.98926661
-10.34937631
11.19440121
-8.30806773
