16.64971671
-61.03145382
-68.84372210
-37.52949363
13.35003981
1.14685104
-22.12070432
-6.33339698
0.87891713
-43.00922455
-42.99523340
4.37397150
27.61541254
1.49027724
-23.55647314
-17.06865835
2.78168039
-0.33184988
-22.66062525
-10.92878812
-13.67403833
-65.34297342
-14.04286735
15.86070597
-9.03781403
-49.38173724
-174.65081343
-123.91011338
-83.99561190
-87.37877500
-6.31700868
3.78794782
-6.12953670
-17.65613617
-23.22638380
-10.35133898
-31.01290418
-6.73151311
6.81399579
6.02285846
-17.01521355
0.00000000
-19.15468212
-44.24580330
-59.41834432
-61.76157108
-48.31871253
2.41775535
-0.61105510
-4.78569646
-24.86965345
-23.52135580
-8.29262805
-7.25291964
-24.95825514
-35.32921073
-107.14698561
-31.68802937
-100.09468980
-56.58164090
-29.01584595
-19.22454768
37.38854035
1.32855264
2.67544638
-20.16140549
6.56176021
-87.78472227
-31.99749616
-74.67522158
0.37454122
-14.92468375
-22.06516625
-12.91915964
3.18005969
16.12211558
6.47511764
-31.35183993
11.04034820
7.95533724
6.26416917
-16.76624612
-20.20076442
-16.20337228
-50.62166021
20.76584974
21.59733587
71.38953601
53.08685579
3.31256401
-14.21930179
-0.59669227
-5.44049249
37.50166162
27.61976694
91.28131456
-46.40095972
9.96864198
20.84354932
30.81786384
-69.64797457
-112.98221271
-75.26600705
-24.10385675
-94.66636389
-1.65759761
7.51107623
51.92571554
46.30594915
8.07398496
33.05359951
18.89650443
34.03265986
17.47174378
41.47132100
-4.42101488
0.00000000
-21.23436937
-39.06399953
-22.20569107
-38.83680541
-42.42921684
8.92593128
26.55950590
2.15329674
-2.65786953
-16.71455465
1.04281753
-0.08965822
-26.56200596
0.22348671
-103.97589509
-0.07776659
-4.50085456
11.45483307
5.31208920
-9.00065989
42.92630443
1.76609356
10.18445237
-10.32503578
-13.78899429
-65.64577028
-13.01525757
-48.12193786
4.69009792
-30.19089664
-5.41756848
7.24523166
37.91115461
