43.49784565
15.92609671
87.03043553
22.31586465
12.28000721
9.17161607
-9.53745343
36.97312547
106.33226561
73.23509719
44.91037123
31.89122093
49.61259710
42.27980782
3.54113222
31.73836317
14.58384157
14.16078166
13.18719626
31.26139173
25.47173681
3.46247630
8.29645483
30.89630833
179.06843015
-46.76632990
-34.44090590
38.99312153
16.78994791
104.64674350
18.00264508
20.02711255
35.17332277
24.56177409
14.86355191
14.83921954
28.62626173
52.54668676
40.10044818
39.05506363
-17.35877972
0.00000000
-15.85888609
27.15451510
6.18122180
51.33754997
35.27278233
23.99194355
17.89339774
4.10685200
14.45234882
24.63042393
18.54790860
0.77617959
5.93598389
11.28257287
-25.73836911
-6.43203520
-5.82128514
0.42941424
8.91128066
11.43126340
58.19020548
11.08012059
23.29424195
67.81411522
56.34197297
-5.66223810
-13.12704362
-28.95882362
37.60440453
89.08074983
37.03248266
66.37216109
42.09834068
38.63659509
52.76402930
74.64608536
128.24175983
22.09885183
12.30802255
5.65057272
18.63404989
82.68689218
34.82452146
92.48303288
89.85298826
91.58897207
86.38354925
52.31132343
33.06615170
-10.69013918
32.15600388
50.61983364
38.85661390
30.20405728
22.97459822
29.96152930
42.59677805
136.20743208
28.81772972
21.20426700
125.61950021
129.38750859
78.71537529
27.00626551
27.19021619
100.59314584
78.64611284
27.42125058
79.39426977
18.56196111
62.04666239
56.46445751
80.86223167
52.32798138
0.00000000
45.04208365
-29.48476573
24.77379732
130.77725089
47.71004740
32.79900469
43.61464481
36.08499808
-0.80411153
45.57437187
21.31786465
25.87182255
28.19038257
86.54247930
24.77981182
38.47695819
60.76591308
93.62321319
41.78278336
27.70299278
57.94579241
16.14691643
21.83951858
55.45078186
35.59007751
94.72412439
45.84459524
47.89480573
31.06872024
56.00394360
38.74790353
111.50095970
93.97375893
