-5.05458868
-13.56072760
-7.51594316
19.89982839
17.30184260
5.40651871
-3.08006920
7.86157783
48.26174035
22.10618407
82.38940911
36.10910526
60.44529127
30.12486378
-9.28094262
2.11874423
22.83396196
24.32456536
5.22913654
50.73070568
-5.00681095
-0.68326415
-1.28551183
14.74391508
-9.36182986
18.32992680
-8.27644477
-20.68850221
-10.47902844
37.11760368
3.59940325
29.17255159
54.21208668
30.74213858
48.12469396
-3.58870500
-1.98135223
6.25615523
22.35799419
28.26774095
10.94460037
0.00000000
-13.54699129
42.67606190
5.46839073
-15.51680003
14.14031810
39.53347908
14.57834302
9.41430064
-2.65431313
-34.56498008
-1.25090892
10.65812116
-15.60810492
-17.85691255
12.34469916
-19.56615472
-15.03050170
-8.73046788
15.60915257
-13.92274926
35.94204128
21.27521671
15.61704404
53.85983452
25.47466458
-14.13635487
1.14416556
-25.57141528
20.45953648
39.27830656
1.67760547
-5.01786860
18.91847367
19.25358102
4.25686141
29.23475050
69.51910348
4.96692933
10.04319728
4.39815118
15.09289386
42.84419190
15.55855923
129.43773046
70.61341038
98.58491624
82.54494177
34.02178408
13.61355180
32.80013457
24.70475839
43.87693784
77.10995812
31.10926789
26.89582245
6.08786921
35.72847961
135.37315191
87.00535124
77.14110431
64.15199210
71.22177637
85.82748529
14.60726553
32.87669699
69.45273516
77.91908296
68.95323001
102.44232334
27.10306690
90.88460008
46.92855277
87.60166118
62.53955437
0.00000000
-14.60152621
73.01152878
43.07254844
57.81136721
28.33943359
43.56222220
48.61595986
34.85899974
15.80304772
36.13832804
26.14572268
14.86390806
13.74179539
176.09636436
87.58274936
34.84713439
72.16967966
73.10146192
55.16701637
33.02739830
55.89664038
30.13317049
27.42207708
87.47418474
15.56788324
69.67661230
52.47887929
24.43580180
23.62138137
52.79355993
61.78079389
113.98097629
78.83613833
