5.88753261
15.72207301
42.24903860
15.49708500
7.78619503
3.93291022
16.51867848
1.87338665
38.25287218
44.58256137
11.49008097
24.90930665
43.06203729
59.15821574
39.16451248
33.65149197
7.87639166
0.93442042
27.57045785
-6.58520041
8.10499760
35.70191503
23.62535678
30.30566430
42.93725621
-39.43818575
-26.22592847
20.55291899
43.03928413
4.83241565
10.20233808
-0.66482714
20.67088790
4.40688184
5.69521871
-6.52604155
23.00310086
30.88945865
43.90202390
57.16120419
8.91783089
0.00000000
26.13838073
7.40990342
37.72754662
27.22916879
-27.58139855
10.95153276
-4.77515723
7.38944845
22.72617969
62.40825217
40.84909298
12.79128977
18.95251015
-202.90657501
9.08260494
58.50692288
8.21278898
-22.39742117
10.95702322
17.14439457
48.40795975
31.16775941
8.91108804
-5.35208612
29.10174463
10.12182850
40.90470562
26.69608933
6.73928058
1.33475450
20.06990251
3.05958689
6.51112730
9.16782976
-11.00267748
11.25617064
29.45156182
14.65261893
0.64577931
2.90160465
-8.40762600
2.75969652
36.36246257
53.80886249
34.12077592
3.59637415
38.01131737
3.39043262
13.50648213
-11.25636399
-21.78270449
-8.13155541
65.20208430
-1.70363834
33.63262394
18.79825861
10.52967433
-28.13601000
-62.32848326
-76.91016596
-27.08886862
14.57637678
-37.79928522
14.44311849
13.60591818
20.41562927
4.84856485
-5.58684406
-18.75657426
11.63419318
-7.78045463
20.72998010
17.53569297
-10.43559397
0.00000000
46.31510093
25.34274074
29.81087194
-1.96085263
-28.42658666
-9.92276057
13.60637009
2.67745563
14.09075217
23.35470621
13.49523883
3.89434456
-0.32828288
-66.13010281
-51.44368957
24.40936703
-5.89660598
-54.74940422
-4.73913978
2.63639423
3.19882320
29.96363164
11.82185432
-15.81871190
0.68144414
-33.88489209
8.31400733
-3.86538841
18.10184858
-20.44631153
5.48123878
-22.73315165
13.72970696
