82.53418278
-43.67785764
19.56542931
66.38098682
31.10783805
33.01823207
1.72826796
5.03814513
57.75389233
54.70953144
185.22863323
102.46791949
84.11244289
131.73247259
94.86200994
20.75005878
23.11201736
9.50967558
-10.85689509
120.79571671
4.26636997
34.38960192
22.34365282
47.89509045
269.88318240
133.94501974
103.30000748
5.95771501
45.05796171
116.60406512
37.05720540
10.95247984
15.54844108
79.68724832
48.72062277
121.66277746
32.88948957
137.86623247
43.86308916
61.55318450
22.16201775
0.00000000
51.31453390
-7.50640921
15.53797975
20.43841451
11.67504737
-0.52596743
56.92696776
17.20016099
28.17856016
5.41374068
59.71207870
62.70411571
43.45885911
348.94973933
80.69649750
25.34762661
3.73052278
15.96821489
0.38707186
20.03272220
112.97098632
16.11822047
23.88099699
53.65663390
37.17688928
20.19430831
72.92179577
3.50525765
51.30872494
77.63485377
83.82478614
115.54051771
33.75090449
7.53821195
-87.73903711
-40.93534100
-74.16804017
27.33969893
-13.01427275
-5.79163808
-20.17958675
43.26499960
8.19662974
-120.75081383
-23.12775967
-63.06510138
-42.19085181
-52.65793912
-15.60299861
-31.44717220
25.34486158
-41.77391776
-49.28510841
20.37451553
1.73844471
-1.14032889
32.51471308
39.12649140
-42.91483046
-144.98273034
-4.70916845
-66.29520473
-12.24416854
2.99096364
17.93794935
-49.95945484
-4.35862283
-7.34380184
-50.83191168
-45.10685004
-52.55397215
-11.49861791
-17.84371668
-53.30400022
0.00000000
-39.13217342
15.70099682
-31.82935402
-66.02395825
-29.45290009
27.70091817
-43.32554168
-5.54514998
-25.33698688
-19.03168785
-18.88878818
-35.64767529
-6.67093532
-109.42462879
-91.76847739
-42.53146780
-116.71834950
-94.89947161
-34.70468852
0.82897704
-28.48903364
46.57073184
15.13089107
-16.24949436
27.31577670
-80.62789400
-64.89311185
-77.05306924
14.10678265
2.19061108
-32.30661733
-54.86609505
-48.90601297
