-4.74183633
-62.76106314
-15.99764544
-11.84233360
29.09413389
8.43579447
-0.06930547
-9.38042294
62.37442899
31.02855089
-57.12564603
-28.26104094
-13.71711018
-7.07457471
1.49785895
13.02914526
12.29994694
15.26485160
-10.72680734
-96.45060647
-36.50594160
-65.58246320
8.29120475
13.08613495
112.76614385
-36.06816136
-44.91427560
-45.21956385
-18.75964070
51.74000845
19.76189320
6.07339992
-4.92205865
-16.72836210
-1.75002230
-33.20680337
18.40863678
-13.33645040
-10.39804096
24.05272033
-6.71148325
0.00000000
-43.89917237
-8.99859436
-41.60312231
-7.09508340
-4.73822006
6.04049602
-6.39821137
1.05022005
9.76130233
-56.30684007
13.02069892
6.94520008
16.61004100
14.57759472
6.17570776
-99.42195178
-100.73958769
-35.10529689
-22.72185187
-24.57415005
-26.12043531
22.98015120
8.71602479
16.70903348
31.68534770
-29.49036276
9.83737542
-14.00077365
14.10822692
44.94136350
18.13599976
-5.33013569
-4.73547289
18.31569552
-8.11547519
2.54318951
26.49349364
30.64123855
14.42366360
-3.21718023
13.58029498
48.63551770
52.77983116
36.99373048
-14.82836810
19.60679372
0.65609182
31.91871166
12.20450290
18.70314031
-9.17391272
-12.62241925
-74.66650301
-64.29759069
-46.71394242
11.57377957
4.67665041
72.03957588
-56.79763992
-42.08005229
-25.30347748
-0.78679002
30.42401161
19.15923980
15.04587023
24.63082003
1.39774835
-5.40747815
-0.11280870
20.48788004
40.58346496
-6.64558728
-4.39022952
5.07283966
0.00000000
-87.13875117
-9.51960897
-17.98036383
2.68365673
-3.95134069
-16.94977363
19.44330170
-18.54881574
22.05930801
-37.07719362
10.86086784
30.06007062
20.55955036
-12.49670620
-30.52244762
-124.20349968
-52.81492820
-62.54047221
-43.55982666
-28.78699788
27.26607878
14.29260660
6.59806276
2.56716052
15.49512315
-32.53548391
-4.50073189
-10.61485107
12.41379005
30.67793557
26.96788689
20.77090614
27.73398708
