47.91126123
-10.83238709
-8.29480622
66.89843618
28.73672918
41.31795162
23.47443438
32.32759433
44.62548930
53.25390153
237.45938794
73.16016755
51.93844448
116.33833364
90.13294811
28.75064064
29.35134281
24.32805949
19.80862931
158.21200504
15.30120906
73.49360490
20.59564556
49.65765834
97.04832931
122.77832858
74.63108532
76.28035244
87.75459633
80.72289602
46.90263779
7.41572861
26.97720327
54.51841354
32.48144452
129.80693193
1.43367946
72.50600497
50.09901605
71.16283895
43.34509875
0.00000000
58.96416718
-11.84800747
66.93970713
72.54835315
30.45251765
14.40387339
45.18769151
28.10605609
18.49990556
20.17739996
38.77858694
59.35076266
38.94256573
264.44335670
58.50489632
129.73056568
86.42490471
55.04166348
22.29168204
31.07654079
63.16765792
36.24368177
20.76731193
57.99406015
39.29642795
34.87495381
80.30393817
25.29244051
51.97044502
57.23240725
35.90064253
86.04273341
57.60073372
10.92608843
-58.52540716
-38.31039978
-43.56349039
40.88567705
-4.90091344
9.13606195
8.02510687
47.24830170
34.59491448
-38.74783255
-23.23959040
-60.97225389
-43.54131756
-63.80889456
-3.80983746
-16.96083596
40.42522423
-9.03266289
32.27975053
23.64914044
38.72241347
-8.13261282
29.56787610
10.02495850
-56.81013530
-178.58111154
-55.63272111
-88.43242414
-29.82573498
-1.99818636
16.90468374
-54.02778097
2.71530085
-8.45125143
-35.94551683
-36.45510405
-32.01084307
5.14186620
-22.73393830
-33.89251957
0.00000000
-7.87546143
34.81447453
-0.51743373
-71.89837916
-20.81675877
33.58821702
-52.42414121
8.81567669
-23.00550851
-1.13729144
-10.41443834
-26.53564741
-1.25578277
-129.11099194
-117.09971858
28.76358458
-70.46128645
-22.32888971
-10.76344522
6.56870661
-32.25176851
32.35570687
19.48556155
8.84406669
35.81504019
-125.15474486
-62.55614361
-76.83446618
4.43610347
-0.58178270
-7.04437410
-49.66740034
-38.52466127
