-12.00901746
-9.26594198
-39.54711170
11.29442055
5.17545757
-0.77135449
-18.97670029
-5.06067239
24.25047466
25.47538122
20.23044831
27.36219560
40.69390284
26.95349035
-18.58331968
-20.83871147
11.34403574
14.51417109
18.32447662
37.68149087
-1.44864599
-5.23764750
-1.44338476
-7.51690295
-60.85816372
-34.29318682
13.64743691
-37.76648501
-7.19516663
-0.82664441
-3.73509790
23.95229055
20.93482303
25.76140849
44.80580347
-41.56966538
-10.33090292
0.04130424
20.10768624
9.32046138
-7.74902978
0.00000000
13.03376412
30.75149977
-4.70060805
-18.03623325
-4.33072805
25.60583589
18.45672636
-0.90707584
-6.96846927
-36.90571334
-3.52219059
-1.19428823
-23.14343026
-105.73956068
29.44074226
1.19297652
22.41217580
-22.94801391
30.60841414
-8.26349467
29.76454877
4.25649326
6.33411245
23.02083860
11.51022279
-21.87558462
-0.92045810
-24.31067438
14.46716432
15.11669787
3.98152323
-25.95967866
-5.14162615
2.32136942
-37.82689025
9.33996820
24.24104162
-5.20310645
2.12169233
-5.27854473
-2.92416513
26.58993339
0.21857962
16.60910214
39.58413837
53.46642888
52.48950843
13.26676806
1.64616439
22.02757268
33.13655220
35.84745081
46.08178534
43.20298315
17.39675000
-3.14982780
23.67825352
87.88882496
47.99419206
79.61395827
64.24882596
49.52056984
63.87771839
6.61646630
21.95747666
23.67846506
41.15934572
47.87846298
44.38586347
4.60909019
38.54930737
37.15038611
58.09879469
28.63017618
0.00000000
-31.95238601
53.43890335
21.51824201
42.41247036
12.71536541
45.80271288
13.23031552
32.19009184
-0.49638124
43.37639279
23.25498098
2.84274449
12.86284626
106.55659993
109.06642363
68.16187482
98.94496715
17.19252164
65.48883107
25.57838774
16.62789770
14.03401038
23.55130787
59.07476369
13.43184876
69.42095943
46.22900130
11.51860036
16.67895999
37.80443072
36.70805441
72.63581241
38.86580613
