-17.98435149
52.41279665
-13.36742233
7.45468230
-11.13598759
13.16954994
9.51546952
16.36283664
55.06668474
41.06538112
66.00766265
18.99038521
31.53463378
18.72857256
7.42409102
27.15379573
8.15797746
15.17783107
65.24378678
14.75781649
19.01438685
37.26252542
22.12941872
9.01833321
62.81478352
3.92550604
10.70975224
1.52817708
13.37350059
63.45248776
9.29344370
9.10697220
29.81567651
33.28433209
8.83744200
46.73587917
25.34500677
45.51676007
21.87540427
18.37822251
7.97520230
0.00000000
15.36781469
31.47425314
35.66374837
12.13886128
27.90917576
14.76104866
10.89969945
13.39315542
18.47231085
16.60242457
8.23859028
5.43989708
12.10127044
18.79970556
7.88790861
46.64179333
98.00700419
26.81764861
17.81222999
21.17365558
22.47489033
25.89766628
19.60148406
45.36197306
25.31246881
-13.15558627
7.54555146
-13.49450724
32.17690095
48.22477981
23.76211146
55.82597410
46.73012916
33.33367443
25.31945049
-10.23601636
43.63464997
15.52303140
19.51338474
13.49774588
19.27666626
56.06319670
42.29699576
125.08030674
42.71824201
53.17902446
47.60704261
56.16611751
30.04347971
11.20615092
17.02537490
10.65632775
32.08410272
-9.83934155
45.60414591
19.48533015
33.95810621
79.19434811
25.04601486
63.64136447
-10.90458396
55.36950194
69.18387743
22.40640875
27.04742203
43.86387232
31.46053083
39.54439219
53.06658669
24.70008315
64.40986370
22.56702320
38.66001826
25.87903433
0.00000000
17.39926626
57.50081335
38.68018727
28.83758032
18.08296478
9.11362836
31.16594361
19.82596676
26.74931430
18.90871235
27.89440471
26.29223004
27.07706817
100.59603311
88.66480872
30.52039750
64.36975033
27.46776863
31.43055534
28.05561568
40.00737128
25.18933069
33.81033346
63.73456755
26.63071494
8.02238530
36.85544201
18.61600240
28.16791066
48.63189831
48.69068648
93.56976301
67.24608849
