1.64080585
69.35465535
51.94864465
19.21419306
-26.73972414
-6.15765492
7.15979562
-0.08883169
-45.38795003
-24.96230572
26.96593546
54.43221723
41.29356758
27.95388810
-7.83073088
7.31612287
9.21748073
1.99084486
2.17387234
75.29072398
15.57730976
6.97768765
-1.21141038
-5.27754143
-35.21997744
40.47807731
42.54745096
-2.61636517
25.79541960
-33.03150833
-21.47366022
8.88870188
-15.12506006
12.65089003
0.89693791
4.73491407
-1.35486906
25.57879601
45.57456944
22.40205991
7.59889289
0.00000000
23.86802875
-7.27546581
3.53772579
14.44737376
-4.87611728
7.71722355
4.26127031
4.96385796
-1.94041849
33.91018471
1.09965082
-18.63678968
-5.28676051
-1.84480785
11.69277109
16.48788302
36.77552239
19.08494414
-8.28650366
-0.42030091
9.83989303
-17.54444068
-7.30981082
13.00228317
-20.06058383
11.30767129
10.18155527
11.05667528
-21.69497452
-26.33578480
0.21443156
7.45755505
-13.00455177
-2.26402579
36.87109377
10.63705747
39.85898626
-31.59553811
-4.05277636
3.28482399
-10.43226193
-46.55656857
-50.80082241
-20.93980153
44.08942459
8.39301328
41.44303485
-16.71056912
-1.37952646
6.27839789
6.62889505
21.30820548
51.60154975
21.89056397
5.16269933
-7.18294771
-2.14829623
-33.10514660
48.45390528
23.47843666
27.47091059
24.92519536
-30.04588657
-19.25126450
-6.88972944
9.58489664
16.16606067
-0.84094055
39.18841464
-2.72260977
-18.49293284
7.15508183
20.31369689
7.71235114
0.00000000
73.07229703
-10.18558645
9.93439172
0.23879714
-0.39460331
5.24313484
1.90135393
18.25400587
-4.93190060
14.62099383
-13.75210506
-24.68636141
-23.07959884
-44.39765797
0.75799055
55.03919077
11.51889540
34.93818121
16.71912143
-0.27981311
3.08693388
-7.33863843
-14.56520724
-5.04617142
-22.47287862
-1.91037921
-5.72292309
3.02356659
-22.68406919
-44.33552342
-21.23173395
-33.38258879
-10.18006653
