-16.30957257
-31.42148616
-26.72587816
0.30282205
-4.14485127
10.41497498
11.96520997
1.50736245
71.72555258
52.37851325
15.25808151
-1.31906006
13.50057949
-0.86707401
12.59653534
9.58566605
9.94196169
18.57797978
-12.09710454
-22.00148133
7.88768344
-3.87281744
4.83192769
1.61677012
45.00476110
2.39297377
10.29597597
-19.80409622
1.47957543
82.77315443
-3.94016085
21.71702158
22.73111420
5.27016864
6.71136929
-14.24029259
16.91346896
-8.38492680
27.70288875
16.89093325
-0.45417930
0.00000000
-21.05714038
-7.81103574
7.37889464
-10.71037203
-6.62299582
23.90448215
-3.72019747
11.16817408
-4.25185801
-29.29115392
15.74657788
7.05955063
24.71358814
-19.71772277
4.25802662
-36.63816972
-48.25485555
-1.45215264
10.26308232
2.73011015
-23.35541809
13.05769398
16.68328355
39.50038737
43.82635776
-9.19315727
17.32583690
6.25892942
4.21230249
43.44655079
12.72493319
-9.78757358
5.05654111
-0.19634549
-26.38065128
-45.12994317
47.49589735
21.19065756
15.78071832
3.27886404
3.73760210
51.22447375
50.37646525
50.62363546
41.56376507
-3.86238029
26.70822530
25.54988653
7.84225497
44.92890436
23.16109221
-4.71854799
25.63634143
-82.25656447
1.89882752
10.55041726
1.30981181
25.71660824
8.91100735
-46.36081391
-53.03927803
3.60929581
38.10575434
5.83031873
25.25329587
54.47610692
45.25195423
30.49969215
60.24076593
3.07908022
34.60839522
23.86109793
26.57180029
21.34977518
0.00000000
0.44280698
10.08250992
15.94012707
-5.31440664
-9.84322072
17.29103137
27.87487245
15.72747218
7.57453063
-0.25906386
34.73543761
24.71185520
33.03799331
5.62141373
-2.82704995
-62.28427994
-16.98314550
-31.73056029
-35.61043225
-3.12924720
-5.00626391
16.51880058
6.87326876
40.78066838
21.00024765
-18.12773799
34.16538739
-6.88933137
14.60524745
47.98356766
20.98513918
17.56619541
50.48810091
