-92.36359264
-69.99340829
-134.16437950
-116.98093163
-43.63426367
-18.87835061
-7.45189317
-37.45841492
-80.49917089
-55.33202525
-314.11160239
-153.98404860
-145.32296330
-158.49309687
-48.18084222
-16.51798908
-41.42292517
-34.38845146
10.55409542
-183.06325938
-3.36401208
-109.71503638
-23.12783778
-40.15677671
-195.78025950
-87.09386321
-224.29803750
19.55374429
-61.68737093
-196.73522472
1.97059919
-12.97197145
-75.87787096
-172.44929603
-129.02498994
-58.58133285
-50.89134940
-178.01492158
-46.08295662
-63.59312419
-4.86164909
0.00000000
-92.16362433
-79.55372675
-50.97489441
-0.83639169
-96.82061273
-23.50059813
-86.17294997
-23.39498409
-51.57463889
-39.44697001
-56.66187723
-46.15641730
6.43020593
-225.45936772
-115.52933473
33.28085370
-102.39632752
-23.54952639
-25.19676586
-8.86875918
-149.20818147
31.08800308
-30.76315650
-113.31782113
-36.23009868
-13.85303630
-68.81822982
7.01713478
-29.55311270
-98.53963445
-116.75951410
-70.87381175
-51.95185615
10.96901601
-7.08640759
-134.91474692
-179.05837998
15.16497120
15.26817485
-25.72026169
-49.27412501
-111.40744601
-89.65709171
-73.85054575
-165.65585002
-54.07556148
-100.43725402
-88.84124940
-25.15266909
-120.24556213
-105.13281804
-49.91122832
-12.23179761
-131.70946667
-105.45449249
-7.93585829
-50.33174473
-245.33411136
-491.21008234
-249.62143338
-341.78123946
-272.93088649
-231.84670624
17.70409315
-29.95326615
-148.17303451
-163.15544085
-94.44942948
-312.03513195
20.51124597
-70.61939537
-63.26283618
-127.18196056
-193.84972948
0.00000000
-96.36205027
-114.32132295
-90.26919915
-253.10138422
-131.55620539
-73.68620248
-95.12249981
-97.71652054
2.37826114
-95.39366982
-100.93523785
-29.80768338
-52.85222515
-366.18416082
-303.41657744
-212.01835468
-174.62439686
-141.72436205
-167.11425509
-109.96963084
-36.12966141
-37.17104175
-32.43823126
-171.91314308
-70.92423671
-337.88453886
-145.13841706
-129.88530987
6.73718234
-108.19500218
-113.97511046
-177.07566614
-194.30412413
