-89.16544019
-37.50569753
-72.51974135
-144.22129810
-24.92638801
-45.85843418
-46.86245502
-26.89012747
-36.97541050
-70.41489797
-269.50371627
-123.87547308
-68.21094667
-146.91281019
-145.09676956
-53.42520277
-26.57196074
-3.03350533
-10.19228560
-117.35824343
-17.30784361
-62.29823339
-51.56909917
-62.41567648
-258.01457477
-262.49533795
-172.06921291
-92.59064665
-132.11027620
-108.00653907
-87.19399692
-3.89273992
-95.94074848
-87.58291106
-43.64628761
-207.67256765
-62.76491863
-153.47733403
-12.95545488
-47.16832570
-126.76936046
0.00000000
-115.79379256
10.98510991
-40.61815549
-96.29153045
-58.22035659
10.66078821
-86.25924773
-37.68286581
-84.53995098
-75.76587787
-51.88432946
-59.69680489
-66.95706410
-488.54929911
-130.16619879
-52.59723199
-82.49180040
-110.77028448
-32.62012138
-39.21690590
-100.76242469
-67.77472490
-20.02054478
-21.66433736
-39.87194994
-115.77009990
-129.63791348
-68.85505406
-93.95016431
-42.90680937
-132.55994913
-141.13138818
-89.01471088
16.56939407
143.26893217
14.78604619
178.68153923
-47.06498577
27.56462920
-17.41131732
21.07749487
-25.89571556
-23.42288112
211.45846687
111.81808548
208.18218282
164.31371574
105.94906040
25.90352146
43.23669825
6.34665865
33.96919734
138.36784282
2.71666767
7.12395713
48.16033137
-38.54842661
104.91566310
203.94430129
257.79801804
64.74419633
175.75388558
82.70757060
-19.35197113
-25.12356794
160.43174375
99.25432535
55.84437959
197.86748584
115.93262854
186.21892515
52.55489869
94.11726914
117.07571446
0.00000000
79.46248154
-77.39354923
87.11082176
163.99686045
57.09166799
-33.78499497
117.85717680
35.57324298
75.20754256
65.37147256
42.48270006
71.13450996
36.37923008
376.18884824
254.39878295
88.38064028
196.88649515
186.38787891
85.15120801
17.06239385
75.31741200
-73.65792836
-34.16077738
115.81715159
-32.19212458
233.81620132
150.54544984
146.61098985
-25.04067057
53.33217361
156.80226219
165.78321644
143.22129945
