0.61880811
77.78460768
48.79169571
77.30556151
12.44703741
20.40136241
39.78980154
51.86064953
30.01732063
20.07027572
248.19051987
52.86550679
41.21096922
81.97087817
47.23975572
21.27051389
44.75948956
45.29344259
21.78593993
165.85750785
7.45613162
119.98987670
15.08852881
28.03900655
-74.92484331
72.42439537
105.73020832
107.06010492
109.30737862
80.79956075
11.54024831
9.41832213
59.18864019
60.80830747
57.29450050
56.36754092
-17.06071783
14.12406658
44.95719772
63.58920667
41.06815223
0.00000000
60.07372486
31.59607009
89.42494954
86.21875638
64.04798615
28.78976853
27.13331971
35.62029898
20.14465698
50.41868011
14.74576702
32.20692712
9.32163421
60.58787663
45.16568725
127.69599248
150.58285250
52.53222162
23.71112429
14.42277328
17.94153979
13.55184057
9.33820629
63.74833018
26.47838994
53.33876712
62.30380322
35.21166070
7.39798576
44.11458857
-5.87618324
11.01638736
57.77457440
-15.52267619
80.70469520
54.50574498
95.97027570
1.13929188
-6.95305796
25.01670483
50.77675200
67.91500373
88.70561596
80.69991608
56.85436943
1.60859882
33.06303685
-14.66147166
10.08851478
49.77131017
49.07842540
99.18742897
137.98576640
98.27733927
96.49039514
-5.69159479
9.54773243
130.73191062
201.82229717
50.28341498
94.07650773
46.90928738
91.61628453
-28.05386584
13.49201380
48.58204465
92.18050531
30.08972347
163.30831693
34.36169276
93.88741812
24.94116862
25.02226457
105.21326557
0.00000000
148.81547427
87.96146241
95.39800288
60.92221527
61.39253310
21.33243694
23.53010655
46.93380162
14.31936021
68.74003703
36.29875327
1.44856309
16.76561619
109.22121332
85.11581333
258.96600326
160.74617050
189.41894200
136.12102423
63.01047461
-14.44007910
24.87731819
3.32903913
121.49922923
43.03582211
64.06997509
23.88290819
17.54728836
-27.36735145
42.47764713
129.31890253
77.84847778
88.49479087
