-50.87999424
37.73069592
-101.25938134
-64.81559083
-28.77797012
-26.78114237
-21.16851843
-31.25442830
-49.17107387
-48.26249481
-93.58822525
-68.11703366
-83.80860288
-96.19978010
-39.97131681
-60.28054397
-24.20271516
-25.82242587
44.20469549
-6.73544219
-5.62824910
-12.99710986
1.69295155
-34.69724530
-93.10379940
-56.27855085
-23.97272909
-73.01717572
-66.91534630
-27.93833220
-17.60511079
-13.94846302
-27.86735980
-36.05235915
1.33047113
-30.10532022
-9.48899999
-43.10625870
-67.74898680
-111.78315425
-21.57416916
0.00000000
-32.59314974
-9.03262930
-44.79462758
-62.92968291
-29.79173901
-39.51905029
-4.08156687
-29.04852459
12.91323399
4.51956738
-58.13923530
-32.53496476
-24.64474210
8.69828314
21.78255228
14.66736172
93.62902713
5.83109525
17.61330679
-15.54583139
-54.49877266
-9.98000752
-31.48678072
-20.65487106
-28.05893105
-33.64832446
-48.75982609
-17.53598338
-27.40665520
-15.88223742
-17.22001166
-37.20803142
-39.98364041
-36.49259348
21.35309874
-50.98702076
-105.92872481
-23.10493853
-17.11403951
-23.03528110
-35.87341780
-19.95241632
-15.53514906
-160.26682671
-80.20218593
-17.32461408
-45.77555409
-15.37995937
-35.04180555
-57.94556636
-61.50468333
72.65218536
-30.02089237
8.50472238
-29.96524706
-9.23112569
-31.06814137
-26.63673633
-99.90149222
20.53478569
-50.00462446
-68.55809679
18.73683180
-21.25111697
-31.03493044
-84.51024952
-65.68185494
-39.22705186
-96.60523279
11.83822069
-2.62703885
-30.75341425
-46.62431385
-60.68522128
0.00000000
23.41415880
-25.62578590
-13.34084601
-83.02617973
-19.94901962
-42.49089307
-14.28283184
-52.22201687
3.71783133
4.73746411
-14.45944304
-24.55270610
-10.33644005
-35.34811741
30.08629379
131.43504419
104.01264449
33.88722502
35.83142024
1.53521844
-60.29647383
10.92414026
-25.00883538
-9.32436511
-15.01887018
-41.53352549
-34.96513064
-29.60867977
-16.97089049
4.51292313
20.93778292
-22.19912347
-91.61398499
