43.09037121
-87.72261078
-21.24428420
45.56534924
36.62684469
20.21959492
12.72343802
8.19828245
-1.44021497
-14.79051335
153.46312662
46.81863919
37.17303599
49.11060373
30.05268273
18.87300364
17.68222875
23.04116005
-28.52580995
72.21432405
-107.02399267
31.68150311
3.33427978
23.90725875
20.87041415
40.47055774
-33.60044491
19.64062903
35.52466413
-11.53228679
19.59117649
15.22072212
32.79431218
43.39036768
16.91034338
-12.50476318
-23.63768264
39.53336817
15.31017406
38.93167210
8.76529266
0.00000000
66.19641795
13.62136566
23.96836693
26.96625741
-2.53434444
5.27369000
10.43954222
25.03334734
-2.82650775
1.94048603
22.43126077
31.81913676
10.86234002
103.77955938
-51.46255854
22.61740874
-30.12818199
-17.95995457
-76.29149874
-17.53836255
50.46809490
12.32375622
21.87710892
-4.15864695
1.95054406
8.50981102
27.23516394
8.29024696
16.61676569
-11.76369546
15.89303984
3.17337631
24.60061456
8.62104579
-17.87320055
-21.66181366
13.66717086
0.91942730
4.75331472
6.56948890
10.63410551
10.61742274
0.82998139
43.91743434
8.36553325
-23.67018959
-18.96228200
-7.93964772
-10.66462237
49.68298521
18.90371001
-41.62148029
18.62286520
2.84048432
23.83085810
-7.77214939
10.41867137
-23.41753149
35.02317879
-89.01579433
20.95169244
16.30903222
-52.64456340
-1.33610187
13.04846647
25.75287869
25.64246619
11.06280051
44.69261485
-24.90979561
-25.69122717
0.28722038
-22.08134467
22.05307552
0.00000000
10.01962186
43.87871547
20.31451166
17.27557162
-10.27975703
30.35909411
0.53580772
7.05446476
1.25374456
15.39594340
15.64542571
0.30601882
-4.39782026
-9.92719173
-72.41331413
-13.64426193
-81.24537692
-33.67496244
-12.87986041
3.92551781
20.19796818
25.29445818
13.13993786
-9.91728715
1.83946285
-0.55907301
-8.71746224
-1.08997188
7.44360732
-19.39539022
-27.73829855
-36.79419282
34.08353188
