-0.10511056
7.92724570
-92.24406717
26.33484863
21.55850861
10.74752550
-10.63631369
0.82304469
2.04237511
-7.47919184
-12.72039170
11.63618832
17.34159263
24.36653932
-1.29485988
-11.87372109
18.79974595
16.52546495
-2.89654375
-41.06889989
-10.33084674
-24.59278761
2.11456327
-4.43119683
-40.09207278
-4.80199934
-24.50033202
30.81165581
39.60244879
-48.69815011
20.28362519
4.83670393
32.77500577
49.08120659
15.07943114
0.84986122
-12.83188825
18.47939623
7.69175029
10.45771617
10.05230765
0.00000000
-49.68764283
1.01785527
-32.39943949
10.15448451
-19.54833732
13.72947764
16.82472457
9.06861942
-11.92051349
-24.01919152
-6.28463320
16.02023353
8.11596971
-79.79557345
-30.59511918
-22.50878372
-9.30808561
42.02285091
14.72320794
3.39971336
-7.52003246
-3.04332226
1.74049326
-36.02041011
-1.77982450
-7.60195828
24.93880239
3.19064303
23.46079511
-20.11606227
7.96890630
21.50913522
24.24423929
-20.54379029
10.78014761
-60.35194680
-24.06389132
19.02068542
1.80464400
-5.02068114
-4.46269560
1.74439406
-42.34874268
-61.04653406
-19.17111368
-19.98111375
-28.89207368
-31.25121330
-12.16804717
7.17664833
11.56396584
50.27539613
16.46870588
4.52556818
-24.97821174
2.12727163
-5.92401970
10.47322801
-0.74814930
-22.29162200
-35.58192249
-42.86342049
-29.20537768
8.90342212
0.05215816
-30.24177686
15.77976143
0.16847544
21.70898300
9.03291698
26.79848321
-8.35049377
8.01012526
-12.61122268
0.00000000
-24.56165438
22.02320927
-24.20895093
-28.44968810
-21.91217281
19.05830177
6.83749266
9.00669566
-11.10928298
12.94382125
-19.83150274
-11.91632640
5.09684824
0.35769890
-13.06857220
55.22990357
15.68999260
73.82681725
29.53343805
-11.43323260
-34.74977164
-22.26565364
3.45260537
-37.89559877
1.67983284
-20.41987861
-4.43505547
-23.80364150
4.84276411
2.46269030
17.42435446
37.31654233
23.47380919
