-34.80496423
-46.05038615
-13.69960797
-4.44056499
-41.85551073
14.13603058
13.20933095
16.18701094
52.18608938
27.43072554
47.71196535
14.75694579
22.51918616
-6.82197731
1.16266508
13.01904819
7.45179922
18.01531804
-38.11192239
-5.10426507
3.83102548
-31.40190344
-1.76323290
-14.98648956
29.96711864
22.44373466
9.68729616
-3.17414707
-0.13750534
77.87395615
-14.74257537
28.95854297
27.55241532
22.08369519
18.40260768
12.79991500
12.15790334
13.12258988
32.57863194
6.76755741
2.18137750
0.00000000
-68.94857423
8.55306319
-10.80668183
-1.72558470
13.99791141
27.09146168
4.90377013
10.10543502
-9.18994421
-62.13002609
5.80740260
-1.79327692
16.25604560
34.65547085
-18.94962449
-47.66941000
-58.34633434
-14.53918947
-2.43775755
-9.54111571
-19.44968532
1.96836365
15.68024999
39.01925526
24.86709702
2.19663176
9.30310056
-8.14859523
6.69944613
44.34116648
16.93418760
4.78405259
18.43414761
3.40450522
-14.62013537
-39.94166852
59.65684099
1.24349426
15.55449242
12.87610245
14.82095078
44.54486301
12.13886031
108.38676640
62.14951937
6.77723856
32.14213102
15.06231156
10.67987932
50.69401620
43.83382574
-8.90954146
59.05799905
-60.53497107
-5.24106646
14.48842331
2.35039095
41.79440543
44.56978765
-5.67851397
-24.58487136
25.00539824
48.69223523
5.45660459
31.95441886
74.41261296
71.92076726
49.99666482
87.24647037
11.30564303
58.93021477
15.81082743
31.53367847
39.40086304
0.00000000
-27.93721142
26.62050204
10.30420248
25.76758567
9.40991398
27.13348173
43.81833189
24.27311949
15.92962969
-18.63460346
16.19094205
21.78406046
23.80050417
63.51031156
12.18574010
-61.34091511
-2.26211878
-35.47111258
-29.84418830
-6.43776541
-7.80726436
16.91315628
9.07909070
76.30711854
14.69550118
22.14347509
39.80531585
0.94717769
14.63171869
55.27678724
33.92198902
43.06143893
69.95926758
