15.02713058
-91.87720054
-79.99516363
-24.87647680
15.32268320
-10.09127297
-29.72018910
-3.59485499
-11.52952715
-11.01685259
-4.00637629
-28.12185988
-27.61044669
-19.57998805
-3.62953016
-20.03372170
-14.81109095
-15.57301902
-79.38324476
-24.19868174
-41.76696939
-60.19230855
-11.38903989
2.01622900
27.46308187
-13.44337543
-70.70989788
0.09002344
-40.90598053
-38.75008453
15.42556489
-21.90937360
10.73317117
-6.57646240
16.31851780
-1.64743961
-18.42446586
9.60687341
-59.68193995
-46.83814045
-6.44673996
0.00000000
-58.44927836
22.73171484
-43.21623743
-23.60265017
-4.90306983
-17.98975755
6.12780354
-26.43497856
6.64994160
-84.93513527
-26.89620341
6.31674360
-16.57097471
103.76626905
-21.57587012
-83.63553102
-95.10634588
-32.55718361
-29.69091130
-18.70475679
-0.76525373
-0.35182577
-14.39452239
-30.03279998
-25.10279496
-24.30661106
-36.32279730
-32.59164113
10.83677310
6.30016995
-7.98363197
7.97228778
-16.32517594
-8.12740508
-63.37328701
-19.14023619
-61.93218185
21.91000896
-11.02283204
-18.26435473
-5.46695132
-0.82175319
-34.41773006
-22.01448002
-68.08816343
-22.05003525
-37.82220830
-5.53181803
-16.42901185
-7.42355890
-6.54470084
-16.62107952
-16.92807583
-1.77840782
-44.08339061
-15.64227683
0.78715678
59.48708802
-43.28316071
-42.38519840
23.31507206
-35.32412901
-17.03782945
3.34875662
-19.71467773
-42.20370882
-16.44593620
-10.01530907
-43.45610437
-12.41338106
3.16243130
-36.70660800
-27.56278126
-20.49540739
0.00000000
-86.71377916
11.88191556
-46.64373654
-18.58976813
-10.02979279
1.63967516
-24.84234734
-21.67765535
-8.19113703
-27.24639981
-27.15715018
0.03018403
-5.54157210
26.60944368
-34.84722448
-71.76117047
-54.45027368
-6.69631412
-18.67217984
-16.15425050
2.67594710
-14.59790343
-5.06291842
-33.02155390
-11.55512471
-17.79848288
-48.95461559
-33.13300495
-8.68268169
4.07468826
-11.84952803
19.03213285
-21.57303763
