23.22622736
-0.51723610
110.64505777
29.37960951
16.78438545
13.83662304
29.15458302
20.12291753
24.62100220
8.63754160
-51.65170512
35.68639485
28.15366311
16.65038489
25.75956770
26.15591265
21.40305192
14.24217468
-2.47528010
-35.80873750
-9.19901405
-30.19942676
4.51706704
32.64027034
56.21198382
75.73028411
70.62443270
-5.23634838
11.25845764
82.28339002
18.09010721
8.83461312
50.11970835
20.93365858
30.81693605
17.43655107
16.08517760
26.51515633
18.77888128
22.12869498
15.00307575
0.00000000
-38.25880167
11.16012016
-31.14378581
11.30236334
51.46062919
20.11255819
22.55145286
21.93123902
6.70209575
-6.14900791
28.76304878
24.45313380
27.56617626
93.25213682
44.07864997
-38.71285296
-17.70646268
13.47228353
19.92146534
-10.15895561
22.19889035
30.05419365
20.04170939
1.81957450
24.58797528
40.76925036
36.40911911
15.81401420
24.23589193
25.22161621
20.57854548
4.32859532
31.19828158
32.73898054
28.98836056
88.00741891
23.52862843
15.89097554
9.09636521
20.31990344
22.11739003
27.50273260
18.23851498
2.97079193
34.02901076
40.02191085
39.93204201
37.55262961
23.41343377
58.35392286
24.81734287
11.00443265
-15.92807365
1.34012148
-16.30299033
7.45274490
34.73141450
67.15398382
72.61729257
58.03817977
5.51758074
1.83207067
62.28277893
20.15541409
14.08963952
76.22513083
36.60173364
18.01118837
67.56260038
34.59273478
63.42470528
31.57358273
17.51203921
59.24190935
0.00000000
5.40413192
24.22836851
10.91715530
20.05542904
38.48341788
22.83001286
40.27369668
25.13335281
4.84719513
8.97863725
30.86141800
29.26617879
17.28644204
100.93800861
52.25155152
-4.86436056
6.85758056
23.87934233
28.42298645
-6.08367783
48.61370005
29.95628064
26.22159635
17.57176657
10.61723488
45.62561601
29.36341441
17.45469084
24.94416588
29.84174775
75.19557623
71.26975037
79.91010024
