17.57305461
21.03222982
74.00882326
18.12076067
-1.60912869
9.60118459
15.89164852
14.02919579
35.94561323
34.08382039
-36.92039975
49.66510237
63.67163747
72.60562778
25.40581798
30.19739990
3.77271843
1.58438769
29.76867056
-17.64178276
20.34025068
34.63942978
20.98496418
40.93940469
57.51704050
-2.79937171
0.75857024
28.10114468
30.76529192
21.72944903
14.05771047
22.09186381
11.37757301
19.25104816
26.06842393
19.45073556
32.17061527
46.41347499
79.66513599
64.55664331
-1.31709180
0.00000000
21.96472763
30.62753076
13.71618704
27.59099827
-16.81436559
26.50796201
2.95624726
10.14336216
21.57908646
62.40378714
39.90718381
15.64240040
15.05078140
-83.80178186
9.29111216
24.15344947
7.79866278
-24.49050503
11.63288370
16.99968074
57.72346815
42.27727487
21.01241961
3.62318298
25.55721060
15.38776848
28.97036071
12.00105249
16.85605212
18.70881120
17.97035475
18.89762262
9.96795588
7.49523942
0.11701483
16.84924416
32.90310566
8.75247377
2.40952569
8.31233798
-12.06284576
2.64665864
11.89990740
-14.04681130
71.26175345
35.36638858
73.43977904
-1.59520554
14.99814707
-10.68233077
0.84239400
0.57678449
36.35920268
14.35055583
15.15252414
21.09505930
29.82635198
-2.42999423
-11.42055209
-42.69372962
4.54813435
18.75044075
-24.93893389
18.07540660
37.06470006
39.15565309
27.06527983
26.01002291
3.61406178
19.56135490
14.82103130
41.76264348
54.38255385
5.18151308
0.00000000
47.93822786
56.71810866
10.48430528
3.30173201
-18.61432936
18.49060849
19.61829263
21.61751092
19.02762166
13.95334934
9.01620239
6.54750380
-1.37967917
-1.70432928
-39.38561812
32.94900262
13.05731128
-53.86694892
-0.85634457
3.19744895
-0.54669052
49.19314374
19.90618760
-15.43209811
-0.88717863
-8.54553807
16.32674812
-2.90282260
20.13876665
-10.49878104
13.85176166
-0.00413368
17.37335349
