31.95357482
21.63047882
83.92903530
24.37385962
3.72134833
14.59991871
12.75652954
35.63092994
77.87465654
60.55788790
37.95389773
34.77682763
30.90720480
34.55466546
13.96629750
29.38235565
19.99746855
12.38721904
12.46769186
17.21321402
18.44200485
6.13653892
12.38001303
38.22046811
132.97214757
20.99711518
31.55601014
39.64865032
21.28655382
107.68253558
25.21199031
10.05221071
47.78053260
20.51798716
20.12485597
29.53599577
19.22117554
41.91088037
26.80773594
32.99474084
14.01873020
0.00000000
-16.45309405
14.37304498
13.71460640
41.29993564
49.96567125
16.91986824
20.77616290
12.28140195
13.87733077
28.60106786
22.83280588
5.37990273
18.45077832
51.72851294
25.27199736
14.89419665
18.66799679
29.21777920
24.16183041
17.03934133
42.74366117
32.91503071
25.33942220
60.80668126
49.70884087
24.84322536
15.49487866
-11.66803226
44.31753215
65.78415301
34.14303768
48.24302616
40.44059197
45.86146802
38.50052987
64.32124752
59.92072859
27.96985711
12.66555372
12.10935858
21.63615154
63.52849530
29.82794952
76.14295558
48.41435990
53.80774812
55.09948634
36.75844819
25.51345950
13.94976391
16.24018088
40.17342790
42.07306553
20.68206263
18.59112161
23.41366695
44.84915946
109.19953664
18.71082998
19.33200815
54.96120802
49.12145666
75.64051247
33.28455530
8.72374243
66.59125665
53.46983314
18.17089253
59.11360806
27.30733449
64.79467146
44.53063411
43.58252442
41.11930184
0.00000000
15.53679737
6.14056414
21.55526404
65.54640792
35.79142782
21.32837198
35.82884793
28.84390408
-0.53836463
37.74458955
18.04301193
22.67551120
17.47097476
58.02896918
19.12452144
13.54752969
36.69882063
54.36078579
37.31840551
9.59460971
58.79655043
19.33279574
29.38481021
45.43340859
28.28635570
40.61681937
24.93748549
13.00604554
36.50319916
48.86345299
52.90587081
96.89451866
77.77214125
