9.67705712
91.07780079
-27.03177233
72.71588469
-7.71069729
2.83361113
6.02870664
-21.36552327
-41.94885865
16.06882752
33.58791829
44.92392394
61.44001350
13.55221247
21.46999676
-10.38081923
17.92091544
26.34585926
82.34896076
56.01688222
59.28179374
58.66285112
23.36464200
20.93044399
-95.29149514
106.68781203
86.15903047
66.92313371
49.54764486
-13.29257987
-7.39615706
12.41768907
73.46230495
73.34541091
46.00842724
66.66881023
-0.79424508
23.41424780
21.99876317
21.59574028
34.82377019
0.00000000
90.34085566
8.37722959
40.92254717
21.64345774
-0.94318090
9.08917930
29.87670747
14.09896423
1.57039790
36.72974814
16.10344039
13.57314476
-0.63922498
28.36246626
75.50293765
105.05555422
109.71408588
36.26433259
58.04206635
53.03890215
40.10902280
-0.23105173
20.16173330
14.56367192
-15.13131857
48.16563184
56.77470999
10.24052376
-10.28844963
-44.87162925
21.60217151
-23.96739024
68.49425092
-26.75275271
34.14629047
-27.70948127
17.43967800
-28.94589753
-4.01177752
2.33105625
-2.74964418
-32.40549016
21.05810255
18.44302200
15.45434903
-6.18489537
-19.46587085
-22.08665482
-20.06962671
68.94487328
20.58445724
89.81653459
99.88999481
54.24538745
44.65236765
2.21864299
-1.38881413
26.24673347
73.91776267
121.94824836
19.50556270
-34.64940824
26.83700637
-6.14464151
11.08785072
17.23898242
32.66881914
40.21432096
60.49695913
30.16452348
32.32393782
23.85837414
7.43983920
46.65787844
0.00000000
80.91238355
55.23416763
35.15382564
6.85995268
-13.28406614
33.84859386
31.79234000
36.09597495
-4.41550033
46.91248814
15.50188141
-17.19273154
-28.06184713
111.20420043
139.57890124
151.04941082
143.34695444
-6.73840520
68.24217847
34.71494182
-19.61779575
-10.14859446
9.32248894
55.17847333
10.14630685
39.34104973
17.83291995
-15.90854904
-13.37105696
-18.47952358
51.36205997
25.00431946
65.86951207
