-31.64944272
-12.04759762
-16.62990177
-118.75181240
-42.00117064
4.54118414
0.25750816
7.59673894
-11.16260033
-13.19143043
32.38648749
-92.56316083
-87.99396662
-59.99320443
-19.13579028
-13.94589632
-44.14651535
-36.97993546
-33.40393295
-2.34895381
-31.80774758
54.09803853
-35.40059817
-12.71922678
-60.95865774
-80.75887881
31.08593516
-108.45658792
-95.25566110
-17.51994728
39.64389730
-0.57854369
-103.00014230
-174.46613792
-120.12528453
-99.24819400
-15.87901304
-139.88647291
-38.89840608
-58.04517420
-6.37580041
0.00000000
22.01145794
-49.67929600
34.40300518
-56.52307739
9.84564509
-14.45014593
-70.20232466
-23.56216220
-10.35515630
58.58967333
-55.75612666
-49.65383244
-29.08480459
63.50488582
17.18954292
38.18614323
4.07731690
-41.61760477
-55.56245600
2.30812785
-67.45102603
23.97646963
-17.31859028
2.36091674
-2.63425469
-23.82547040
-47.84184724
-25.10010241
23.30690467
-14.85652851
-49.51928767
-60.10981560
-96.29540145
16.58139127
-79.23075719
-43.23381539
-120.04274923
18.76970319
-1.05983232
-1.22807366
-16.60366939
-16.02285918
-65.96083767
-41.38246370
-58.33069682
-33.90587730
-42.95804767
-48.16743635
-9.82063599
-78.07618990
0.30172583
-123.17256540
-65.77081973
-40.61850985
22.81965401
-38.23449059
16.76995135
-189.69610743
-143.22395153
-175.77982322
-88.32413360
-87.71888298
-66.20636284
8.51635983
1.66788405
-148.43322940
-106.40956884
-71.97543738
-179.09332510
-95.28097231
-148.05349177
-7.84144453
-52.20433807
-127.49818313
0.00000000
-74.18849991
-67.41618937
-43.34510037
-118.18343729
-21.25958840
13.34942222
-105.06244033
-25.29344394
-39.30539081
-50.01564000
-10.20196307
-23.08186408
-6.13972305
-316.22765063
-172.45515330
-139.72379202
-156.56870147
-205.84229170
-124.54676491
-21.11754935
6.16538468
17.48419121
16.30447414
-55.24107968
-19.80457655
-137.16142601
-67.26290188
-69.63763441
13.83575329
-32.30445602
-152.78078632
-224.15166563
-187.79759300
