-16.14862075
-2.26801503
20.86149182
-26.47397732
-5.03163901
-10.19492516
-2.15582871
-6.98398609
-4.13495746
20.76774405
15.84338242
-39.12349114
-49.33910168
-70.04889638
-44.40474028
-23.15234915
-7.34850712
-6.33449754
41.83822793
24.80744590
14.31123091
21.17271341
-6.55638412
-23.25073400
-71.67038385
-71.30094368
34.80779953
0.03676519
-9.42455563
10.34537808
-12.69967206
-12.89194851
-18.68720259
-11.90292946
-8.79514733
-36.41191954
-9.36394357
-44.01679644
-44.67255234
-56.50458373
-25.73697707
0.00000000
5.01762203
-5.33432927
27.43838519
-17.75219384
28.25453969
-14.57372476
-10.80418367
-11.49402701
-17.54978229
17.62158087
-22.03239318
-16.38780743
-17.03874448
-127.20061334
-11.79472010
2.47083712
43.55238645
22.67366026
-2.10531277
20.49914916
-55.91113070
-25.85834689
-0.12147161
27.81373569
-5.66477985
9.57166282
-30.48639014
5.65742438
-16.44021389
5.54755139
-27.55189986
-35.35512155
0.04934872
-0.04221327
85.72643015
15.56823018
56.00399629
1.14081115
7.63820426
11.69412302
15.97613700
8.40148774
30.01517119
99.98114949
28.15105138
24.23024928
6.44306561
28.43821982
5.63600713
43.42138775
19.90980962
62.53199290
55.85342640
29.30640752
32.46842775
28.33773290
-11.92316225
25.48597970
108.37255861
117.01184697
86.83759492
66.53209010
62.10552382
4.36106990
-8.25613344
57.14089793
51.92881137
17.34768975
113.00532028
32.07156274
52.58806260
-3.76646745
8.59059099
57.54360168
0.00000000
45.02081549
-28.39718199
47.24715056
71.16148647
34.09793471
-6.79944507
43.56726712
20.46662223
19.73260742
33.27112474
15.76242085
20.50954683
18.62860047
103.11694721
99.87630299
48.78856932
110.60576381
145.75591301
54.60356408
31.53687481
2.80973217
-27.28613584
-4.58177873
74.59630973
15.72074058
98.24091215
44.75853085
60.04729992
7.66858921
32.72365641
41.88262213
72.63437561
83.24071610
