3.21885257
169.14845801
201.15475713
137.58578497
-7.04930267
-2.15785511
55.83436985
59.85571801
16.98156088
9.13148433
287.35142857
81.64706927
47.04592633
84.66778092
44.16772074
27.78560307
51.50257123
34.06534740
0.79595376
162.07781068
4.02581797
142.36506429
29.75782982
5.15298969
-60.64045975
101.05497001
223.48693105
145.01883365
143.83615585
126.09264597
-14.99382342
9.99571614
91.47785400
111.12925309
96.25381786
44.00164905
32.59931077
61.70248796
27.57645336
40.97385564
64.70140530
0.00000000
105.82723607
72.25075585
84.96679298
107.85467849
91.76579513
5.70805128
45.79415766
37.09883110
69.45213928
99.84583184
25.51741777
15.49256104
9.05486953
43.88216878
84.94888421
30.71418684
155.73471368
55.71356779
14.46396043
8.95106388
28.32023290
-15.86628719
-6.69756262
65.23357264
5.87200498
116.77330624
64.61843522
70.06258311
-22.33979524
44.10795402
43.18980944
2.86129958
65.08969397
-56.02600240
113.76783361
151.70216365
119.77320207
-35.09912602
-24.17202993
41.18994992
55.35267875
67.09849454
112.90854248
47.96126811
74.17436333
-43.50117596
31.64464106
0.94317824
10.06803353
58.92531879
32.61381442
113.58856382
64.54025926
149.60194234
109.45568924
-11.49208451
-2.69853719
148.81782602
386.60171536
224.15997213
284.87686519
148.82684818
176.93645444
-38.57185868
8.26554792
77.58290364
95.07814689
35.14546544
223.20989893
41.82051234
73.43460463
-2.89209202
19.63206152
152.95521938
0.00000000
219.27600564
138.91630564
104.01550418
143.61398711
113.96351678
4.02813172
38.07851185
39.45693459
26.70806045
67.81112872
50.58746014
-3.98217644
14.64188223
160.25287733
201.12077249
328.78655368
236.07309492
208.93563891
200.41576526
91.74141940
-33.25992565
47.53372176
-12.18628357
136.54432402
45.01708233
200.79297675
46.82982215
71.27889079
-45.34717578
47.53362163
139.34437194
92.23462119
99.19113930
