62.38354680
-54.07938881
-13.34909213
21.65655282
15.07298927
6.54006610
-18.96755250
-27.88690436
29.52515264
7.14555137
55.65436606
74.09542731
81.75976208
84.73116864
51.82164874
-8.22561993
16.27508013
9.29148232
-47.17646214
47.86401769
-21.77744098
4.93801969
8.53579081
27.38094619
256.24509053
58.22357875
62.06575433
-86.02486170
-18.24294803
78.17589615
3.12412656
3.35132964
1.00043578
53.88556724
49.86294431
23.45401749
14.52036698
97.86127818
16.71949870
33.79777992
-18.91478320
0.00000000
15.35158333
8.71888143
-33.45930653
-51.69814900
-15.08311766
-3.36551692
29.24937755
4.95396651
14.64760852
-2.71683938
41.01152054
32.73048925
13.77660017
213.31476111
53.50833086
-60.73942538
-49.04606690
-52.93794783
-26.99897140
-11.18297379
102.60489353
-12.36583464
15.88925683
19.59110670
14.96935355
-25.57249546
33.11681161
-28.41974266
15.69275862
48.91216938
57.22975951
55.00204382
-22.28187100
-10.28172744
-27.51735023
-28.89603766
-30.52056862
-16.80921669
-20.16551899
-23.95452808
-27.39660715
26.00062412
2.12034009
-125.21481796
2.40994719
-13.03938436
-0.94889081
-15.09997483
-28.15257611
-6.48879480
-6.94983248
8.52539923
-24.12026363
37.12756452
-9.43737914
0.88677107
5.30210872
125.45113716
39.33570024
-24.02383965
48.73514256
-4.41611486
23.76461282
-14.27180211
5.19198944
-7.64755264
28.15807040
3.67336336
20.77592440
-6.68769172
18.94704933
-19.44399958
5.94336898
-4.68867096
0.00000000
22.67116763
7.42654596
2.71727263
-15.05021502
-13.88045091
-5.70623675
12.11420958
-3.61436262
-8.12597695
15.75565707
-8.26723859
-27.92469058
-11.36401025
33.68815700
17.39480898
37.49731435
-12.45257866
-29.01551883
13.96350232
19.65845689
-8.87514358
36.04950375
-7.28904733
14.12910500
6.03447026
34.74233255
-23.23910894
-32.82073394
-2.37166369
11.67895443
27.94078502
2.41351824
10.85815757
